     1846456627,
     -531518181,
     -1753573086,
     -1559635364,
     1567629564,
     1351870639,
     -1689553056,
     -452498463,
     927990352,
     352493631,
     -816489132,
     771636631,
     111761040,
     -136004442,
     1354074216,
     -2137409941,
     868492107,
     -1673999324,
     -438629629,
     -1030126899,
     -762676747,
     -531999529,
     -953775622,
     1400832116,
     -667532065,
     -822590889,
     1289538359,
     1446280189,
     -1186069526,
     727596460,
     1065831551,
     1167544700,
     -1248989512,
     2112629269,
     -1319024774,
     1659538515,
     437230891,
     -1166701839,
     -1351745382,
     1239488844,
     434571676,
     -1757924465,
     1039655411,
     -1392324986,
     -552815324,
     -55156208,
     1130668671,
     1262155986,
     -1111297874,
     1613383864,
     1729163122,
     -1539337484,
     655250896,
     895582105,
     1483208995,
     -777720303,
     1805235416,
     -1249547591,
     1175689009,
     -1820724675,
     -78285511,
     -1840043188,
     1286058274,
     754674369,
     -1494669385,
     -362782238,
     -721289377,
     -1083830505,
     2090258290,
     -1270430571,
     2092848392,
     132691427,
     243544277,
     -638574329,
     2031666525,
     -598624895,
     -1228380260,
     1344586184,
     1194322469,
     -16919075,
     -1464154606,
     -1309676102,
     484456815,
     -528832353,
     973625102,
     -252331408,
     377507904,
     958335529,
     139731011,
     1604158162,
     -6948384,
     -1937366461,
     -256775482,
     -1732163690,
     275308904,
     -220988389,
     -686910354,
     -673737747,
     -1454294895,
     1444772179,
     1701908748,
     1502517460,
     133954543,
     -1346969476,
     1413609314,
     1608073585,
     -1911097875,
     -1722128736,
     1035487151,
     151741108,
     2146128347,
     254700078,
     1938291588,
     16935853,
     1835830745,
     2050122485,
     1350487456,
     -1742662487,
     -1400155566,
     1114636570,
     1935137835,
     -1284580648,
     1550980340,
     -367511505,
     -750372339,
     -1511698382,
     -1075629260,
     1021169924,
     -658041117,
     1931949641,
     -135758207,
     -1239391413,
     -601950967,
     -599224457,
     1313939036,
     -254413851,
     1933927989,
     889902239,
     -1333471327,
     499627794,
     209582525,
     -879761221,
     100181556,
     528848050,
     -100426239,
     362284328,
     1461676001,
     -1692983808,
     498820716,
     472813763,
     -1464997636,
     19257347,
     -1403230451,
     494134437,
     866198276,
     -1281755579,
     419075327,
     -1987669271,
     475113824,
     -2063320474,
     633077174,
     1111796584,
     -188939789,
     -188826195,
     1084410106,
     1674883988,
     -737426941,
     1042254610,
     213155394,
     789864906,
     -1568570733,
     1169977174,
     -212422683,
     1547440840,
     -1740102021,
     -2031219495,
     -1385681393,
     719928236,
     1813631578,
     677200205,
     1367888298,
     -1844846204,
     -1277113579,
     1951554237,
     477005429,
     -326116105,
     1072604558,
     -408209826,
     -207033715,
     1869081178,
     -1412653623,
     -4004383,
     -126014920,
     202568960,
     63605755,
     -985123927,
     -590235121,
     -138989579,
     1363369323,
     1655786726,
     -857901958,
     -1236012444,
     2022329025,
     653016071,
     -1418945012,
     -1178213123,
     -1048395077,
     1193287151,
     353180721,
     1780791397,
     326417521,
     961686290,
     1171086764,
     1168808658,
     -1044249184,
     272288964,
     -1530078044,
     1787195538,
     1223503494,
     19056719,
     124463533,
     -1078131278,
     -585999948,
     -670063055,
     1244308620,
     2015930006,
     536683464,
     1877107380,
     -2032255655,
     141582078,
     -1496111052,
     27288709,
     -1831640080,
     239885317,
     -276272189,
     -1847535951,
     -2026556986,
     1968619507,
     1828211039,
     2102117935,
     466534981,
     -1149963704,
     -641443484,
     1279525751,
     159935631,
     -465178340,
     920147722,
     663372288,
     -292089965,
     1709756559,
     -394199762,
     360200909,
     93112282,
     1809179893,
     1105931812,
     2012190429,
     1863607289,
     -216120038,
     1478876404,
     -1086909923,
     -695451595,
     -72823659,
     -1678508763,
     1856167063,
     -1304352854,
     1535440958,
     -633786526,
     -325960249,
     641908560,
     1186269102,
     -818924830,
     1013885022,
     -111888490,
     -1185851038,
     -588117018,
     -1639610437,
     -1413920064,
     -1466889523,
     1494177950,
     637313503,
     1045128385,
     1203054504,
     -1029870565,
     -172626295,
     95645765,
     188540582,
     1242625054,
     395505891,
     660505819,
     1690026741,
     1553514862,
     1490178107,
     1092262484,
     1367810501,
     977349785,
     -442092392,
     506312481,
     -1426008072,
     1553686050,
     -134349526,
     784578184,
     -943073801,
     1794140856,
     1863343028,
     166609153,
     -729191728,
     422009291,
     -991086913,
     846234537,
     1889224911,
     -841034067,
     141125374,
     1395406659,
     -1295910451,
     1635550377,
     -979258093,
     -409606540,
     -1606684481,
     -1142636945,
     2027839879,
     1390345401,
     875574764,
     -584068085,
     1554846098,
     648622567,
     -78524691,
     1762804081,
     2103650707,
     -1661330509,
     1732159956,
     591817036,
     -1021748144,
     -1141278381,
     -1028485806,
     -351981726,
     -1442675712,
     66446489,
     -2009489404,
     724265849,
     1010857484,
     -2013636904,
     555298755,
     -406343465,
     952591290,
     2142574049,
     2024014746,
     2032634535,
     -728476228,
     -203630570,
     1513317678,
     -2100877736,
     -426539686,
     -885869298,
     -1783611784,
     1029153850,
     1005221164,
     -1307263844,
     137849870,
     1682099553,
     847680125,
     -2011684973,
     446685996,
     1972610746,
     -1099170513,
     1074723770,
     -839799350,
     802095900,
     479043484,
     -1704493887,
     -115415212,
     90286249,
     -1380902242,
     1534831614,
     -1482679606,
     886858070,
     -1170261378,
     -840045825,
     -1941838593,
     -1846422144,
     -1700630643,
     -682110322,
     -413687610,
     -345162862,
     992886564,
     1949356397,
     461202682,
     -970648904,
     1735716393,
     503003532,
     -1339921079,
     -973891292,
     -1234318878,
     -1726774282,
     -927446831,
     -80935822,
     915933276,
     -1242357278,
     -851298630,
     -1393791830,
     -503551979,
     -1288414634,
     -1882249799,
     -866387138,
     588567826,
     -935342573,
     -918849538,
     137669681,
     -100148357,
     -2079092053,
     -1400513082,
     633998405,
     -1658370723,
     36024333,
     -1318720010,
     -1580274835,
     933385743,
     -1007435594,
     -2123827490,
     23970785,
     -1228422670,
     817375546,
     1137103798,
     1743053002,
     -1630207989,
     -273146182,
     205841705,
     -259136757,
     -597592339,
     2135144163,
     319623434,
     -1814843191,
     49718737,
     -1140663899,
     -1833735634,
     1964465935,
     654821818,
     -1326929759,
     -726611186,
     -1400045111,
     1681562757,
     -1404549972,
     1319939104,
     447320823,
     1914298369,
     158656823,
     -782354299,
     -571494724,
     628692138,
     -327125010,
     1522888357,
     -56045949,
     -1047902519,
     1646798183,
     1172645645,
     -2084187862,
     1064037973,
     833522984,
     587197514,
     1801742453,
     1452393455,
     -560574210,
     386426045,
     1476243825,
     -1811618790,
     826013766,
     1609412151,
     -66170404,
     1337197692,
     -421681980,
     -813160716,
     -1025941704,
     1146145792,
     -344282374,
     1950564397,
     -1484709594,
     939298910,
     -1991293387,
     -2137446782,
     1578921180,
     639377813,
     1819760109,
     -1192300723,
     1064052771,
     -1150789823,
     473303928,
     -2004711712,
     1106392325,
     171530884,
     -251820379,
     1242745223,
     -2015053123,
     1407715648,
     1121756443,
     -1720907131,
     -744685840,
     739872125,
     -1458677229,
     -1849457224,
     938043306,
     1908073130,
     -216066317,
     796754252,
     2083056814,
     569807052,
     356905978,
     1840363070,
     -1024745616,
     449994049,
     -573831701,
     -1967797054,
     -456659922,
     2007789195,
     -482620882,
     -800096111,
     -606678505,
     -1168232172,
     1797417615,
     -522150653,
     440569105,
     1501729422,
     1372187306,
     1357632925,
     179056431,
     -457990826,
     811403933,
     1272747375,
     -1380245421,
     -1479240616,
     -317816545,
     1391024304,
     -294123578,
     1276609720,
     537679190,
     723803152,
     527855204,
     -1510091087,
     -405911088,
     -1047176411,
     760900581,
     -1942310502,
     -796277366,
     222410299,
     -505497414,
     1762938959,
     -1107454342,
     573696877,
     -880260289,
     -904571443,
     -709445615,
     1083689995,
     1281775873,
     -580004197,
     -1927504096,
     707587195,
     1868015329,
     444749126,
     -107787418,
     -658097075,
     1915187114,
     -722009356,
     375190735,
     597800963,
     -1915488076,
     -622973756,
     -1636873246,
     -1880397343,
     1545315917,
     -560465664,
     1398064786,
     1869762381,
     1236042814,
     1436430426,
     1418576642,
     -1959815896,
     903717271,
     16114942,
     -560457343,
     -636697654,
     600171090,
     -947500665,
     1559589068,
     -1254488513,
     1143914322,
     643426469,
     1635798117,
     -1289606680,
     -903548096,
     -1989687497,
     -2058424837,
     -1070606947,
     1980284977,
     -1727590072,
     -955391280,
     -521763731,
     1826390833,
     1801699393,
     -671927077,
     682352774,
     882686754,
     654537011,
     1990884606,
     -1502424788,
     20621,
     1213484583,
     -462123643,
     -1880265873,
     -1977088429,
     -1689033719,
     -1107462133,
     2080563692,
     -1693739538,
     -1611641643,
     651167407,
     -815488538,
     221251220,
     339322639,
     532139849,
     -2065913285,
     -1939056768,
     322373215,
     -723713835,
     1734643591,
     -1458723162,
     514574043,
     1135856533,
     1913680741,
     -385314405,
     190277019,
     -1644912280,
     60135889,
     -1445940204,
     -2070089624,
     740001036,
     -1281955017,
     -1715227234,
     -1957327888,
     -492866650,
     -328651749,
     1136761301,
     1940167417,
     2023292618,
     210482538,
     1564370345,
     267551875,
     -1130606401,
     -306332860,
     -1092769657,
     -1545355517,
     330682780,
     -41712690,
     1073973906,
     39600016,
     1208007393,
     1681289220,
     -894107340,
     -1507590715,
     1146465548,
     -418535361,
     1380417696,
     -2057607770,
     219373397,
     -1971243622,
     -915678588,
     600126221,
     -1756464329,
     1681681725,
     1389714043,
     -1155463477,
     1816249680,
     -1126299835,
     -1910181926,
     -68035771,
     855106687,
     1401049036,
     -1964839694,
     -1089905288,
     238303747,
     -16720820,
     -1837599765,
     -1531076016,
     -206170034,
     -788058019,
     1189861750,
     1749569544,
     1241180648,
     695282846,
     -532317568,
     -541005683,
     676974199,
     -2114506296,
     -935995624,
     1870097858,
     1229697543,
     -1551894757,
     -257007135,
     2133020875,
     1780021531,
     -1750273515,
     -127138177,
     -1594842338,
     679350798,
     1672658645,
     2133952388,
     1177318510,
     -1370180840,
     1912286488,
     -505105422,
     -186682398,
     -510546558,
     795408106,
     1744519250,
     -1994372413,
     1041796528,
     -478048055,
     -976743759,
     665412078,
     228374638,
     171379770,
     1608964254,
     -904490399,
     1399466822,
     1560977567,
     -375708544,
     875049656,
     -1789387127,
     1545078134,
     -1447121666,
     2093779229,
     -607436634,
     -1097893228,
     1183793178,
     -298123868,
     -1597503236,
     1526715193,
     173747044,
     -1560443471,
     1677247572,
     -1172552373,
     -2001376071,
     1940292290,
     -345652361,
     1425889389,
     -458130811,
     1785475342,
     1997008908,
     -282732425,
     -1830516434,
     1092176063,
     219769179,
     -646083297,
     -2135846151,
     778404858,
     2057054241,
     1887192270,
     -1742227275,
     1881715872,
     883811021,
     -351905758,
     -1426772785,
     438259825,
     -2103464428,
     -617693001,
     -340222357,
     -1439565333,
     798195951,
     -415408098,
     -1023095430,
     1282727974,
     -736603183,
     1730167661,
     828281715,
     491874994,
     -231825072,
     222203451,
     -31389344,
     1433565001,
     -590474699,
     250329234,
     890393467,
     -464363664,
     -767773788,
     -1437801743,
     1974740350,
     106369323,
     337613421,
     1038875989,
     -1721950389,
     991728588,
     -1140944612,
     -277409578,
     1178800576,
     -1199530520,
     -1306218121,
     686948289,
     903764818,
     354989082,
     1033665861,
     1235305725,
     -377215151,
     905865285,
     -1894306432,
     602861096,
     -1647695752,
     1709615661,
     1269919824,
     -1249537106,
     -1402975040,
     -53777834,
     1171122956,
     -1671613394,
     267171878,
     -1568857622,
     -128234321,
     644620326,
     -560969867,
     148818670,
     -1854550088,
     423570838,
     -1078060184,
     1386338252,
     -1915998913,
     -192642466,
     -297797025,
     -2009577552,
     2015784599,
     817539035,
     -2041532916,
     1392249764,
     -786070999,
     -660402062,
     229819471,
     -1786240334,
     1489273179,
     902442495,
     640281689,
     -563055032,
     -1469320243,
     735928792,
     2069213570,
     -2015723021,
     -620068369,
     -575098432,
     -501338938,
     1883268131,
     544576343,
     -1429270738,
     190383892,
     458552073,
     -1708887607,
     -2022254615,
     -117085685,
     1829519742,
     -2077339428,
     1490556051,
     1155179078,
     1579848120,
     2108030194,
     -803758153,
     -1515963950,
     1255931829,
     611899363,
     200131938,
     -1779208069,
     -674235248,
     2118606394,
     409436902,
     -1722063571,
     476775605,
     1898205906,
     -1392251095,
     1246307364,
     2023029849,
     -1988780686,
     -308577684,
     399864123,
     -13559615,
     356331986,
     -93009997,
     1860598393,
     -1691609521,
     1092395568,
     226188586,
     -1854806469,
     952567611,
     1104219686,
     1968642102,
     1599320317,
     1479389068,
     690248968,
     1629563398,
     -2092078381,
     123935000,
     -2083065494,
     -1620327312,
     1309878880,
     -66635697,
     1608566587,
     -1930857594,
     544661090,
     1623857181,
     779738648,
     1818468530,
     619427473,
     1424779208,
     -1524281617,
     1811116422,
     -1650321934,
     -947982048,
     732364640,
     -1995845928,
     1935189669,
     -484457670,
     1776256558,
     642268072,
     242947609,
     -1007072845,
     446961840,
     1421355803,
     -1633129694,
     -121857941,
     1031751076,
     569907064,
     668243020,
     -1499349185,
     491329514,
     83681986,
     -574089831,
     -557134231,
     831357602,
     -710192418,
     -1306716180,
     10040731,
     1540514,
     -1876090293,
     1680711502,
     -2139832736,
     -1478330829,
     1917808952,
     1673390397,
     326997673,
     -1659790193,
     -1693015570,
     -783804678,
     -773941614,
     -1378657875,
     -983296614,
     728152024,
     -1470278369,
     1526512226,
     180111753,
     -2091851777,
     330300131,
     -1089117779,
     1417017485,
     799157955,
     -1235498211,
     -1944797997,
     -672011364,
     97524497,
     -56539914,
     -514608942,
     -1161816365,
     -1819354915,
     1672750901,
     -696803747,
     -396656530,
     -486414365,
     1618878732,
     -2113436657,
     802332636,
     -1545252263,
     1495517578,
     282500850,
     -94692652,
     -539337602,
     887676749,
     -1391651333,
     -1894122172,
     428891315,
     1603438495,
     1637429197,
     -176539676,
     1528031107,
     -1522992076,
     911282570,
     8102020,
     365193153,
     -1506557052,
     -51178227,
     -297351444,
     331729255,
     1875439197,
     -1396698478,
     -350206935,
     -1946686477,
     -1373295177,
     -1112897189,
     815407648,
     -952872516,
     661923325,
     366402310,
     495527641,
     -890230190,
     -1680014018,
     -1452648326,
     -118146787,
     -48997169,
     -1704053342,
     -1308391723,
     1271768235,
     1146140042,
     -2095236242,
     -531761758,
     1629154027,
     1169750344,
     -1109910690,
     -909474535,
     436594387,
     -322704876,
     1128034071,
     1266822075,
     938669977,
     430773825,
