80
53
49
48
68
65487
65485
101
97
116
101
100
32
98
121
32
71
73
77
80
32
118
101
114
115
105
111
110
32
50
46
65535
65535
65535
65535
65535
65535
65535
65535
65535
65535
65535
65535
65535
65535
65535
65535
65535
65535
65535
65535
65535
32
53
48
10
50
53
53
10
0
0
0
0
0
0
3072
0
0
0
0
0
0
0
0
0
0
0
0
0
0
0
0
0
0
0
0
24
0
0
0
0
0
0
0
0
0
0
0
0
0
0
0
0
0
0
0
0
0
0
0
0
0
0
0
0
0
0
11
0
0
0
0
0
0
0
0
0
0
0
0
0
0
0
60
0
0
0
0
0
0
0
0
0
0
0
0
0
0
0
195
195
195
195
195
195
195
195
195
195
195
3
195
195
195
195
195
195
195
195
195
0
195
195
195
195
195
195
3
195
195
195
195
195
255
195
195
195
195
195
195
195
195
173
195
195
195
195
195
195
195
195
225
225
0
256
0
0
0
0
0
7
0
0
0
0
0
0
0
0
0
0
0
0
0
0
0
0
0
0
0
0
0
0
0
0
0
0
0
0
0
0
0
0
0
0
0
0
0
0
0
0
255
195
195
195
195
195
195
195
195
195
195
195
221
195
195
195
195
195
195
195
49212
195
195
195
195
0
195
195
195
195
195
195
195
195
195
195
195
195
195
195
195
195
195
195
195
195
195
195
195
225
225
225
0
192
0
0
0
0
0
0
255
255
255
255
233
255
255
255
255
255
255
255
255
255
255
255
255
255
255
255
255
255
255
255
255
255
255
255
255
255
255
255
255
255
255
255
255
225
0
0
0
0
3072
0
0
0
255
255
255
255
195
195
195
195
195
195
195
195
195
195
195
195
195
195
195
195
323
195
771
203
195
65340
195
65340
195
195
195
195
195
195
195
195
195
195
195
195
195
195
195
195
225
225
225
225
225
225
0
0
0
0
0
0
0
0
0
255
255
255
255
3327
255
255
0
255
255
255
255
255
255
255
255
255
255
255
255
255
255
255
255
255
255
255
255
255
8447
23
255
255
233
255
255
255
255
255
255
255
255
225
225
0
0
0
0
31710
31710
31710
31710
31710
31710
31710
31710
31710
31710
31710
31710
31710
31518
31710
31710
31710
31710
31710
31710
31710
31710
31710
31710
31710
31710
31710
31710
31710
31710
31710
31710
31710
31710
31710