4100
142
15
72
8448
16
2112
16512
0
2
514
0
4
2
2050
4096
4098
5120
0
2
16388
1
4104
272
8210
3
256
4096
2048
40
512
16
192
1026
16
5120
608
8
64
1
0
8208
0
32
256
4097
0
10304
4168
0
8224
1026
2
256
4612
1280
18433
256
516
4228
16
16
66
8224
2064
256
2
2
0
98
64
16
8
16384
8192
0
1
1056
256
0
0
8192
128
4128
4108
8
0
4096
0
0
4096
6272
0
0
272
2048
320
16
20480
16480
2064
34
2
1
48
512
14336
2304
24576
0
8
2
16384
656
20
4096
0
2
130
10
4480
0
66
13
0
0
2048
256
128
9
288
512
16
2112
1296
2056
1024
516
24576
65
276
16
12290
16
72
1
8192
1
256
0
16
25
162
8192
8192
256
12800
517
16896
4
160
4228
8232
4128
18560
1088
16
0
32
64
20544
4096
5
16386
2
0
0
1
0
513
16384
12544
2048
1
128
2081
8
8
5124
258
136
1
4
20
4224
64
416
18
0
2048
8192
24
16384
16386
3072
288
8224
0
16
9216
128
2
0
384
8192
64
16392
2052
0
0
32
2304
10240
2
9
0
1
0
16392
16
1
2048
0
258
32
160
2050
16897
32
4224
8192
6
18432
16384
16
1024
514
8192
130
24
2056
2052
0
8
320
160