57
4109
1045
66
49
2560
768
136
4105
8
256
29696
784
1280
16644
72
9220
12288
1
1032
80
64
2048
8210
42
4130
9792
2176
24704
8736
513
0
20480
2064
16384
1090
160
8196
8384
9232
4102
1553
8192
65
133
512
257
12833
516
4
4432
17536
96
16515
1568
2176
0
20480
18496
512
1024
12416
332
1280
306
261
8194
2177
513
16944
1104
8212
16896
32
2082
4104
8960
1152
132
8
272
16
17216
8450
2048
4352
4
640
1024
10241
4368
16704
4133
576
20480
8384
2572
0
16640
48
4096
65
2696
8202
34
276
1060
96
1
2304
128
132
0
7168
9
17984
8240
4160
19528
516
4096
24576
1
576
1154
10496
272
5120
16
2064
9
0
2052
0
0
19
0
12304
16
1
8448
4128
2052
2176
8196
131
130
1056
1038
512
2312
1040
256
130
4
12288
0
2056
1536
513
4096
8192
776
3168
4224
8232
16393
552
64
2224
3088
0
16960
24768
16401
2176
712
1537
16424
16416
640
1041
16384
16
8201
6145
804
163
1029
8200
1608
16448
8320
180
259
7178
544
8738
1057
8193
20
4114
32
512
384
8
18500
17
2048
0
544
520
0
1028
0
16416
8864
12320
0
128
261
2112
128
8
28672
8328
8896
68
640
16392
8
9
16389
16384
1026
18
512
257
512
544
16640
8324
68
50
24
16512
18946
4
16928
132
2208
4
4096
1152
8208
2336