0
65504
21
0
0
15822
766
119
4599
26326
511
29951
784
1280
16634
183
9467
40415
1
1032
175
446
45056
8244
42
4130
9792
2176
24704
9182
513
64225
20480
10768
32768
49926
350
24724
8384
8041
4102
25806
8192
65
25636
767
4004
12303
52960
4
20896
17536
54144
37601
2772
2176
0
20990
59648
1022
1279
12416
16496
1535
461
261
8445
37315
513
42736
1104
8212
34672
478
2269
9490
9215
19507
132
49784
29952
16
11484
16820
2048
42240
506
894
1279
19623
4591
36837
8016
576
20480
42816
2803
255
16638
47629
4606
46427
2934
8595
34
234
1060
96
511
45312
40996
44885
0
23552
9
37738
30144
42059
19528
763
4606
24576
65500
576
1404
10496
238
5120
239
2542
26860
19837
2052
0
0
19
0
12782
16
511
7028
4128
2554
2430
7744
1485
8376
1056
1265
24171
7716
1040
38912
125
11880
4096
0
2056
46080
513
0
8702
15120
3486
4223
38547
16393
34088
191
2224
3088
0
61012
17555
16401
2430
712
1537
16424
16862
640
56571
16384
239
37072
51385
804
163
1274
8200
46290
36993
57344
330
38680
7668
40892
8738
17316
8703
20
24098
28150
38400
12800
502
18619
10687
2303
255
19694
520
255
1530
510
6880
8864
22535
6220
4298
28852
2112
16896
502
28672
8328
8767
68
14848
16631
247
503
53624
16384
596
18
55296
60435
512
23520
16640
8324
442
25974
52960
16766
18946
506
17119
378
2398
49177
4096
32387
8208
28894