0
21
0
0
0
1305
766
15280
40384
49590
28572
26356
39412
40179
58770
9975
9467
49343
1
48968
175
48734
23530
51485
11240
3081
55820
45413
6756
30513
56678
64225
20480
60944
32768
18368
350
61300
47872
8041
13104
25806
52908
65
63508
767
4004
12303
52960
36228
20896
63616
63488
57561
54992
2176
61128
20990
59648
53907
50763
12416
53696
56000
41869
261
8445
37315
513
22827
59402
16269
39936
478
25673
199
9215
4323
39222
64632
5728
43199
37150
13921
39084
48384
8872
894
57792
53047
58517
24898
17664
60643
63138
20193
34515
34109
43572
11346
4606
8894
2934
54828
34
234
1060
38752
511
39168
8226
44885
55952
22927
47332
8439
30144
13427
6354
26331
52358
24576
65500
32320
5188
49795
35956
5120
44399
52589
48048
52325
2052
0
0
19
0
62030
16
511
7028
1683
46952
2430
7744
1485
45460
46989
12284
24171
45966
1040
41832
64228
8398
4096
42084
2056
46080
513
0
8702
37952
363
55003
38547
40381
16602
12736
65287
9622
0
60224
4043
16401
64975
65304
33377
38560
22158
22808
56571
16384
239
19992
32256
3344
50152
7652
3537
63114
36993
0
38600
38680
58225
40892
59336
49994
30600
20
56258
60952
10805
12800
502
18619
52720
65328
255
4966
520
2160
1530
45352
6880
0
5422
2162
4298
64100
43107
16896
502
0
49831
8767
34660
14848
16631
61500
12295
53624
16384
596
6914
39956
60435
512
23520
57632
62468
442
25974
52960
16766
9484
64538
63944
32136
41190
18718
0
32387
256
28894