134
300
731
159
238
108
1083
8468
1070
21280
16417
8843
4096
2495
1024
406
20988
6
406
9533
1209
26
472
16687
1231
1408
4849
8316
4352
2848
1081
4737
20
508
16631
2577
24580
912
1263
16916
8
253
1854
662
25648
8217
248
616
19065
4348
32
2191
249
97
585
8964
4224
4282
4219
412
84
1028
766
1218
110
10425
253
705
157
357
772
34
2552
455
18878
3373
16644
640
16868
125
1
8470
574
8297
1458
528
17127
2
5270
322
17676
1
17926
2176
66
1283
8698
8720
8432
8258
1484
251
16384
2050
23262
19
16526
247
3172
17397
4292
8606
24582
16798
278
296
255
1056
2157
25078
871
506
278
5172
3
510
4396
8289
578
256
4351
1277
9721
21247
314
4640
16890
1036
16512
10305
5344
8
959
4587
2120
2476
12683
2550
2530
294
16532
973
2156
588
3106
2114
144
2080
9087
512
8614
6272
258
24
1534
20
5246
8432
26
4176
7322
142
75
1536
764
1018
7
577
9465
10
200
408
784
2640
804
509
0
4406
88
18540
16511
26294
8787
17
4502
37
255
8310
2202
16448
17182
8448
4931
195
4591
17657
2092
2115
16750
1056
237
6190
1448
8639
1721
512
13180
510
167
255
4096
2016
415
8702
482
9723
16640
1413
198
4768
8195
2558
5158
16481
1403
251
499
8193
0
3082
158
71
8194
3584
2480
2281
8656
187
64
16576
17120
8262
4208
754
2166
16639