14336
300
53174
96
25284
147
1083
13524
1070
49623
16417
54777
44276
21171
1024
406
20482
6
104
9411
1209
26
18778
16687
1231
1408
40812
8578
4352
2848
1081
4991
235
47356
16631
19082
54416
622
1040
6822
8
2
1985
662
25648
8679
3216
918
7456
4099
32
13031
14228
6421
951
64068
7168
60509
4219
412
63252
1028
766
1085
145
64825
2
50746
51636
357
772
221
56768
20801
50788
3373
30264
16512
65400
56467
254
8470
705
8599
1357
11611
56336
49326
54808
445
39278
62553
35368
2176
66
1283
8453
15888
21816
8258
61420
59399
16384
21564
33128
19
16752
1480
3482
17397
4292
33666
24825
16737
278
15608
257
1247
2194
24841
665
37348
22140
53971
976
510
4396
21602
956
256
4353
1277
9721
21247
42224
4640
64680
1036
17664
10305
5406
8
14094
4117
2120
2387
12683
2550
44200
294
16746
973
24608
588
3106
2114
10148
2080
8833
767
8614
26752
258
24
27044
20
61696
15906
50760
38878
7269
31450
75
1791
764
49284
505
702
61986
20892
11424
408
784
4633
804
46178
510
59928
88
8124
36092
26294
49152
495
4502
39889
257
8329
38684
16575
10696
8448
4931
317
4368
35173
2092
21715
24576
1247
237
6353
63264
8639
55974
512
13180
0
345
255
4606
1566
97
44286
285
54683
16895
1413
198
4958
42600
2305
3696
4046
40558
251
51204
9491
65060
3082
0
71
32824
15872
7104
2281
8495
187
12040
16576
16927
8377
4494
780
5360
16639