40704
300
11192
96
56784
147
31041
20187
1070
49623
16417
54777
3072
36800
5134
406
20482
6
54668
37846
1209
26
37254
16687
1231
1408
40812
8578
4352
16957
1081
4991
235
53533
19481
22701
54416
622
1040
6822
8
2
27627
32449
25648
51521
3216
918
7456
4099
32
13031
50684
6421
951
21627
7168
60509
4219
412
12684
5441
766
1085
145
64825
2
45059
61176
357
772
221
56768
20801
57848
3373
30264
16512
21958
56467
6734
53432
705
29418
1357
11611
56336
56581
10352
445
39278
63924
35368
2176
66
4450
8453
15888
30106
33189
61420
59399
38246
33187
33128
19
17370
7475
3482
61903
4292
54368
24825
16737
278
15608
257
1247
2194
24841
665
53597
22140
64078
17608
510
4396
21602
4412
30081
4353
12160
36097
21247
46710
4640
10288
17557
17664
10305
5406
8
14094
4117
2120
59142
16669
32905
44200
28091
36758
973
55120
588
3106
2114
10148
2080
8833
767
8614
26752
11684
24
53064
16825
6822
25801
50760
62000
33551
31450
75
1791
7850
49284
16473
702
9940
31055
11424
408
784
4633
804
46178
510
64211
88
11129
36092
26294
58560
5489
4502
39889
4293
27214
48436
16575
10696
8448
26839
26632
4368
35173
2092
21715
53920
1247
13503
55415
63264
8639
55974
12759
13180
0
345
27610
4606
1566
34077
44286
285
18269
16895
1413
22442
7235
42600
2305
3696
36256
40558
251
51204
32256
30738
3082
0
14136
32824
64998
7104
2281
8495
187
12040
52914
16927
29364
4494
33033
5360
27646