464
65504
21
8978
193
26
389
5397
18270
9024
16947
105
4118
18542
632
18607
7330
30722
20504
1969
64
520
1056
208
160
407
472
17488
16504
4616
2197
23068
20701
16672
1800
8380
26832
21715
18496
1408
1265
8908
208
3450
1502
24785
21040
8468
8439
8391
1851
665
16928
12736
4451
28
281
17386
22192
4544
16874
8207
366
1198
9385
51
3136
10497
18007
33
4370
661
17012
20480
16498
1316
9505
18691
19549
1227
838
89
656
685
2303
10
4363
16599
5884
12997
516
18063
719
136
20681
10596
434
18376
20618
441
2104
20640
24596
26858
2672
2531
12
410
25790
245
400
20537
16745
96
13304
6440
1900
567
708
24921
8234
6274
8223
12629
6598
28
9484
8759
4797
4614
1751
4127
16630
3979
17832
25855
1004
3068
6358
22843
6452
493
9329
16616
22686
3344
4288
2372
2334
24639
1692
10617
7257
9100
17482
16894
17148
178
4425
21080
3504
14364
16414
4500
501
2016
14827
5072
2970
6681
377
18013
8577
9604
268
515
2200
5037
11288
1017
28947
25315
24578
28797
218
18632
18814
9276
1161
386
452
13019
26854
18304
1212
4293
1492
12325
736
294
16442
1312
1567
307
9365
21568
2503
16551
1145
382
4881
2587
10984
157
21054
4504
8447
12577
26938
4312
1556
4245
295
1120
4274
2525
28792
17480
2403
12626
297
240
1048
5066
17160
16388
16971
512
91
1162
1042
8824
10120
10455
1214
1400
12360
965
2900
224
17861
4695
4117
17392
3853
12385