1488
65504
149
8466
225
26
389
5397
18270
9152
16955
105
4118
18542
633
18607
7330
30978
4120
1973
64
4616
5152
80
168
471
474
17488
16505
4616
2197
23060
20701
16672
1792
8380
26832
21715
18496
17792
1265
8844
4304
3450
1502
28881
21040
8468
8439
8647
1843
153
16928
12736
4449
24
281
16874
22192
20928
16874
8207
366
1198
9449
50
3137
2305
18007
33
4370
645
17008
21504
16498
9508
9505
18723
19549
5323
838
89
4752
685
2299
2058
4363
16595
5884
12997
512
18055
591
16520
20553
11620
178
18248
20622
441
2105
20640
26644
26858
2672
483
12
410
25790
181
400
16441
18793
96
29688
6440
5996
567
708
25433
8234
6274
8223
12637
6594
1052
8460
8759
4797
4614
1751
6175
16630
3979
17832
25839
3052
3068
6358
22843
6452
461
9329
16618
22682
3344
4288
2404
10526
24767
668
10621
7257
9100
1098
20990
17084
162
4425
21080
3504
14364
16542
404
501
2016
14827
5072
2970
6683
377
18013
9089
10116
268
515
2200
7085
11320
1017
28951
25187
24578
28797
218
18624
18814
9276
1033
386
448
13018
26854
17792
1213
4293
3540
12325
737
358
24634
1328
1567
291
9365
21568
2503
167
1401
382
13073
2587
8936
157
21054
4536
8445
12577
26938
6360
1556
4245
295
1120
4274
2524
28792
17480
2403
12626
297
240
1048
5066
25352
16389
16907
576
91
1674
3090
8824
10120
10711
1214
1400
13384
965
3028
224
17869
21079
4373
17394
3853
14433