5576
65504
21
10770
233
26
389
5397
18302
9152
16941
105
20598
19560
761
18607
7330
31106
4120
1969
89
4750
5152
70
168
471
474
17488
16505
5646
2453
23060
21214
16672
640
8317
26832
21715
18624
17792
1265
8844
4304
3450
94
28993
21020
8661
8565
8645
1843
146
25104
12736
4449
88
281
16874
22192
20978
16874
8207
358
1198
9449
50
3137
2061
18135
33
4370
659
17008
21504
16506
1188
9505
18723
19549
8139
838
601
5792
685
2299
2410
4435
18611
5886
12997
864
1767
591
16520
20553
11620
178
18248
20614
265
2105
20662
26644
18650
6760
131
12
898
25790
181
400
16441
18905
96
29688
2352
5224
551
578
25433
26
6274
25
12637
7620
1052
8460
13047
4797
4614
3803
6175
16630
3979
17832
26351
3052
3068
2254
22843
4660
2765
9329
16586
22682
3632
4803
2404
10526
24756
668
10269
6239
8718
1098
4594
17084
306
4425
17048
3504
14364
16798
656
119
1924
14441
4672
2968
6723
8575
18013
9121
10116
268
897
2195
6285
11576
1017
28951
25187
26722
28797
218
18656
2418
9253
1033
386
8688
13130
26854
18080
1213
5057
3540
12339
673
358
24634
1328
1567
291
9365
21618
10689
228
1401
382
15133
2587
8936
8347
21054
4536
9181
12577
26938
6360
530
4245
423
1131
12468
2506
30836
18000
2385
12624
297
16528
1048
5094
25402
16389
17035
16972
863
1674
3090
8824
10120
10963
1214
1140
5576
973
3028
8400
17869
21223
4373
17394
3853
14442