4100
138
16399
104
8450
18
2112
16513
4096
3
770
16
4
2
2114
20480
4098
5120
32
2
16388
1
4104
273
12306
2051
8448
4096
2048
32
0
24
200
1024
80
5120
612
8
64
1
4
8208
2
32
8448
12289
1
10304
4170
0
24608
1026
2
256
4644
1280
18437
2304
516
4260
20
80
1090
8224
2064
384
18
514
2
98
2112
0
10
16384
8200
0
65
32
256
16
0
8208
192
4128
4108
72
8
4098
0
512
4160
6272
1
0
1296
2064
320
16
20512
16481
2064
34
2
1
304
512
14336
2304
24576
8
1032
2
16416
656
148
20480
8
2
162
8
4480
0
66
13
512
8
2048
0
128
9
800
768
16
2112
1296
2056
1024
532
24576
8257
276
2064
12354
17
88
1
8192
1
768
0
80
29
162
8200
8192
256
12800
519
16384
4
160
4228
10280
32
18560
1344
0
0
32
2112
20548
4608
1
16386
34
8192
0
3
0
4609
16384
12544
2560
1
128
3105
8
8
5380
262
136
5
4
84
4224
66
288
18
0
3072
8256
24
16384
17410
3328
288
24608
0
16
9232
0
2
0
896
8192
64
24584
2084
16
512
32
2336
10240
2
9
0
17
128
16904
16
0
2048
0
258
288
160
6146
16896
32
4224
8224
16390
18432
16384
8208
1040
514
8448
130
152
2056
2052
2048
8
16704
160