5572
21
21
10781
361
342
402
5402
18317
9014
16982
105
20493
19560
905
18480
7330
31213
4132
1969
68
4750
5152
838
182
415
437
17500
17255
6090
2453
23080
21038
16544
591
8315
26832
21837
18684
17864
1263
8844
4304
3445
2
29029
21020
8237
8572
8502
1838
942
25102
12734
4449
70
337
16858
22216
20738
16869
8298
434
1206
9449
242
3167
2403
18135
335
4370
611
16972
21990
16454
1172
9505
18723
19549
7347
838
613
5792
691
2061
2474
4587
18722
5775
13019
1006
1641
697
16520
20553
11584
66
18262
20614
501
2105
20662
26644
18632
6760
7
78
898
25790
314
224
16455
19173
24
29688
2350
5148
569
589
25433
342
6298
11
12659
7620
1052
8652
13041
4797
4854
3803
6383
16633
3972
17768
26219
3052
2828
2254
22843
4732
2622
9336
16586
22693
3774
4656
2315
10526
24756
659
10285
6322
8720
1146
4490
17084
305
4443
16915
3455
14364
16802
656
207
1924
14422
4672
3039
6723
8575
17957
9139
10123
274
910
2195
6269
11576
825
29159
25115
26734
28797
162
18671
2493
9625
1077
446
8674
13129
27502
18000
1213
4913
3364
12365
585
352
24582
1340
1567
344
9365
21627
10750
212
1349
369
15274
2572
8864
8347
21233
4432
9126
12577
26897
6341
558
4245
335
1131
12475
2506
30852
18000
2383
12624
297
16528
1132
5094
24629
16441
16995
17096
943
1639
3252
8968
10120
11171
1214
1084
5236
906
3061
8400
17845
21224
4393
17406
3853
14441