5435
491
21
10781
49
168
402
5348
18290
9161
17320
105
20722
19862
886
18639
7330
31213
4132
1969
442
4721
5152
838
182
415
75
17500
17255
6090
2155
23080
21038
16544
591
8315
26832
21683
18684
17864
1263
8819
4304
3211
2
28827
21219
8237
8572
8649
1838
849
25102
12609
4449
70
430
16858
22071
20732
16869
8596
434
1352
9495
13
3232
2205
18135
432
4370
925
17075
21785
16454
1172
9439
18653
19549
7347
696
923
5792
845
2061
2389
4587
18652
5775
13019
528
1641
697
16520
20553
11711
66
18262
20856
501
2246
20662
26644
18632
6760
7
432
898
25920
314
224
16568
19227
231
29688
2350
5148
967
589
25255
425
6245
244
12429
7620
1506
8652
13041
4797
4854
3803
6383
16647
3963
17768
26260
3052
2828
2254
22725
4994
2753
9336
16586
22875
3904
4656
2315
10721
24756
659
10707
6221
8720
1412
4490
16963
305
4443
17389
3455
14818
16802
878
207
1915
14422
4672
2848
7101
8575
18138
8781
10123
274
910
2195
6269
11462
711
28697
25316
26734
28797
93
18448
2370
9625
1077
446
8220
13238
27537
18350
1090
4913
3547
12365
585
352
25080
1475
1567
344
9365
21636
10240
212
1466
369
14932
3058
8864
8347
21263
4432
9126
12511
27118
6341
976
4245
335
1172
12356
2506
30852
18350
2480
12624
215
16528
1171
5094
24778
16441
16995
17096
848
1945
3147
8950
9846
11171
1089
1084
5514
906
3061
8494
17845
21270
4311
17406
3853
14441