57
21
21
10781
49
342
108
5348
18290
9161
17239
105
20722
19862
648
18737
7330
31213
4132
1969
442
4750
5343
838
182
352
180
17500
17255
6090
2155
23510
21038
16544
945
8324
26832
21683
18684
17462
1263
8819
4398
3188
2
28772
21277
8402
8572
8502
1744
942
25584
12609
4449
70
80
16420
22071
20732
16869
8298
434
1463
9704
13
3232
2205
18135
432
4589
925
17075
21990
16454
1172
9439
18723
19875
7501
696
923
5727
845
2061
2389
4587
18467
5775
13019
528
1686
697
16520
20553
11711
444
18345
20856
501
2360
20808
27114
18487
6807
505
432
898
26047
314
31
16710
19227
281
29688
2350
5602
967
947
25255
342
6298
244
12429
7620
1506
8652
13041
4674
4854
3803
6383
16633
3963
17558
26260
2835
3059
2254
22586
4994
2753
9336
16586
22693
4031
4656
2315
10526
24756
659
10707
6322
8720
1403
4212
16963
207
4261
16915
3201
14818
16802
878
207
1915
14422
4672
2848
6723
8321
18212
9139
10123
274
910
2156
6269
11462
711
28697
25115
26734
28797
419
18448
2370
9625
1077
446
8419
13238
27537
18257
1213
5070
3109
12723
585
158
24582
1085
1567
344
9322
21627
10240
298
1092
398
15019
2829
8864
8347
21233
4270
9126
12511
27118
6459
815
4202
335
1172
12730
2100
30852
18257
2126
12624
40
16528
1132
4632
24629
16441
17052
17206
848
1639
3147
8950
9846
11171
1471
1474
5514
906
2571
8400
17483
21270
4311
16896
3827
14486