48953
65504
21
0
0
30758
40728
2848
32886
28976
50656
10302
55792
42261
258
52529
1072
55870
49970
18180
37817
8651
56260
40015
34061
48560
47236
38389
51270
37173
45100
62472
63266
39742
486
528
79
43721
80
6403
49346
671
25119
45203
44434
12454
42856
12536
1023
130
4392
2179
41676
56160
51896
129
33200
65054
10342
36399
55768
52261
50052
26826
624
47246
49136
3867
8192
1659
54848
3305
17343
9216
36224
61384
32372
38514
9848
16752
52736
2299
16830
6052
390
8192
16646
63740
27328
8938
4431
51264
40100
974
34050
45889
2084
462
16384
44587
46024
1017
44384
3
4704
13616
3076
412
57907
60311
8676
4164
33424
39351
59822
960
2560
12542
18436
516
31880
11172
49
46216
1800
50563
48786
44449
575
2239
4350
11863
30268
4608
39265
57442
63104
39110
11134
25447
40980
63524
12224
1265
8194
13857
57856
23704
2281
37913
40554
4560
27816
109
8976
57301
16
520
61578
58111
26434
44392
10170
19644
39872
36443
57014
29818
30976
16548
3237
8448
45800
8256
55084
268
37336
25365
59648
43866
19276
1053
2890
19007
9587
16442
46154
2432
45515
505
46377
43355
61400
1002
229
57925
1002
61471
64896
57
11612
2434
49
995
120
283
46600
10
45056
8216
42670
54118
20928
237
40447
274
39720
12583
62774
48680
56848
62751
6
4516
10014
4808
8832
45072
63008
16575
1351
37137
20228
61945
20992
35437
4470
15720
7232
153
18939
63929
2246
49069
56083
25216
3010
22496
34880
31092
43520
388
4271
279
60840
322