51712
65504
21
0
0
190
40728
3552
28032
28976
50656
10302
55792
42261
258
26079
49920
55870
61316
18180
56180
35251
56260
40015
40256
5680
50536
38389
51270
48129
15656
5368
63266
39742
486
65168
38940
43721
80
61301
592
671
41750
11953
39192
26414
42856
12536
1792
37602
12752
51451
33136
49248
23248
129
20096
65054
10342
36399
55768
46545
50052
24266
624
47246
49136
3867
8192
1659
21888
3305
17343
9216
36224
51096
32372
38514
9848
16784
52736
24939
16830
18500
390
8192
31632
63740
12288
8938
18118
51264
40100
974
38076
45889
10624
462
16384
44587
47648
49213
44384
40019
5888
13616
3076
412
57907
60311
26616
57724
33424
39351
35196
960
2560
5654
52696
47068
38848
28996
50522
46216
55264
50563
48786
44449
575
4927
20220
11863
39664
23040
58566
57442
63104
39110
15852
25447
40980
63524
31872
24785
25088
13857
57856
23704
13328
57741
40554
4560
27816
109
42912
57301
16
520
61578
58111
60224
44392
10170
19644
31744
23975
57014
56538
30976
16548
3237
2816
45800
8256
55084
268
50304
25365
59648
43866
368
1053
2890
19007
9587
25578
46154
61568
532
505
48494
61925
512
1002
61578
27885
1002
61471
64896
57
11612
2434
16298
995
120
10911
46600
53194
0
7064
42670
54118
45056
237
40447
274
22976
61967
62774
48680
56848
35011
6
4516
10014
4808
8832
40496
63008
16575
1351
37137
20228
61945
62464
35437
4470
15720
7232
153
18939
63929
2246
45879
56083
25216
3010
22496
34880
31092
36864
388
4271
11451
60840
40126