56
65504
13
47481
49
119
1024
1024
18928
44862
12543
720
4097
36864
8240
5523
256
24894
35448
18560
128
768
5110
1088
17536
64490
16416
2550
25088
2048
26864
14370
11552
50550
44860
512
16384
52566
8
512
32
9
22304
38272
0
239
49408
238
41889
9022
41984
128
57088
45554
45057
38943
33216
6853
12560
38183
59264
510
0
20098
0
0
37920
39662
17408
10494
22968
52665
2299
26768
45994
247
32112
119
0
4224
45056
15624
32800
49184
16895
55978
239
11136
0
4849
16392
933
476
18184
10512
44991
18496
24223
703
1534
55552
61956
4598
4096
37840
4
1
42126
498
0
32768
494
16384
4164
18
1
52609
359
57620
3072
2560
436
2348
0
49136
10222
40952
30576
0
51966
53184
503
4606
1028
251
54514
2559
27272
59904
35431
64
14019
16
46590
51936
60448
46144
31140
24832
0
23040
51264
32
647
39308
0
256
1168
2048
48710
16912
0
0
16384
36
22784
25086
31602
0
10750
61526
63316
64
1532
16384
511
46592
54582
8192
16890
23040
2303
52064
63144
0
21663
4608
510
40000
0
15866
38140
1
2050
47356
9216
16
512
7742
35449
57456
4096
990
4606
4096
2270
16384
0
27872
26807
22976
2
60416
251
508
44254
1092
160
39294
18560
510
63279
1040
31744
16
1024
0
2485
24576
223
256
3326
144
65245
2048
253
4606
0
16704
48348
45104
2048
16384
128
1022
41742
0
16704
10750
6
4104
11289
0
13558
30584
512