4100
8330
16399
104
8962
18
18496
16385
6144
16387
770
16
4
130
2114
20480
4610
5248
16416
2
16396
3
4108
273
12306
2049
8449
4098
2048
32
64
56
200
1024
80
5632
612
8
64
1
16388
8208
2
32
8456
12289
513
10304
4170
0
24608
1026
16386
256
6692
17664
18437
2336
516
4260
148
82
1106
8232
6160
384
1042
16898
2
98
2144
0
10
16384
8328
4096
321
160
256
16
512
8209
448
4640
4108
72
24
4098
1
512
4160
6272
17
0
272
2064
320
16
20576
16417
2064
34
2
1
4400
512
14336
6400
24640
16392
1032
2
16432
656
156
20482
24
2
160
8
4480
128
66
16397
512
264
2112
8
128
9
800
17152
16
2112
17680
2056
1024
1556
24576
8259
276
2064
12354
81
89
1
8192
8193
768
0
592
2077
162
8202
8256
768
12802
16903
16400
5
4256
4100
10536
16416
18432
1344
4
0
32
3136
20548
4608
4097
16642
2082
8192
2
4099
0
4865
16384
4352
2560
1
4224
3105
8
8
5380
262
4232
133
4
8276
4224
66
288
18
8
3072
8256
24
16384
17426
3328
304
24608
2
1040
9234
8
130
0
896
8704
576
25608
2084
16
768
8224
2336
11264
2
137
2048
25
160
16904
16
512
2048
0
2306
288
160
6146
16896
48
4224
32
24582
19456
16384
8208
1040
2562
9472
8322
152
18440
2054
2176
8
16704
160