0
524
269
64
512
0
40
8192
4
4
6144
4096
0
4352
4
8192
1024
16388
4352
0
2048
16388
0
2
1
1024
4
0
2
4096
2
16384
16384
1024
0
0
1026
2
2048
32
16
68
32
8192
16384
16384
16
64
4
8
64
128
1024
16384
0
0
512
0
2064
0
4096
0
0
0
128
32
0
1
4096
128
2048
0
16385
24
0
0
4100
128
2048
36
4
0
32
18
8192
9
0
48
2560
0
0
8224
4096
0
516
1280
1
16384
0
34
16384
0
4160
6
16
0
1024
16640
0
1024
0
1
0
24
0
128
8
16448
4
0
4096
1026
17
512
0
8192
8
0
72
2
4096
16392
1024
16384
2048
0
4098
1032
0
256
0
0
0
512
0
512
32
512
2
257
0
2048
640
2
3
2048
0
16
132
16384
20
5120
4104
8
0
16448
256
16400
0
256
0
128
0
4
32
2048
8704
512
4097
0
4
0
16384
8196
0
256
4104
1024
64
32
1024
2
8192
1088
2
1280
6144
8192
1024
32
160
4
0
0
16
1024
1024
160
0
1024
32
0
1024
4096
12288
8192
0
2
2080
128
160
1
0
1032
4
0
32
128
2
8196
0
0
512
8
0
0
16384
256
0
8224
0
0
272
16896
16
0
8448
0
0
192
1026
144
0
0
0
80