0
524
269
64
512
0
56
8192
5
36
7168
4096
0
4352
4
8320
1024
16388
4353
16
2048
16388
0
66
9
1024
1028
0
2
4096
66
16640
24576
1024
0
64
1154
2
2050
32
528
1092
32
8192
16640
16384
48
16448
4100
8
64
144
1024
16640
1
4
512
0
2064
16384
4097
0
8
8
384
32
0
0
4100
1152
2048
0
16417
24
256
0
4100
128
2049
36
1028
64
32
530
8192
9
0
112
2560
0
0
8352
4224
0
516
1284
1
16640
256
34
16512
16384
4160
6
1040
32
1024
16704
0
1024
4
2049
0
24
0
128
0
16448
4
0
6144
1026
17
516
0
8192
264
8192
72
130
4160
16392
1024
16384
3072
16
4106
1064
1
256
1
1
4
512
0
520
32
512
16386
8449
8192
2176
640
34
3
2048
16384
8208
8324
16384
2068
5120
4360
2056
0
16448
384
16400
0
256
0
8320
0
2052
288
2176
8704
512
4097
0
68
0
16384
8196
0
2304
4104
1024
64
32
1024
2
8192
1088
66
1280
6144
8192
1024
32
160
12
16
1
16
9216
1024
160
2048
1024
32
128
1024
4096
12320
8320
0
2
2592
128
160
65
0
1048
5
0
32
128
6
8196
1
4096
512
8
256
8192
16384
256
0
8224
512
512
1296
512
16
0
8448
0
0
8384
1026
144
0
128
0
4176