56
56
56
2048
4104
66
4160
8
0
4
0
2048
2560
16384
160
8193
256
18
1032
8
514
1
16388
1024
0
16384
288
0
8704
0
257
4098
0
36
16384
0
9217
544
512
128
4104
32
2112
65
0
8
0
4104
8192
2
4
0
32
10368
3072
3328
0
0
128
514
1152
2052
256
16768
17408
0
36
8224
0
640
8
16640
2
4352
0
0
1056
1
16385
16384
256
528
8208
8192
16
2048
16392
4104
16
1
4
16640
8192
1280
16
8192
56
5120
257
516
8224
257
4128
0
640
24
80
4224
512
513
264
0
0
770
1088
8
16384
18432
2560
4097
512
4225
257
0
544
256
2
2048
2112
1024
17152
1026
8448
0
80
2048
10
544
4
2
770
0
0
0
8
0
0
257
4100
16
1056
16384
544
4096
1152
16384
2336
4160
16384
0
4096
1
4096
8
1088
16396
4096
8192
2
544
4096
48
0
1088
8
24704
640
8192
16384
18432
128
0
20480
4352
16
1
1600
1024
3072
128
256
16384
4608
32
5
1
2048
4608
256
4099
64
1
1
144
7
16384
1
10
320
1
0
16904
8192
4128
12304
8193
0
6
0
1288
2048
1024
8204
128
64
4096
1024
0
8
4
256
514
1024
0
1216
1152
0
1
0
129
128
1024
8448
64
2054
0
640
4096
0
1
1024
16512
9472
262
16
65