56
56
56
0
4224
128
1
0
80
16384
4
2056
1
3072
256
2560
16
34
0
1024
4
0
0
1088
33
516
0
8192
64
1
0
8704
8
0
1
0
10240
512
80
0
12
8
2048
64
1024
4096
4096
2
384
2
0
128
0
4128
64
2
0
8
4096
40
16384
0
16384
2
24576
0
0
3
0
0
8
2048
4
0
16384
5
272
128
2
64
0
257
0
4
1024
8192
0
0
129
8
256
32
512
160
64
256
1024
8
0
128
64
2
16896
2048
1024
640
768
0
1024
16896
0
4
16400
32
0
2056
512
0
2
16386
192
1
0
0
65
17
258
0
512
16
0
16384
0
16384
128
272
0
4
128
2304
20480
0
576
20
16384
0
4352
2048
258
16
128
576
2048
512
0
0
0
0
0
0
0
4096
18
8192
1024
0
9216
513
4098
4096
2064
0
8
1024
256
12
0
0
1028
0
0
0
16416
0
0
1
24576
264
0
16640
4
544
0
1
0
0
2
8192
260
258
16
16
2
0
8
16384
2080
576
8192
32
256
2056
256
256
32
0
8704
512
320
64
64
0
8448
1
0
0
16512
0
0
66
8
0
1024
9
1024
16
0
512
0
0
32
0
8192
2048
16640
8200
4
0
0
0
16384
32
256
16
2056
0