56
56
56
32
128
128
1
5
576
16384
4
9
1
2048
0
2048
272
2
8
3072
128
0
0
2112
32
8196
4
0
0
256
0
512
1
0
17
0
8192
0
2064
1
4
0
0
64
1152
64
4096
32
384
16386
16
128
32
4096
64
2
0
8
4096
32
64
32
0
2
8192
512
16
1
4096
0
8
256
4
0
16384
1
4352
160
10
64
8
2304
16
0
0
1
0
512
640
136
4096
1024
8704
128
64
260
2
8192
4
0
64
3
16384
6144
0
128
2304
512
1152
16448
0
36
16385
32
4
8
0
0
0
16388
128
1
0
16384
5
16
8448
65
4608
2048
256
2
2048
0
0
16
128
4
640
2050
4352
0
64
4
16384
8192
4097
2048
256
16
128
512
4
4608
1028
32
0
4096
2
2
2
4352
2
4
0
0
8192
1
34
4096
2048
0
8
1032
256
4
0
8192
1152
0
0
4096
16384
1
0
1
16384
136
0
16640
16384
1536
0
4
0
4
0
8192
4
1280
528
1024
514
0
8
16384
2064
64
0
544
256
3072
8
256
32
128
8192
0
0
8192
64
128
257
64
0
0
16448
0
8
64
2056
2
1024
1
1024
0
0
16384
0
8
0
1024
8192
1024
768
8
32
66
0
2048
16400
32
256
0
18432
1