56
56
56
192
512
0
0
640
0
18432
2051
8256
17408
2064
8
1280
8224
0
130
32
4160
20544
0
2064
0
4128
264
520
2052
40
130
64
4098
514
1024
16384
256
8256
8208
2053
0
6
8960
2060
192
384
65
10368
512
4608
24
8200
0
8736
32
0
17416
3200
10240
128
8704
8224
4104
0
8192
24576
16448
2
0
2
16640
4096
16
1024
0
2048
2048
68
10
4096
2048
257
0
1024
16
9216
2052
12288
0
0
9224
0
32
2114
514
145
0
2048
2084
8208
16386
8193
132
2560
272
33
0
8
1104
161
18
16640
1032
9
512
2
5128
4100
10242
32
20480
4228
16512
0
2560
640
128
2050
8
1
8192
0
2
0
9280
16400
8704
4608
2304
272
8208
64
65
520
160
1
8448
2560
16384
257
4224
512
8194
512
516
136
0
12
4112
8708
128
0
322
136
2050
1034
1
2560
8256
1056
2048
8192
8704
8
2060
36
257
9216
512
768
128
144
256
3072
1
36
72
4
16384
16392
1024
288
1296
2048
1024
16
6144
2050
2048
257
8
4120
2112
4
1028
4098
14336
5136
512
512
8
16
512
16
4112
2
8208
0
260
8320
0
128
8258
516
259
8
128
8192
128
64
144
128
74
18448
24
130
0
64
0
24
8216
2304
0
16896
24
128
16388
0
0
0
1026
16384
0
514
3080
8