56
56
56
0
128
129
4417
22
320
16768
8196
24
1
7424
80
18432
560
160
3
1032
0
0
1024
10304
10272
8196
0
4096
0
256
1041
576
16384
152
1
256
24576
132
16384
8704
2308
128
72
328
1536
0
128
512
8960
2
32
136
2176
4160
5312
1024
2180
2056
4104
8224
320
8
2048
512
5120
2112
2048
25
2
8448
4098
8192
261
2
16448
129
2336
0
530
8520
16384
129
2
9
2048
0
20480
0
1668
8
8
256
520
134
64
256
2
320
256
10241
576
16
16512
3104
4
8320
4866
0
1029
16384
4104
8196
16416
0
2
776
16384
128
2050
16385
136
1
8224
33
17
16404
9088
2053
524
16392
128
4096
520
528
8192
16
2049
4112
18560
2082
4608
10
96
2308
16920
64
8192
2192
2304
10768
16544
2562
3328
512
9216
0
12288
528
0
2056
4160
4128
2570
0
72
24
8193
517
18
4096
6656
16384
73
512
448
6
8192
5
9216
12
18464
4128
16384
0
8
65
16400
4
258
16417
386
20992
1
2
128
4100
128
8192
36
256
4096
512
66
0
280
256
2272
9280
1024
4320
256
0
640
2304
32
16384
8320
1026
258
0
576
514
288
8
21
64
20480
4608
129
4161
1033
0
3072
17
17416
272
520
1026
1
36
8
1026
8320
512
4352
4170
544
2048
776
9344
16385
544
256
256
18440
512