56
56
56
2176
4104
322
4160
8
0
4
16384
2304
2592
16640
164
8193
257
26
1032
8
514
33
16388
1024
1024
16416
288
512
8704
0
4353
4098
8192
32
16448
0
25601
512
4608
4224
5128
32
2116
8257
4096
8
8192
4105
8193
2
68
0
36
10240
3072
3329
4
0
136
514
1152
10244
288
16768
17409
2
164
8224
4096
512
8
16644
2
4352
1
2
1056
65
16641
16384
256
528
8208
8193
272
2048
16392
8
8208
65
4
17152
8448
1280
16
8192
58
5120
265
2564
8228
385
4132
32
1664
24
80
128
512
769
266
0
512
770
1088
1032
24576
19456
2576
4129
512
4225
257
0
2592
260
2
2048
2112
1152
21248
1026
8512
0
208
10240
16394
560
4
10
2818
16384
0
0
8
2
128
8449
4100
16
32
16384
608
4098
9344
16384
6432
4160
16384
0
4096
0
4096
8
1216
16396
4096
8192
6
560
0
48
2048
1088
8
24960
642
9216
16384
18434
128
2048
20484
4356
17
1
17984
3072
3072
128
256
16385
4096
96
2053
1025
2560
4096
256
4099
576
1
1
144
5
18432
17
2
352
1
256
16904
8448
4128
12432
8193
0
22
2
1288
2048
1028
8204
128
64
4096
1024
4
8
6
256
512
5120
0
1216
1152
4096
1
64
4225
128
0
8448
8256
2054
0
640
4096
2
1
9216
16512
11520
262
8208
65