56
56
56
4168
256
18432
2048
0
2048
2
512
0
256
128
18464
4097
1024
1088
0
10246
4100
512
4608
8336
24580
1024
2
0
2066
1064
16896
64
322
1024
16386
4096
528
24
224
193
20
208
8192
32
1280
7168
36
8192
1088
524
4128
1056
264
256
6672
81
17664
32
512
4256
0
32
64
16416
16400
20480
2050
0
4
138
1024
8
268
2240
260
33
16
1034
4096
2176
1024
1028
128
4128
41
64
2112
4116
0
0
64
2048
384
2048
4
0
4352
1
16384
88
18436
37
16384
0
144
129
8192
3
768
16384
256
2
16392
8704
0
0
64
128
2
35
640
2048
1024
1
80
0
96
512
256
14
1
256
128
2560
1057
16520
1
64
160
64
528
1024
131
0
196
512
64
4112
288
65
80
144
20608
8192
12296
512
4096
36
2048
1
0
8204
10
128
2048
5121
80
2080
16384
0
64
12288
1026
70
8193
546
20480
3072
0
513
16704
4096
16392
1
8
18432
264
24
2060
256
128
0
0
16
4112
0
32
16
20
2368
4608
8
1024
4096
3328
16640
0
24576
1024
8704
516
514
8448
18432
16384
24
16396
16388
4
8321
0
16384
2562
14
4097
20
640
8196
8
2064
16385
0
4096
0
257
20480
256
16385
1056
4613
8194
258
8196
4224
256
16416
256
8226
34
16
8
8
2052
16
0
2048