56
56
56
388
1024
8192
0
896
16
16448
43
4160
17428
24
4106
1280
8240
2
386
548
4288
4162
160
10260
8224
4192
320
18432
68
1064
8322
128
4096
512
1024
8705
17152
8516
528
6149
8208
514
24578
2116
448
384
576
10368
8705
4608
1032
24
131
672
2304
2064
16392
2184
2048
4160
8770
16384
392
32
64
24592
20500
2050
3328
16386
264
4162
4112
1024
1024
4224
0
8196
2
4096
1600
8448
16384
20480
0
8192
2052
8208
4480
0
8200
5632
16384
2256
2
2179
8192
72
6240
16408
16386
9217
164
520
0
2049
260
8728
1216
4097
2
64
1544
4097
0
2
9480
16392
2114
0
5248
6148
144
160
18960
16384
128
6146
296
2
5
0
16434
2
9280
20496
26112
4624
10497
256
8336
4168
1
17024
192
16385
24576
10752
19200
897
160
12804
514
8
516
130
64
20
16
8204
134
18432
270
6272
2066
1538
16
2048
64
4
0
9232
9216
48
1036
4
449
12288
512
8962
129
168
8
1028
16384
3
8
1024
16417
16640
21520
32
1306
2048
3072
16
22564
3
18432
272
64
20504
6664
4480
0
2178
6152
1040
640
256
2080
16
576
4244
208
4226
9216
8
260
9216
1092
192
25668
512
259
24584
128
256
196
0
16896
145
75
17680
520
770
128
8768
16384
8
8456
770
5152
532
1040
130
18565
1024
160
16
1026
16897
520
2
4096
16520