56
56
56
128
4256
136
1
1024
80
16448
4
2184
2049
3074
272
2560
16
34
0
3072
4
4
2048
9280
49
516
0
8200
64
1
0
8704
1032
2
1
2048
8192
528
80
32
12
9
2050
66
17408
4112
4096
0
384
2
0
128
8192
4128
64
2
0
8200
4096
40
16384
0
16640
130
24584
128
0
1027
4
0
8
2176
4
0
16384
5
8464
136
2
96
0
769
4
36
0
8192
0
0
641
8
256
36
512
160
80
256
1280
136
0
160
65
130
512
2560
1152
512
768
64
1088
16896
128
4
16400
32
0
2060
576
0
2
16386
196
1025
8192
16
65
17
258
0
512
18
0
16512
0
16384
128
272
1
516
128
2306
20480
0
64
4
16512
0
4354
2048
258
18
0
832
6144
512
0
0
0
0
64
0
0
4104
19
24576
1024
0
9728
513
4098
4112
2064
0
8
17408
16640
12
4096
16
1156
0
256
4
16418
0
0
1
24577
2312
0
16640
132
544
0
1
0
0
2
12288
260
322
1040
20
2050
0
4104
16384
2080
580
8194
48
256
10248
320
272
32
0
8712
2560
320
64
66
0
8448
1
2
0
16512
1
512
64
10
16384
5120
9
17408
528
32
516
32
0
32
8
8192
2112
16704
8216
4
0
0
2048
16400
1056
288
16
10248
8