56
56
56
388
514
128
26
4128
8202
16512
10244
4352
36
0
132
32
1024
6
20992
8
1
4
2304
10
257
262
4096
8224
0
17
6
0
0
0
80
0
1024
10242
2560
2048
6144
8260
8192
2052
16424
20736
560
4098
4100
264
72
0
1048
8
128
320
4104
3072
18
136
6208
8192
4
0
1
8192
1
33
4100
16384
5120
96
24577
2048
4096
16384
676
128
18440
37
64
2056
18432
80
8196
16
16448
32
4880
16512
20480
4128
4104
272
16896
1409
65
0
64
96
16385
33
4100
14
0
2048
1044
256
20513
96
2060
16449
8194
24
260
8192
8204
18432
580
1536
4104
1024
4131
130
16386
28672
514
776
1088
2
6144
24712
1026
16641
18432
192
128
72
576
8464
18432
8192
16392
17026
4096
1540
1025
2688
16400
265
2050
16640
515
384
4161
2064
140
16
148
4100
8272
2
0
128
2048
65
8704
16386
1
16648
8832
4368
6144
8197
8192
19520
8704
512
4128
0
2052
132
0
8201
8224
8224
4640
264
16448
0
33
10240
2304
65
514
400
4418
8
2048
2340
664
8452
2112
0
0
17424
4096
2240
770
1024
2
4096
4096
8
0
0
128
4096
1120
161
36
768
6144
536
1536
257
0
128
2
20
33
8704
16640
2120
8192
24576
8
0
20
21024
1
0
258
1552
4128
16384
16660
2
64
14464
4354
2432
128
1028
1056
8224