4160
16428
31
132
640
144
1153
164
1856
16384
0
9
5249
2176
1056
2049
532
2
8
1538
0
266
1024
68
32
0
16416
8200
1
16416
36
20994
672
256
769
1
8192
0
1536
16384
524
16642
8192
64
9224
11264
4352
2056
256
4114
288
2176
8192
4096
65
1088
18432
8
4609
96
12
1026
64
6
9220
3072
512
16417
1
17664
256
8224
38
33
22784
37
288
896
6
72
0
1280
1
24584
16388
2064
0
1
128
32
3104
4097
17920
8320
4416
16672
24576
544
20480
3
64
578
16416
2304
16384
384
256
0
3072
16392
20
4
16384
40
136
8232
0
2080
1042
24584
156
1025
32
1280
1
148
4096
65
772
8
0
2048
9
544
8192
48
33
1028
128
6208
4097
0
65
4102
16448
0
528
2048
16641
256
128
512
24576
1536
1056
2
4224
0
8
4160
80
6145
64
4
0
64
2048
33
11
4096
19464
34
24
1024
276
1572
33
0
9216
32
8705
0
16512
512
33
4097
16384
136
0
16640
32
1536
8208
16
20480
8196
8192
8192
2566
256
50
40
4102
16512
12
16640
2304
2144
0
33
16784
6144
2064
320
42
512
12544
16384
257
0
64
66
3328
0
12288
148
16384
1026
8193
112
0
16
5120
16449
3076
336
16385
8192
128
640
16384
0
9474
0
321
136
8192
66
4
16640
19488
288
640
4112
2048
0