0
65504
21
0
0
200
57948
164
18552
16394
32060
18139
5121
2149
63
42407
4096
37651
15
1026
0
258
1414
1118
16446
425
32
8408
60
88
50112
20992
36640
25587
716
1265
8254
516
1552
16384
39704
258
55732
495
58332
27100
4590
35192
53024
19802
208
2567
8192
4097
6404
10433
18176
7
5336
302
374
8486
370
62590
15168
3098
52088
209
10204
20215
60
57138
23552
26912
22768
28075
271
896
246
48
3072
61782
64340
18394
498
2540
2061
241
46720
6024
6196
271
17936
130
4272
16692
8685
566
16609
16794
64
59570
34416
10690
20480
40054
251
11333
4044
16450
211
56
16624
215
4336
24656
270
2096
149
24775
342
481
168
1280
1
63041
4411
31
729
0
24888
992
41
17682
5594
4320
30192
1024
128
6192
4097
0
64
34041
16455
20464
4819
2292
16701
17
52400
16818
8209
1551
1058
493
39552
17
18192
4160
17
6144
50696
244
20636
4272
10375
37861
51832
60
3336
2050
1632
1071
49336
48268
220
4096
61152
448
819
496
56064
20097
55040
31
16845
105
206
16880
32
902
23168
160
20505
8443
270
46080
2586
2304
53136
51847
4578
240
33844
20856
2242
34778
256
303
16542
46744
62080
656
45990
480
12608
54830
497
30
140
39396
1400
195
8672
57169
19512
61083
8436
25648
448
0
1421
477
1079
16656
6288
36096
2446
58797
40176
976
9664
104
16764
905
8192
30210
15616
670
18460
56309
37920
61260
2048
19743