0
21
0
0
0
44008
40352
164
24064
46682
30656
57705
62988
2149
63
57031
0
26435
15
1026
0
258
1414
1118
16446
47233
41792
8408
60
33272
44800
60928
0
12051
716
53747
8254
516
1552
16384
7104
258
60496
53285
36800
27100
4590
27768
62976
5178
208
2567
32768
4097
27712
21367
34816
5519
1632
14746
374
62478
20380
47486
53248
3098
58304
209
42608
53919
54944
59614
0
45856
9568
27475
26996
896
246
49712
0
25654
23968
15710
498
2540
25950
241
15360
28296
46664
271
17936
130
4272
48716
8685
1142
16609
16794
64
31458
40896
10690
20480
22118
36078
25303
4044
43034
211
2120
63744
58103
4336
24656
44632
2096
149
24775
342
481
168
32000
1
31165
29932
31
729
0
62688
992
41
9418
42012
58912
57344
1024
128
6192
4097
0
64
33559
19696
34544
4819
2292
25424
17
7968
60926
8209
1551
1058
493
10240
17
16256
4160
28064
6144
35872
22364
8176
44336
10375
56371
60928
34652
26448
2050
24576
5319
56592
38836
220
4096
38848
448
49372
11952
45568
36407
34816
31
18674
10433
206
16880
41088
902
24576
6304
20505
8443
27320
58368
2586
65280
59520
17199
4578
65104
29696
20856
48668
25926
53248
303
32248
46920
8192
57808
48088
480
12608
47438
63332
64426
140
10708
1400
29917
1024
38129
29920
53105
8436
40688
40704
0
1421
38949
1079
1168
24832
35072
2446
11491
45312
36816
9664
104
16764
36125
49152
25678
0
26542
18460
7917
20352
53788
2048
25569