2048
12
13
0
2048
64
0
3072
4096
32
5120
192
1
0
8192
40
256
0
128
2048
64
256
4608
1024
2
0
1056
2048
48
4
8
0
8
2048
8
2048
16
256
0
0
4128
8
8192
0
272
64
2112
4
2050
4112
8200
0
0
0
2048
256
4096
0
8
8192
2
0
4
24
2048
0
0
16
4096
0
1024
1
4
24576
2052
136
4
1024
4
20480
8
128
20480
1056
129
2
256
16384
2048
8192
0
0
4096
512
4096
20
64
8224
512
2048
64
512
0
0
1025
4
16640
2080
12
0
12288
24
64
32
0
8192
320
256
18432
1024
512
64
1
2048
0
16384
256
20
1024
256
512
8
2048
0
132
0
4352
520
0
1024
0
16
32
64
384
1
16
6
64
8
0
2112
256
0
32
0
512
16400
2
16388
48
2048
0
16384
0
256
16384
2
0
0
4104
256
0
2
16384
2
33
0
4096
16388
0
32
16
8
640
0
4608
2
512
1024
32
8196
2049
2064
2048
0
1024
0
64
4
8192
2304
16384
4096
0
4
512
0
0
8
32
1
4352
0
8192
32
4
0
516
2176
0
0
16
0
16392
0
0
256
512
32
384
1024
16512
0
0
2
4224
4
64
34
16384
0
2176
0
0
2048
0
16384
8200
0
0
0
256
16384
0
512