57
12
5
0
18432
0
0
0
0
16
4096
576
4097
0
8192
544
0
16
128
2048
0
264
512
1024
258
0
288
2064
32
1
8
36
0
2048
0
2048
0
256
128
512
4128
520
4096
128
16
512
8256
4
2048
4096
8192
8192
4
0
10240
0
1024
0
2056
8192
2
64
0
8
2048
2
4
64
4096
32
1056
1
16388
24576
4
1032
0
32
0
4100
8
8192
16384
160
9
16386
2
16384
2048
8192
0
512
128
512
4608
16
64
8192
16896
0
96
512
16384
0
1088
4
16384
2048
36
0
8192
24
64
0
0
32
64
0
2048
1026
513
65
1024
2048
16
16416
8
48
8
0
0
9
0
4
6
0
1280
4104
0
0
0
17
8
64
2176
1
16
68
0
1024
0
64
8
8192
32
0
512
16
16
516
16
2048
0
16448
4
272
24576
0
128
4096
4096
0
8192
130
24576
512
32
0
5120
16384
0
0
144
520
128
1024
520
0
0
0
0
4
1
2048
2048
16
512
0
512
2048
8192
2064
2
6144
1024
4096
64
0
0
72
32
0
4100
4
32
8192
0
0
4
640
0
0
16
256
16400
1024
0
0
16384
32
384
1025
16512
0
65
16386
20480
0
65
48
0
0
2050
64
0
0
64
16384
8192
16386
16384
0
256
0
8192
512