4232
65504
21
64
0
0
513
8
2
8208
8
3072
2048
32
2048
16
2
18
16384
128
32
514
16388
256
896
288
2306
4096
256
0
784
0
520
138
3072
8192
64
2112
0
4112
16896
1600
8256
128
1024
17408
4112
264
4608
2048
8192
16
1
5120
8192
0
0
41
0
0
24704
0
16928
0
768
4
4096
512
0
16385
4
768
8192
1030
256
2080
0
0
16
0
256
4
40
16388
3
8193
2
16
48
128
0
516
65
0
8192
10
8960
3
16388
4352
64
16512
1024
1024
0
256
8320
1536
0
8192
0
2560
1024
4
1024
1024
4096
16
0
80
16640
32
1
8708
0
16514
2184
1040
0
544
16
2
5
16
4128
1036
128
0
4256
768
9220
32
12288
512
8192
40
0
544
8192
1
48
0
0
2080
512
16
152
8448
16384
2048
2048
0
0
4
0
24704
1152
6
18432
48
129
9
136
0
4144
9220
32
256
128
0
0
16896
8
4112
16384
1026
4
8448
96
1
16896
8193
258
0
48
2064
2
8320
0
21
17408
256
72
1025
32
17410
8
272
1025
17
128
16384
17
2336
12
2048
16448
192
8192
8704
132
8192
4112
1
8192
8192
16896
130
128
256
32
512
32
24578
2048
2
4128
2064
1280
4096
82
4
8192
8
512
4
3200
8
1024
4096
8256
320
2048
2050
4
1024