2080
12
269
32
256
514
0
0
0
1024
64
256
0
1088
1024
0
8
0
1
1024
0
256
0
16
2
4096
512
16384
1
0
8
512
16384
0
16
1056
128
8192
2112
8192
16384
520
256
576
128
8192
0
528
64
0
4096
64
512
128
32
130
0
0
2048
2560
16384
4096
4160
2
16
1
0
128
768
520
0
0
0
8
32
0
0
1024
4
16
0
0
8
1280
0
256
0
0
8
8196
16
0
4112
4608
1
384
2048
16
256
16384
0
513
2056
2
32
2048
2048
40
0
10240
2
4
8192
12288
8
512
16
4096
1152
516
0
8208
0
0
1024
64
2064
9216
8
2048
128
64
2560
4112
512
257
4
8192
2048
0
8
0
64
0
0
8193
0
16384
18
0
2048
0
256
0
0
0
8
0
0
768
16384
32
320
34
1
0
64
512
256
1056
0
264
0
4160
16512
256
8
516
0
8224
512
65
16
0
256
0
4
129
4
8
4096
1024
0
0
2
4096
0
0
1024
1
4
2
4
2
128
16392
132
0
2048
0
0
512
0
16384
2048
2080
16512
4096
0
16384
8448
2048
0
8
8256
8
8192
0
1536
16384
2
1
4
0
512
10
4096
0
1024
0
8192
128
0
32
0
2176
6
0
0
8196
96
16384
2064
4096
4
256