57
13
13
64
8192
2560
256
0
0
0
256
8192
512
1024
256
64
1024
0
1
1028
64
0
0
8208
2
4096
1536
128
128
32
0
0
20480
16
0
1026
128
8192
64
8208
4096
1536
8192
64
129
0
257
8704
0
0
4352
128
32
16512
544
128
0
16384
2112
512
1024
4096
64
0
16
1
8192
128
513
528
16
8192
16384
0
32
8
512
1024
4
0
0
0
16384
8448
0
256
0
512
0
8192
16
64
4096
512
0
128
2048
0
256
32
4096
1
2560
2
32
4
2052
32
0
2048
0
4
0
4096
8
1536
16
4096
17408
516
0
8192
0
0
1024
256
16
1024
0
2048
0
0
2048
4096
0
1
0
8192
0
0
0
4096
2048
128
8192
1
128
0
2
512
2048
1024
256
2
4
0
0
0
1024
513
16384
0
72
2080
4096
8192
16448
0
0
160
1024
0
64
64
16384
256
520
514
0
32
0
1025
512
0
0
0
516
128
5
8
8
0
8192
4
2
4104
0
8704
1056
1
20
2
32
0
128
8
68
0
2048
0
128
512
0
0
0
32
8320
4096
0
128
257
2048
0
8
12288
8
8320
0
512
16384
8
8
16388
1
1024
2
4096
0
512
128
16384
132
64
32
8
16512
514
2
32
4
2080
4
16
0
0
256