60473
65504
21
0
0
59
41195
61690
31
20723
421
4160
17558
24
46618
3436
12323
225
57272
204
61903
47754
22
10256
22768
598
244
59689
42
21
2
52652
56027
57311
1533
242
7578
12498
748
43860
8283
4145
8724
2116
14
380
4846
2703
53457
2306
61764
8578
62009
39749
55684
6276
19433
2160
55944
2414
8917
57543
56066
52835
766
5390
16438
242
41945
234
31073
4579
60932
36711
46162
36923
8643
388
132
4495
1005
49008
16736
16384
17152
8208
36782
12715
4799
56231
52910
12552
45906
65471
47166
127
8851
2120
2809
42
20676
42550
64
17059
1013
2817
481
8321
62
9672
227
209
1223
398
44836
200
9224
10311
2050
752
53128
6196
61094
812
2064
17291
118
6339
312
4354
35463
72
11
137
1089
59712
44882
31482
2481
992
60176
4120
46
512
4278
271
8678
50477
20796
35607
111
8804
444
51016
966
370
65183
20
49635
24577
121
4594
965
2335
38478
5361
46440
2048
1721
64894
8367
8205
8192
3
3744
35906
601
8606
839
57918
61923
63947
3085
3312
225
58703
161
26650
16774
53315
43425
34
1685
44610
1560
16589
6199
51880
19159
474
35352
5589
50732
57346
47676
111
6185
3565
782
12
953
260
54770
4307
62714
52651
8399
26310
198
48
405
114
41608
28289
243
8200
771
42893
60453
0
16505
22
58495
17619
8496
546
64652
3650
828
201
8232
993
61647
16775
15144
42317
11916
57091
255
44264
15316
17088
56592
2
43522
1035