55353
65504
48915
0
0
59
16357
57587
31
20723
421
4160
17558
24
23564
3436
12323
225
48806
204
53947
24949
22
10256
45504
62525
244
51470
42
21
2
22894
40123
48574
1533
242
64118
12498
748
22061
8243
4145
8724
2116
14
380
4846
2703
40865
2306
57362
8578
57861
13531
43086
6276
19433
2160
43854
2414
8917
49546
46532
39716
766
50381
16438
242
17301
234
45269
4579
55740
6357
26376
8176
8643
388
132
4495
1005
32031
16736
16384
17152
8208
5976
12715
4799
46926
29268
12552
17654
63074
28546
127
8851
2120
2809
42
20676
11217
64
17059
1013
2817
481
8321
64466
19073
227
209
1223
398
21426
200
9224
65234
2050
752
36624
6196
56364
812
2064
17291
118
6339
312
4354
5381
72
11
137
1089
37426
11074
58088
2481
992
46212
4120
46
512
4278
271
8678
20378
20796
4845
111
8804
444
36271
966
370
64771
20
33349
24577
121
4594
965
2335
9130
5361
27074
2048
60689
63701
8367
8205
8192
3
7236
5779
601
8606
839
41355
58159
62230
5867
3312
225
51606
161
51876
16774
24710
14051
34
1685
21633
1560
16589
6199
37859
19159
474
4688
55820
33122
48951
29808
111
6185
3565
782
12
953
260
43038
4307
51236
39636
8399
52244
198
48
405
114
9420
56292
243
8200
771
19882
54109
0
16505
22
43183
17619
8496
546
63136
6779
828
201
8232
993
53469
16775
30272
18776
5014
47372
255
19951
29152
17088
47640
2
20484
2062