128
524
269
64
16896
0
40
8192
4
16388
6208
4096
0
4384
260
8196
1024
16644
4384
0
2052
16404
0
8194
1
1040
516
0
34
20480
10
16384
16384
5120
0
2
1026
2
2050
36
16
76
32
8192
16385
20480
16
65
4
8
576
1152
1024
0
16384
0
512
4096
2064
16
4112
128
0
1024
128
32
2
1
4096
128
2049
0
20481
24
32
0
4100
128
2048
2084
4
0
4128
274
0
13
1
4144
2816
0
64
8225
4096
0
516
17664
1
16384
256
1058
16384
0
12352
6
4112
0
1024
16641
2048
1024
8
1
512
28
0
0
9
16448
4
0
4096
1024
273
516
8192
8192
10
0
104
2
4096
16394
1024
16384
2048
256
6146
1033
256
256
128
0
0
512
16384
512
32
512
3
257
0
2048
640
2
131
2048
0
528
132
16385
276
5124
4104
520
0
64
264
16400
16384
0
0
128
8
4
2080
0
8704
516
12289
8
132
128
16384
8452
0
2304
12296
1032
64
32
1028
16386
8194
1088
6
1280
6144
8192
1024
32
160
516
256
0
24
1024
1024
4256
1024
1028
32
0
5120
4104
12288
8192
16384
514
2080
144
160
1
16384
1096
4
8192
160
8320
18
8198
128
0
512
8
0
0
16384
260
1024
32
0
0
16656
16896
16
0
8448
0
0
192
1282
1168
256
512
0
88