8320
524
21
192
16896
0
40
8224
4
16516
6720
0
0
4384
4356
8196
9216
16772
12576
512
2052
16404
0
8194
1
1552
517
0
34
20480
10
24576
16384
21504
8192
2
1026
8194
2082
2084
144
12
2080
8194
16513
20480
16
2113
1028
8
576
1024
1024
64
16640
64
520
4224
2192
16
4624
384
0
1024
640
544
1026
1
4128
128
2049
1
20481
8
0
16
5124
192
2048
2340
8196
128
32
258
0
12
1
4146
2816
2
64
8225
4096
0
548
17664
1
16384
257
1058
18432
512
14400
70
4112
0
1024
17153
2048
1024
8
5
512
28
64
1024
4105
20544
4
0
4096
1040
273
16900
8200
8192
10
128
1128
2
0
16398
9216
0
2050
320
6146
9225
272
256
128
4
4096
512
16384
513
32
514
19
2305
4096
2560
640
0
131
2048
0
8720
148
16385
276
5252
4104
776
0
16448
256
24592
16384
0
0
132
0
2052
2088
0
8704
580
12289
24
148
192
20480
8452
0
2304
12296
1032
96
48
1092
2
8194
1088
22
1284
6144
8192
1024
160
160
512
384
0
24
1056
1056
4512
5120
4
8224
0
5122
8
12288
8192
16384
642
2080
400
160
2049
16392
1096
6
0
160
8320
18
8710
128
64
512
8
8
0
17408
260
5120
40
512
0
16784
16960
272
0
10496
4
4096
1216
5378
1172
256
512
0
89