57
21
21
4288
16896
0
552
8224
4
16516
6722
16384
0
4388
4356
8196
9344
16772
12580
16896
2052
16405
0
8194
1
1560
517
16
34
20480
11
24577
16384
21504
8192
2
1026
8450
2210
2100
144
12
2080
12290
17025
4096
16
2113
1028
136
576
1536
1536
8256
16640
16448
1544
12416
2192
17
4624
384
1
1024
640
544
1026
1
4129
8320
6145
1
20481
8200
1024
16
5124
192
2048
2340
24580
128
36
258
256
12
4097
4130
2816
4098
64
8225
4100
0
8740
17664
1
16384
257
34
26624
0
14400
86
4144
64
1025
17153
2048
1024
0
4
512
28
16448
1025
4105
4160
12
0
4098
1040
2321
16964
8232
24576
10
128
1132
2
0
16398
9216
4
2178
320
6146
9225
8464
0
130
2052
4608
544
16385
513
34
8706
19
2817
4224
2624
640
0
131
2048
16384
8720
148
16385
276
5248
8
776
2048
16448
256
24848
16384
0
0
8324
32
18436
2088
16
8832
580
12801
16
2196
192
20480
8452
1
2048
13320
1032
64
48
1092
2
8226
1089
22
5380
6144
8224
1536
160
160
544
384
2
24
17440
1057
4256
5152
4
8224
0
5122
72
12352
8193
16640
130
2080
400
160
10241
16396
1096
6
0
672
8832
18
8718
128
64
512
4104
10
1
17410
260
5120
42
516
16
20880
17088
16
0
10498
0
4096
17600
5378
1172
4352
512
16384
89