324
1164
2063
72
388
18432
0
0
6144
514
10752
256
0
4
18592
4098
2
1280
8208
2082
4
8196
4096
18576
24576
512
1
0
4
1056
258
0
336
5632
8706
20481
512
16408
1120
129
132
24
24576
1072
800
6208
4
8448
1088
8
48
1024
257
256
6148
9
17416
32
2688
133
192
2
1120
16384
16400
16416
6154
8192
2304
131
1040
520
14
352
32
1
2050
1026
6144
2192
4096
1024
148
34
8204
64
584
4112
32
0
4112
2336
1026
64
4
2
4416
3
16389
338
2561
2593
4
32
16
4105
8704
0
0
16386
16384
130
8
18944
2052
5
64
2312
66
2082
17028
2080
0
0
32
512
16452
8
0
2
0
4096
2048
3584
5121
16520
16449
0
65
64
144
1024
3
4097
76
256
64
0
264
2
48
146
4736
12292
8192
576
0
1060
16
8208
2
1036
8216
128
2050
1024
16
2084
1
8
1104
12288
256
10
0
1570
288
18434
256
289
96
4136
16640
20481
130
2052
1416
20504
2052
768
128
1032
1024
16
4128
0
544
1
4112
2320
9728
2056
2
4224
3072
256
0
0
1024
8196
64
514
1
2116
256
136
268
516
512
9216
4352
1024
2560
10
2049
4
512
1028
8
16400
1
2112
4128
32
256
0
0
16649
0
6664
8210
2
8192
0
64
1
16640
8195
34
272
520
2060
0
0
64
2178