260
1164
2063
72
384
2048
0
0
6144
2
2560
256
0
4
18560
4098
0
1280
16
2082
4
8192
4096
16528
24576
0
0
0
0
1056
256
0
336
5632
8194
20481
512
16408
96
129
132
24
24576
1072
288
6208
4
8192
64
8
48
1024
256
256
6144
9
17416
32
2560
129
128
0
96
16384
16400
16416
2058
0
2048
130
1024
520
12
96
0
1
2
1026
4096
144
4096
1024
148
34
8200
64
576
4112
0
0
4096
2080
1024
64
0
2
4352
1
16388
82
2049
545
4
32
16
4097
8704
0
0
16386
16384
2
16392
16896
4
1
64
2056
2
2082
17024
32
0
1
0
0
16448
9
0
2
0
0
2048
2560
5121
16520
16385
0
1
64
144
1024
3
4097
12
256
64
0
264
2
48
144
4736
12288
8192
512
4096
36
0
16
2
12
24
128
2050
1024
16
2084
0
0
80
12288
0
10
0
1538
256
18432
256
33
64
4104
16640
16385
2
2052
1288
4120
2052
256
640
8
0
16
4128
0
544
1
4112
2304
8704
2056
0
4096
3072
256
0
0
1024
8196
64
514
1
2052
256
136
12
4
0
9216
4096
1024
2560
10
1
4
512
1028
8
16400
129
2112
4096
32
256
0
0
16393
0
4616
8210
2
8192
0
64
0
256
8195
34
16
520
12
0
0
64
2178