57
9356
2063
72
385
2048
0
1
6148
2
2560
256
256
0
18560
4098
4
1280
16
2082
12
8192
4096
18576
24608
16
0
64
128
1056
4352
4
336
7680
12290
20481
512
16400
352
129
8324
24
24577
1040
288
6208
5
12288
64
8
48
1040
257
264
6144
25
17416
96
2560
16513
129
2048
96
16384
16432
32
2314
0
2048
130
5120
524
28
32
4
3
2
1027
4096
144
0
1536
1172
546
10248
64
4672
4368
2
0
4096
2080
1024
96
0
2
4096
1
16396
82
2049
545
4
32
1040
4097
8720
16
0
16386
16384
2
16392
16896
4
1
64
2184
1026
2090
17024
0
2
1
0
0
16448
2057
256
514
512
0
2048
2688
5121
16524
16385
4
1
68
1168
1024
515
6145
12
256
80
0
280
10
48
8336
4736
12288
8208
512
4096
36
128
16
4098
12
8
128
2050
1024
17
2085
2
2
84
28672
0
10
0
5634
260
18448
264
49
320
4106
16640
16417
3
4
1288
4120
4
256
640
520
512
8208
4128
0
545
1
4112
2304
8704
2056
1024
4096
3072
272
256
16384
3072
8196
68
514
1025
2564
256
138
12
68
4
9216
5120
1280
2560
10
5
12
768
1540
72
18448
8321
2112
4096
32
256
128
0
24585
16
12808
12306
2
8192
0
96
1
256
8707
34
16
512
12
0
0
96
2178