42553
65504
21
0
0
2558
0
23302
6148
253
3070
254
256
25101
18560
12049
25866
1280
28212
2269
800
8192
4606
18576
13839
20009
0
64
128
1502
4607
26649
5744
33858
12796
60997
26147
16400
6022
129
19372
231
14418
1518
479
6208
250
31279
64
38250
48
1518
257
246
6399
4688
65126
8601
2560
5876
12221
20539
50652
16384
16432
32
15436
255
18242
18625
5375
9811
15204
31849
4
14919
6473
1027
4096
19423
18768
2046
1172
19912
10742
64
5054
4334
508
23128
4096
12155
1279
3836
255
2
4096
13666
60112
82
2049
32836
23402
3463
31200
9322
21070
16
7788
46441
43629
21467
16392
17151
4
24036
64
14316
1277
2516
17024
255
2
254
0
0
16448
2294
256
18813
26496
6785
12420
2942
5121
33043
16638
251
15752
3535
1390
31115
18065
6145
57106
256
80
0
31099
10
207
8303
4735
25241
34730
10393
10140
474
2590
239
4098
498
2474
127
2556
1024
238
2085
253
2
11349
29182
255
20151
7852
15537
260
24735
246
25572
320
4596
16640
16863
3
251
1527
4327
4
511
640
520
18880
8208
4574
0
32741
1
4112
6599
8959
2056
11976
18635
26059
495
256
48284
3327
8196
7958
514
21714
3066
254
15201
12
31085
14302
43444
5120
27357
2560
500
507
1517
768
1540
16283
34004
8575
21799
29926
32
22761
382
19947
24822
16
13302
12306
2
15344
255
96
511
254
8956
34
16
28148
22023
510
0
29790
30331