57
21
333
256
18464
0
8
2176
258
1
16
0
65
4226
160
521
260
259
0
0
64
2
0
64
1024
2064
2064
32
2
0
8208
64
48
4096
18432
66
20
12
80
4
8192
4096
0
8192
1024
0
0
2049
8
1024
48
512
769
0
0
1024
1024
40
32
0
4
0
2056
2048
2560
1408
8192
544
8320
0
8260
0
0
516
2112
2
8
0
1344
4
33
0
0
512
16386
1032
4384
4096
8232
16400
2048
1024
4096
2
2
8208
17408
256
16388
576
8576
0
8
384
64
2560
640
1
68
16
1040
1024
0
81
8192
4192
2051
0
128
16
544
6
32
4
4608
48
72
4104
258
24
128
16
2052
0
0
0
200
64
9
512
4224
16388
8704
2560
4356
8
2048
16402
5120
52
4101
32
0
0
18448
0
8192
96
256
0
258
0
24576
32
32
2048
128
2064
8
0
67
16384
4224
2048
1024
6272
4224
515
8196
18
0
8192
17408
2
8
20
36
4128
5120
0
0
1088
4
64
16512
24832
8216
64
16
1152
32
40
16384
0
2
258
8192
8328
130
2049
256
16896
4
2
2048
36
64
18433
1024
5
8704
16
32
256
16385
8192
2
2048
0
17664
96
8
0
5
16448
512
24
128
2176
64
0
2056
16
0
256
32
6
0
48
4100
16384
4096
17408
2048
256
10