4096
12
525
32
1024
0
32
4
0
2048
0
0
0
512
0
0
4096
16
0
2048
0
4
16384
0
0
16
32
16
0
0
64
4096
8192
512
0
0
0
512
16384
4096
64
0
8
0
2
0
0
4
8
0
0
64
0
0
0
0
0
0
0
8192
0
1024
8
4
0
2048
2
16384
4096
0
8192
0
0
0
0
256
8
4
0
128
0
4096
0
8
2048
0
0
256
1
1
2
0
0
16384
64
0
0
2
0
16
0
1024
1
0
1024
512
64
0
0
128
0
0
4
0
512
8
0
0
0
0
32
2
2048
32
4
2
64
256
0
0
0
1024
0
0
0
16
0
32
32
0
4
0
1024
8192
0
0
32
256
0
0
0
256
8
0
0
64
32
0
0
1
2048
0
2
0
0
1
4
0
0
128
0
8192
0
16
0
0
512
4096
0
1
2048
0
0
0
0
0
0
0
0
0
8
512
512
32
32
0
1
4096
2
0
0
0
0
0
16384
8192
2
0
2
0
16384
32
16384
0
0
0
128
2
1
8
0
256
1024
0
0
0
0
0
1
64
256
0
128
16
0
0
16
8192
4
32
0
16
0
32
0
0
8
128
0
0
8192
8192
256
4
2
1