4096
8204
21
2080
1025
0
32
516
0
2048
0
0
0
512
2
0
4608
16
0
6144
512
516
16400
0
2048
16
288
144
32
1
64
4096
8192
512
0
16384
0
516
16384
12288
64
0
4104
32
6
0
0
4
9
8
0
66
16384
256
8
8
0
256
0
10240
64
1024
12
4
1024
2560
514
16384
4096
0
8192
0
1024
16384
2
4352
4104
36
32
128
4
6144
16384
16392
2176
8
16
256
33
3
2
0
1
16384
64
0
0
10
0
16
0
1280
1
0
1280
512
64
64
0
128
16384
32
260
1024
8704
8
0
0
512
0
4128
2
2048
32
4
2
72
320
64
0
256
17408
0
2048
8192
16
0
32
32
0
4
16
1024
24576
0
4096
1056
256
0
0
128
257
8
256
512
2112
48
0
0
8193
2048
0
2
64
0
5
4
0
0
128
1024
9216
0
144
0
0
512
4096
0
3
2048
0
0
0
64
0
0
0
0
0
24
4608
516
288
32
0
1
4096
2
2048
8
0
0
0
17408
8192
2
1024
2
512
16384
32
24576
0
64
0
1152
130
9
8
2
256
1024
256
2
32
0
4096
1
16448
256
1
192
80
1
32
24
8704
2052
33
0
16
0
160
32
0
8
128
256
256
12288
8192
768
4
2
1