57
8204
29
2082
1
2
32
516
0
2048
8192
0
2
512
3
1024
4608
20
16384
6144
1536
4
16400
1024
10240
16
288
145
32
0
64
4097
8192
768
0
16384
2
548
16384
12288
66
256
4136
32
6
32
0
68
4105
16392
4
322
24576
258
8
8
0
768
16384
10496
66
1280
76
4
1024
2564
546
0
4100
1024
8192
512
1024
16386
2
4352
4104
44
160
2176
5
6208
16448
16392
2177
8
16
256
33
131
34
512
1
16640
65
0
0
10
0
16
0
1280
1
0
1280
512
64
64
0
4224
18432
36
260
0
8706
8
256
512
576
0
4128
2
2048
32
4
4098
72
1344
65
0
256
17410
0
2048
8192
16
0
32
32
0
36
80
1056
26624
0
4160
1057
260
4096
0
128
257
8
256
576
2112
48
0
256
8321
2048
8192
6
68
2048
5
4
0
0
128
1024
9216
0
144
8192
1
513
4096
32
35
18432
0
0
256
64
16
0
8
16384
512
1048
4608
2564
288
96
0
1
4096
2
6144
8
16
64
2
17416
8192
66
1024
514
0
16416
288
24576
4
66
0
1216
146
137
0
1026
320
1024
256
514
33
1024
4112
1
16452
4352
8193
8384
80
9
36
24
8192
10244
33
0
2064
8
160
48
16384
520
2176
256
258
12288
24576
768
4
2
1