48185
65504
21
0
0
45000
224
40701
0
2366
42802
36341
772
242
356
1072
49634
884
16579
46548
1616
59
3545
1504
10447
223
63417
439
991
252
88
4417
8702
38610
0
54235
55018
727
16384
12288
52756
364
4378
64257
8353
992
0
441
61402
7639
995
62491
24591
306
502
22664
64504
35807
10834
46545
142
1536
79
122
1342
2306
62944
51267
5115
1075
8510
20337
1486
16508
253
4364
4343
59295
144
2674
238
5967
33499
16631
2407
8
143
38994
47994
259
56040
26761
230
17394
14012
768
59187
500
55246
8
510
1472
47896
510
49300
256
446
64
48
4163
18540
836
55540
383
55442
35452
499
767
934
65158
4112
412
61342
35321
35870
55639
55608
1216
126
0
43382
17659
64634
2240
8255
16
510
35
40014
255
52824
136
1215
26624
10060
4224
58443
420
4159
6
152
510
4
280
49444
24201
43000
192
512
8278
2279
65364
9
474
1102
19073
27064
43178
56920
256
1024
9219
6
80
41547
508
51020
4480
64
56720
18528
45129
53090
37191
64
40055
510
58747
16483
527
1312
4608
2308
479
184
384
62267
63801
38175
6614
33583
488
422
4
17902
8447
36313
1024
48689
192
16575
300
24702
58163
52324
383
57472
52293
38506
24
1405
57761
54306
256
1023
61184
37290
4488
54554
3450
51741
50584
8195
429
46
72
44794
53242
51917
39657
34063
62847
239
41426
46
16882
47822
41109
262
972
13054
24684
1023
49927
63998
39683