48185
65504
21
12291
0
53453
8934
40701
0
22343
42802
38144
772
242
62592
23359
49634
884
16579
46548
28772
59
3545
1504
11751
223
63417
439
30971
252
88
4417
8702
38610
16930
14078
19214
12540
45350
12288
52756
364
4378
64257
8353
992
0
441
24378
15112
995
62491
24591
306
502
22664
26416
58136
65024
3084
21962
4925
79
122
1342
2306
62944
17030
7743
1075
13956
20337
1486
23493
253
4364
20111
59295
16094
2674
28046
31904
33499
31818
2407
8
143
38994
25130
259
56040
27620
230
17394
14012
19902
59187
500
55246
4459
43718
1472
47896
510
49300
256
32552
26027
48
4163
18540
836
14436
383
55442
35452
15975
767
53512
2813
35464
412
20504
62068
39322
57044
30260
1216
18686
51714
43382
41598
64634
2240
8255
16
4486
2476
64472
255
52824
136
1215
26624
10060
27409
58443
26826
4159
6
152
29333
7324
280
49444
24201
43000
192
512
8278
4999
65364
9
32637
1102
19073
27064
62033
7936
32169
1024
9219
6
80
62969
508
51964
6547
64
63555
18528
45129
53090
37191
24568
40055
510
20790
16483
527
12510
15551
2308
8608
184
39686
62267
37315
38175
28260
40183
488
24944
4
17902
64665
36313
1024
15873
192
16575
300
1530
25352
59194
383
37384
52293
38506
24
26713
7038
54306
256
1023
61184
44684
7275
54554
3450
51741
50584
22763
11414
1560
12083
48358
7911
51917
63960
34063
62847
28129
41426
22562
49127
47822
14979
262
972
29176
24684
1023
3588
2300
6658