36409
57312
18199
43526
2613
18942
16384
51476
6660
189
4094
9993
256
52250
18560
20000
51226
1280
56408
2269
1589
20503
4606
43559
3007
40002
0
64
6876
1438
4606
54615
37840
11173
50112
36491
9835
16912
12754
131
52988
231
40058
1518
4575
20077
250
50270
4160
10956
48
1518
256
1270
6399
9351
46806
32523
2560
60522
24313
38524
35656
24576
37488
32
59328
13122
33958
60747
5375
27617
31228
18299
4
29586
12689
1091
4096
64373
37536
2046
33328
33985
10742
10222
6078
4334
2556
4874
3400
27953
16219
15542
255
8513
4096
27331
38300
16567
2065
64681
42704
20916
61424
34876
33421
4467
15576
53277
25675
59065
47224
31024
9078
55097
64
58187
16883
2260
17024
255
1026
254
0
21373
33214
2278
256
42623
11014
8964
49680
13571
5121
50977
18052
5508
34204
15333
20986
58648
35615
6145
48176
256
80
26150
61711
266
207
30470
4735
38178
60996
19764
15160
218
5052
235
4130
466
4940
127
18940
1024
238
37
253
14507
22527
44969
255
46361
15194
25440
33892
30544
246
11509
11252
4598
16640
16861
1027
3181
1527
30122
17088
7356
640
8
25872
38865
12704
26561
63913
15046
12758
25941
8959
33379
22418
33182
57595
495
256
24585
3327
8196
27834
515
42150
18639
254
25574
4108
61983
51052
15722
15068
16022
2688
4596
507
3022
2816
2791
56931
50078
27749
41550
21686
32
9213
27499
39639
33762
0
13238
12306
2
21954
16639
96
23284
1278
42465
10522
2064
8418
44038
510
16637
37464
58234