44601
65504
21
0
0
2558
16384
51540
4612
189
4094
9993
256
52250
18560
20000
51226
1280
56408
2268
1557
20503
4604
43559
3007
40018
0
0
6876
1502
6654
55127
37840
11173
50048
36491
9835
16912
12754
131
52984
231
40058
3566
4575
20077
250
50206
4288
2764
16
1534
16640
17654
6399
9351
46806
32523
2816
60522
24313
37500
35400
24576
37488
32
59328
13154
32934
60747
5375
27617
31229
18267
4
29586
8593
1091
4096
64373
37537
2044
33328
33985
10742
10220
6078
4334
2556
4938
3400
28017
15707
15542
255
8513
4096
27331
54684
24759
2065
62633
42704
29108
61428
34940
33421
4467
31960
53279
25691
59129
45176
31024
9078
55097
64
58187
16883
2260
17024
255
1042
254
2048
21357
33278
2278
256
42623
8966
8972
49936
5379
5153
34593
18084
5508
34204
15333
20970
58632
35615
6153
48180
256
82
26150
61709
330
207
30470
4735
38178
61004
17716
15160
90
5052
233
4130
16850
4940
16511
18876
1024
254
165
253
14505
22519
44969
255
46361
15192
25440
33892
30548
1270
11381
9204
4598
16384
16861
1027
3183
1527
30122
16576
7357
648
9
17680
38609
12672
26561
64937
15046
13782
25943
9215
33379
22418
33182
57595
511
256
24585
3263
8204
27826
4611
42150
18637
254
25574
12300
61983
51052
15726
16092
16020
10880
12788
507
3022
2816
3815
56931
49822
27717
41550
29878
288
9213
27499
39639
33762
256
13238
12306
66
21954
16631
97
23220
9470
42465
10554
2064
8418
44034
1022
16509
37400
59258