48184
65504
21
0
0
49096
224
40700
2560
2878
34594
36343
260
178
358
1840
57824
868
16579
46548
1600
1083
3545
21984
10447
463
63421
951
863
1276
64
4929
25086
38592
32
54235
38634
599
18440
12288
52752
2412
12570
64273
8369
480
1
953
61402
7638
1011
46107
24607
306
502
22920
64504
35279
14930
46161
159
1540
79
123
1342
2050
62944
51267
5115
1079
8382
20337
1502
17532
245
6412
247
58783
145
20082
1262
5967
33499
16631
2150
8
1163
38994
47987
2305
56041
18569
2294
19442
9916
800
59195
372
54862
264
478
1344
47640
17918
49556
385
16574
2112
16432
12355
19564
884
51316
255
55442
35452
499
17151
4902
44678
4368
156
65438
35321
35998
55639
56632
1218
127
16640
43382
17658
64634
2112
8735
16400
506
163
38986
255
51800
136
1215
26624
10060
4744
50251
416
61
14
8216
16894
132
472
50468
24201
42968
448
512
8214
2087
65492
537
450
1230
2689
27049
43178
56904
256
5120
25603
534
82
42571
4596
51148
4484
64
56760
18529
45161
52194
39271
64
35957
2558
58747
16483
527
1056
4352
2310
479
8376
896
62271
63801
38175
6614
49965
16872
420
16396
16878
24831
36185
1024
48945
193
16575
300
24702
59187
52580
383
61632
52293
38506
72
1533
57761
54306
16648
959
61184
38314
4488
54554
3418
51741
50616
8195
8621
46
16456
41722
52218
51917
40681
33038
62835
111
41427
46
16818
47822
41365
262
972
13054
24684
959
49927
59902
39431