48184
65504
21
0
8192
45000
224
40700
512
2366
34610
36343
260
242
358
1328
49632
884
16579
46548
1600
59
3545
17888
10447
479
63417
951
991
252
80
4417
8702
38608
32
54235
38634
727
16392
12289
52756
2412
4378
64257
8369
480
1
953
61402
7639
995
62491
24591
306
502
22920
64504
35791
14930
46417
143
1536
79
122
1342
2306
62944
51267
5115
1075
8638
20337
1502
16508
245
6412
4343
59295
144
3698
1262
5967
33499
16631
2151
8
139
38994
47986
2307
56040
26761
2278
19442
9916
768
59187
500
54990
8
510
1344
47896
1534
49556
257
190
64
48
4163
19564
852
51444
127
55442
35452
499
17151
806
61062
4368
412
61342
35321
35870
55639
56632
1216
127
16384
43382
17659
64634
2112
8223
16400
510
163
40010
255
52824
136
1215
26624
9548
4232
50251
420
4157
6
24
16894
4
408
50468
24201
43000
448
512
8278
2151
65492
521
466
1102
19073
27065
43178
56904
256
5120
9219
22
80
42571
4604
51148
4484
64
56752
18529
45129
52066
37223
64
35959
510
58747
16483
527
1056
4096
2308
479
184
384
62271
63801
38175
6614
49967
488
420
16388
17902
24831
36313
1024
48689
193
16575
300
24702
59187
52580
383
57536
52293
38506
8
1405
57761
54306
16640
1023
61184
38314
4488
54554
3450
51741
50584
8195
429
46
72
42746
52218
51917
40681
34062
62839
239
41427
46
16882
47822
41365
262
972
13054
24684
959
49927
59902
39687