65460
8161
10775
24067
8447
44855
17956
40700
512
2366
34610
36343
260
242
358
1328
49632
31899
16444
2110
1600
1104
44805
17888
39496
33
63047
20690
545
56125
80
55935
8449
44785
7681
62718
5177
552
16392
12289
52756
2412
4378
64255
15069
41786
511
12406
61402
17241
796
62692
27172
36252
29484
57078
23871
25210
14930
46417
143
37754
176
133
32958
24126
62944
18176
4868
1075
8513
45270
52656
16770
267
33879
10324
11693
111
3698
1262
5809
33573
16631
2151
8
116
4612
23074
2556
55831
26761
2328
18956
9795
2397
59795
500
54833
8
257
14757
47896
8552
4410
257
65
446
48
34224
34010
852
51211
4080
13572
39669
13
17151
985
13807
26470
412
25624
35078
36065
55639
56775
1087
24959
16384
64652
17412
64634
2112
27751
16400
0
45630
40372
30090
52824
136
1345
26624
5586
4232
50613
18670
4157
504
24
16384
251
408
7512
24439
10814
448
767
39751
2151
24012
758
18293
22678
19327
27065
59643
57270
29351
5375
9219
233
175
44899
4604
12258
4475
64
611
18590
19635
52066
37017
8567
35959
11963
58756
16540
752
42652
4351
60228
288
7802
383
62400
16267
38175
6441
12184
47738
28196
17615
37306
24576
52419
33743
6302
193
16448
300
48978
8
12144
383
57536
61470
43844
502
1405
18302
11264
48349
26079
61182
48950
4488
54554
3204
51938
50278
8701
338
464
72
42756
753
4623
12532
34062
62839
30433
41427
464
16396
47822
41365
16630
562
13054
24684
959
49913
59902
39673