57
108
29
0
128
640
1
4
68
16384
516
520
1
10240
2
2048
80
2
128
17408
4
16
0
2112
32
4
0
512
128
0
16
512
1
0
1
512
9216
0
16
4096
4
0
0
64
1024
16384
4096
0
256
2
0
128
0
4096
576
32
8
16392
4096
34
2
0
0
6
8192
0
8
1
1024
0
128
4096
2052
512
16384
0
320
384
2
320
0
768
0
0
0
32
1
0
128
8
0
4096
512
128
1088
256
2048
0
8
512
64
2
16384
2048
0
128
256
4
1024
16384
512
4
16384
4128
2048
8
2048
128
2050
16384
129
1
4
2048
1
144
256
257
512
0
0
0
128
128
0
272
0
0
128
2048
4160
16
0
4
16384
2
4097
2048
384
16
640
514
0
2560
1024
8192
1024
256
1024
16
0
4096
34
0
16384
32
8192
3
2
4096
2080
2048
12
9216
256
4
32
0
1536
256
256
2
16416
1024
32
1
18432
8
64
0
256
512
0
32
8
68
256
8196
4
256
24
0
2
0
8
16384
2048
72
2048
8224
768
2048
2048
256
544
0
8192
1
260
0
64
64
256
0
128
0
16384
0
0
64
8200
256
1040
1
1088
128
512
0
8192
128
32
1024
8192
0
288
8
8192
65
0
0
16640
16416
288
2048
2048
0