57
21
15
128
512
0
0
128
8192
0
4
1088
16
64
256
32
2
4100
16
0
128
4608
4096
1
512
0
512
4
2048
16
4
0
16384
0
256
0
64
0
2
0
8192
16416
1
8
16
0
16
1024
24576
0
128
0
260
32
17
0
0
16
2112
0
16400
1026
0
0
0
4096
32
16
2048
0
0
2560
256
576
256
24
512
0
32
144
16
2112
32
4224
0
66
2
0
0
520
16
128
1056
257
8192
1
1
16384
128
128
8
0
32
4
1024
0
1024
2
0
0
9
512
4112
10240
0
384
16640
64
0
4
0
0
0
8193
0
2
2048
2064
4
1024
64
16512
0
64
4
0
4
32
128
2112
4104
8192
16392
0
128
1
0
260
3072
8
0
0
0
2048
256
0
0
1024
6144
0
384
0
1
4
0
17
0
8
2176
16448
64
17408
64
0
0
0
1
8
1
320
8192
64
4160
64
0
0
4
16384
4
0
128
1024
2176
4
0
1024
1024
64
0
0
528
512
8192
32
512
0
8
1
128
16
516
1025
0
1024
4608
257
0
8192
520
16384
16384
0
257
16
12288
34
2176
4096
0
1
512
64
0
264
64
64
16
0
0
0
2
4
4100
16
4096
512
4
256
256
0
0
0
1024
512
1026
8200