1088
4
525
0
0
0
8192
128
512
0
0
0
4104
20480
0
0
513
16416
0
0
256
64
0
0
1
1152
544
0
1088
2048
16
4352
1
64
8
1024
2
8
8192
528
2
4224
16384
256
32
4096
4098
0
516
0
256
32
130
16512
4096
18
0
3072
0
0
3072
2048
2
0
0
4096
0
0
0
4112
8208
16384
8224
128
16
16384
4096
6144
256
0
32
1024
0
128
0
1
1536
24
128
32
0
0
0
0
0
34
4224
258
64
256
16384
16
4096
2048
16640
2
2048
8192
32
12288
32
8192
0
4096
0
32
2048
0
2304
16384
96
65
8192
8
32
128
20480
512
0
0
64
2048
256
16
1040
1
2048
40
0
0
4112
0
264
2176
0
68
128
8192
4112
16
64
2064
5120
8192
1026
4
8192
128
1
0
4
2112
16384
0
512
1024
4
32
8
0
2
16
0
4
2048
0
1040
128
1024
0
0
16384
8
0
0
3
8192
16
2048
512
0
256
2
320
0
0
256
2048
0
64
4096
0
0
16384
4
16384
0
64
2
0
0
4
3
2
0
272
8
2048
0
2048
2080
16384
128
544
64
5
16640
0
0
4
2
16
128
1024
8192
2
512
0
2
65
128
512
8
16384
16
768
0
18432
16
192
0
64
9
128
0
0