1088
20
21
0
128
0
10240
2176
0
2048
0
0
4104
20992
1024
1
513
16416
0
0
256
1088
0
4
5
1152
544
0
1096
2304
4112
4353
1
64
8
1025
0
136
8192
528
0
4224
16416
256
32
4160
2
0
516
1
256
32
130
16512
4104
50
0
3073
16
4
3072
2048
10
0
4096
4096
16384
0
0
4240
8208
16384
8224
384
16
16388
4096
6144
256
0
48
1024
0
16512
64
1
9728
24
128
32
0
4
4096
0
0
34
4224
322
64
256
16384
16
5120
2048
16768
2
2048
8192
32
12544
32
8192
0
20480
2048
288
0
64
2048
16384
1120
1089
8192
8
32
384
20480
520
0
0
72
2048
256
16
1040
3
2112
4136
0
0
16
16384
264
2208
4096
68
640
8224
4096
4112
64
16
5120
8192
1026
4
8224
130
1
0
5
2116
16384
16
0
3072
68
32
520
512
514
16
2048
4
2048
2048
1040
144
1024
0
128
18432
8200
0
0
3
9216
2064
2048
512
8192
256
2
320
32
0
16640
2048
0
64
4096
0
64
24576
16388
16416
2048
96
514
0
4
2052
3
18
1024
400
8
2048
8
2056
2082
16400
128
546
64
4
16384
1
0
516
130
8208
160
1024
8192
2
16896
8
2
65
128
512
8
16384
144
768
2048
2048
16
200
0
64
8201
128
0
2