80
53
10
57
32
67
114
101
20
116
101
100
32
98
121
32
71
73
77
80
32
118
101
114
115
105
111
110
32
50
46
65486
65487
46
51
48
32
65535
65535
65535
65535
65535
65535
65535
65535
65535
65535
65535
65535
65535
65535
65535
65535
65535
65535
10
50
53
53
10
65535
65535
65535
65535
65535
65535
65535
49173
65535
65535
65535
65535
65535
65535
65535
65535
65535
65535
65535
65535
65535
65535
0
0
65535
65535
65535
65535
65535
65535
65535
65280
65535
65280
65535
65535
21
65535
65535
65535
65535
65535
65535
65535
65535
65535
65513
65535
65535
65535
65535
65535
50
65535
65535
65535
65535
65535
21
65535
65535
65535
65535
65513
65535
65535
65535
65535
63615
65535
65535
21
65535
65535
65535
65535
65535
65535
65535
65535
65535
0
65535
65535
65535
65535
65535
0
0
65535
65280
65535
191
65535
65535
65535
65535
65535
65280
65535
65535
65535
64575
65535
65535
65403
0
65535
65535
65535
65535
65535
65535
65535
65535
65535
65535
65535
65535
65535
0
22
0
0
0
65535
65535
65535
65535
65535
65535
65535
65535
65535
65535
65535
65535
65535
65535
65535
65535
65535
65535
65535
65280
65535
65535
65535
65535
65535
65535
65535
0
65535
65535
65535
65535
65535
65535
65535
65535
65535
65535
65535
65535
65535
65535
64511
65535
65535
65535
65535
65535
65535
65535
65535
65535
65535
65535
65535
0
0
65535
65535
65535
65535
118
65535
65535
65280
65535
65535
65535
65535
65535
65535
65535
65535
65535
65535
65535
65535
65535
65535
65535
65535
65535
65535
65535
65535
65535
65535
65535
21
65535
65535
65535
65535
65535
65535
65535
65535
65535
65513
65343
65535
65415
65535
65535
65535
65535
65535
65535
65535
65535
0
65343
65023
65535
65535
65535
65535
65535
65280
65535
65535
65535
156
65535
65535
65535
65535
65535
65535
65535
65535
65535
65535
65535
65535
65535
65535
65535
65535
65535
65535
65535
65535
65535
65535
65535
21
65535
65535
65535
65535
65535
65535
65535
65535
65535
65535
65535
65535
65534
65535
65535
65503
65535
65535
65535
65513
65535
65535
65535
65535
65535
65535
65535
65535
65535
65535
65535
65535
65535
65535
65535
65535
65535
65535
65535
32767
65535
65535
65535
65535
65535
65535
65535
191
221
65535
65535
65535
65513
65535
65535
65535
65535
65535
65535
65535
65535
63615
65535
65535
65535
65535
65535
65535
65535
65535
65513
65535
65535
65535
65535
65535
65535
65535
65535
65535
65535
65535
65535
65535
65535
65535
191
65415
53247
65535
65535
65535
65535
65535
65535
65535
65535
65513
65535
65535
65535
65471
65535
65535
65535
65535
64511
65535
21
65535
65535
65535
65535
65535
65531
65535
65535
0
0
65535
65535
65535
65535
65535
65535
65535
21
0
65535
65535
65535
65535
65535
65535
65535
65535
65535
65535
65535
65535
165
65535
65535
65535
65535
65535
65535
65535
65535
191
65535
65513
65535
65535
65535
65535
65535
65535
65535
65535
65535
0
65535
65535
65535
65535
65535
65535