57
108
277
0
49
120
10240
2703
0
2168
4
316
4108
20480
1024
1
654
16416
128
64
256
1144
120
2052
4341
1213
672
1024
17480
3328
4127
4417
241
222
8
1153
0
137
8432
736
30
4210
16423
256
544
4446
514
2
532
1
376
4128
138
16512
5128
44
496
3193
16
4
3102
2296
10
120
4336
4216
16399
120
15
4496
8336
16628
8224
1392
528
16388
4096
6144
316
60
192
17408
0
16527
79
159
9728
6
128
4128
120
132
4096
8312
30
30
5278
322
350
120
16384
18
5120
18462
16830
2
2168
8312
2080
12559
16592
8200
1264
20480
2080
303
0
64
2288
16406
1120
1149
8335
112
28
1392
20480
536
0
60
48
2048
376
270
3088
12
2126
5160
8192
120
16488
20480
279
2212
4112
68
624
8224
4096
4112
66
543
5180
8193
62
8436
8222
642
61
0
27
2168
17408
31
0
3102
196
60
524
2560
8706
14
2168
4
2048
2062
1038
159
1268
7
2206
18443
8199
2108
0
379
11264
2072
2288
1536
8222
272
0
320
12
143
16640
2080
1024
64
4096
120
56
24576
16440
88
2095
111
4610
2048
1028
18458
3
46
1056
400
54
2048
2056
6151
2082
16428
143
514
79
5
16388
61
15
524
653
8212
160
1144
8253
242
17016
1032
0
193
192
520
8
16444
172
752
2108
2108
8416
202
0
64
10249
128
244
8254