512
18476
29
8320
288
2048
4104
24704
64
26752
18561
2048
5121
4096
2056
1024
32
8
4096
512
66
4096
17536
16392
512
1124
832
64
2120
28704
74
512
5128
2080
2
8192
384
8272
16392
24580
4
290
770
1548
0
32
0
16384
256
16392
24
8
16768
2088
0
208
16424
388
2096
66
24584
2084
8
8192
12544
66
18434
4609
0
132
17
4260
16
1088
0
384
1056
4
8384
4192
2048
4
0
48
2
2178
326
8704
2
26
24592
1033
136
2050
24576
5
0
2084
64
18
0
8192
1024
2625
32
513
8
8192
73
34
0
320
32
16389
8224
24
17410
2080
2176
128
24576
32
128
16512
528
128
20480
2050
2072
16
17412
288
1024
128
9216
32
8704
544
260
16640
9218
520
16448
596
32
1
9344
96
18432
12552
16528
24
130
0
1536
128
514
512
16
8216
0
16384
4355
128
2624
522
16
2052
11296
576
261
8224
8193
6144
20486
128
1
512
4224
256
192
1024
1024
4112
2176
12
4104
17408
8264
0
518
160
1568
3
3152
144
0
18
256
4352
576
16392
18433
144
1024
17410
18432
8208
8708
2048
8
48
16
16
1
4097
8
9216
276
1
1024
32
8704
0
2
8832
16768
16404
0
129
8
1
8
4112
0
262
4
64
8
3592
264
272
32
128
4240
130
17412
0
98
80
2
130
16384
1408
13312
4