0
65504
21
0
0
2048
4104
24704
4160
27776
18433
18432
5121
4098
2184
1024
32
8
4096
512
82
5120
17538
16392
640
1126
832
64
2124
28768
16458
514
5128
18464
2
8194
384
8272
17416
28676
4
290
802
9740
512
36
128
16512
258
16392
24
8
17280
2088
0
208
16425
396
2096
66
24585
2084
8
8192
12544
64
18434
12801
1024
4
17
4260
4112
1088
2
2432
1056
4
8388
4192
2048
8196
0
52
2
2178
326
25088
6
26
24592
1033
136
18434
25088
5
256
2085
66
8210
0
9216
1024
2625
4128
513
8
8192
73
42
4
320
32
16389
32
88
17410
2144
2176
160
28672
32
128
16512
528
160
20496
2082
2072
2064
16388
1312
1024
128
9472
32
512
800
16644
17152
9216
2568
16448
596
4128
5
9348
32
18432
12552
16536
24
8322
0
1536
130
1538
4608
528
8216
8192
16512
4355
8320
2624
522
16
18436
11552
576
261
8224
8705
2048
20486
129
65
513
20608
258
200
5120
1024
4112
2176
13
12296
17412
8392
32
518
160
1568
3
7248
656
0
18
256
4352
576
16408
18435
8336
1056
17410
2048
24592
10756
2050
136
48
1040
16
1
4097
8
9218
276
1
1024
32
8832
0
2
8832
24960
16406
0
129
4104
1
24
4112
0
262
5
64
136
3656
8
272
160
128
4240
130
17412
0
102
112
130
146
16384
1408
13312
5