57
434
149
400
256
2060
4104
24704
832
26752
18689
2054
5133
4096
2052
1072
32
776
4480
512
834
4102
17632
16398
512
1148
838
64
2126
28707
74
512
5128
2080
2
8192
640
8284
16398
24772
28
292
866
1644
768
32
384
16396
268
16488
408
11
16792
2088
6
208
16424
388
2864
66
24590
2068
56
8216
12568
66
18818
4610
6
132
17
4244
16
1088
0
384
1440
4
8396
4096
2432
4
0
51
4
2306
326
8704
98
410
24604
1033
264
2050
24600
773
6
2084
67
34
96
8192
1216
2626
32
519
8
8192
73
34
0
320
224
16437
8224
0
17410
2272
2176
896
24576
32
256
17280
528
128
20480
2050
2072
8
18180
288
1036
128
9312
32
8704
544
452
16832
9230
528
17216
596
32
1
9344
480
18438
12600
16464
30
130
6
1920
152
258
515
16
8408
0
16384
4352
152
2630
522
400
2100
11296
640
285
8608
8385
6168
20486
128
2
608
4224
256
192
1030
1027
4112
2182
10
4488
17408
8264
0
518
144
1552
3
3152
150
0
18
256
4364
576
17160
18433
144
1072
17434
18432
8304
8711
2144
8
48
16
784
385
4098
776
9228
280
49
1024
44
8704
12
2
8832
16768
16596
0
257
200
193
11
4112
0
310
4
64
11
3592
272
144
32
224
4240
130
17410
0
482
80
2
258
16396
1414
13324
388