49152
50
106
24624
206
2048
36912
24704
446
11392
18558
22528
37364
36864
38432
24034
223
52918
32768
53760
56772
4096
17535
37048
512
1434
702
191
2231
25126
74
512
15360
2080
2
8702
126
8367
60548
17116
4
290
770
1548
510
478
33700
16894
4000
47126
55904
29080
16767
2088
0
15536
16599
379
2510
66
24584
2084
62356
8702
16384
444
12420
4862
0
123
17
4442
16
30272
0
383
1502
15487
14976
43327
2558
62522
255
207
59056
2173
441
8959
22264
26
24815
1270
46184
64698
24576
10310
6560
2084
446
580
31200
8192
1279
2750
41520
7017
3036
24576
4812
20090
0
190
8192
2357
8224
231
17410
2271
27392
382
24831
32
48384
32128
751
382
50306
2556
9216
47120
27892
479
1534
128
9216
223
8704
990
35880
16638
9218
520
50930
41196
32
1
47068
8269
18687
12534
16495
486
380
255
7014
382
514
1022
35296
8569
510
26302
4355
18746
3006
36329
35424
2052
21760
576
251
54624
8446
14336
20486
55168
6576
25088
4224
45824
57676
54272
1024
23408
2175
28844
32208
55434
59748
0
518
160
2014
509
3502
366
0
15834
511
4352
576
16631
18433
111
12288
44442
8192
8431
58368
2048
247
48
494
37851
57572
4350
8
9471
491
23370
1279
32
8704
31777
2
10143
54016
60513
13880
129
6122
254
8
4590
0
262
251
15168
59224
3592
57504
272
32
30349
4462
2154
17914
0
412
36942
2
130
16384
61312
13312
4