0
21
0
0
0
0
0
0
0
0
2
0
16384
32
1
0
0
16384
0
16
0
0
16384
4
8192
0
0
2
2
0
1024
0
0
2
8
0
2048
64
0
8
0
2
0
16
16384
0
512
0
0
64
4
1
0
4096
16
8192
0
2048
32
0
0
64
16384
0
4096
0
4
0
0
1024
4
0
0
1024
0
0
0
0
4096
0
8192
0
4
0
0
0
1024
128
0
512
128
0
512
0
0
8
0
0
0
0
32
0
0
0
16384
1024
0
2
16384
0
2048
2048
2048
0
0
1024
0
0
16384
0
0
0
0
0
64
0
0
0
0
0
16
8192
128
0
4096
16384
0
0
4096
0
128
0
128
8192
0
0
2
1024
0
0
0
0
128
0
1
0
0
0
0
0
0
1
32
0
0
0
32
4
0
0
512
0
1
1
256
0
0
16384
4096
64
0
8
16
0
0
16
1024
0
256
2
2
0
0
1024
2048
0
2
512
0
0
2048
16
4
0
0
64
0
256
0
0
64
16384
2
0
4
128
256
0
0
2
0
0
1
1
256
4096
0
0
1
0
2
4
0
128
0
0
0
2048
0
1024
0
64
0
1
0
0
256
0
8192
1
16
256
32
0
4
8192