1093
142
13
2064
4616
80
1025
24
17412
8228
0
2060
2
324
160
9296
2464
16
4360
152
531
517
12
11264
4168
16384
549
1026
3584
16960
16400
4106
384
4228
24584
9216
1
528
4609
128
8
1060
96
68
132
10
0
4384
8208
8210
132
0
32
2720
9250
5392
16
16400
0
2
136
18464
8480
16770
19520
16900
164
8448
256
0
0
16384
146
2308
8224
160
3105
1
17
2560
8512
512
2048
4
2065
2304
2072
1032
0
8
4096
24832
4
1280
1040
33
0
5122
256
8776
12288
1283
4112
144
640
264
1040
8320
516
129
264
20
4176
514
96
4
24576
2066
1536
4101
8768
4224
289
528
32
264
4096
2056
320
2052
2848
1282
8448
4
1092
11266
2050
514
516
4096
8450
1088
18432
4096
8
256
8196
1
0
592
17440
16385
513
4096
32
8
2082
8264
10
48
20
2560
4104
16424
260
396
1536
12304
2
672
0
8720
257
25600
152
8384
12800
0
32
2048
16512
1027
4864
4352
4
1035
16960
16
3072
0
1281
576
4624
4096
8195
4361
1064
20480
4352
3
96
1
4353
672
134
17056
257
2114
256
273
256
17928
9232
8192
16
8322
8448
276
0
2056
2048
1056
8266
384
64
32
1536
8208
8360
4
32
514
1152
16640
17600
1152
8
1056
1536
8320
16384
1024
304
64
2050
16384
5760
4096
2
19
2048
208
8209
2340
1536
72