1093
142
13
2064
49
80
3073
24
17444
8224
0
2060
2
325
162
9298
2464
17
4360
152
515
519
12
11266
4169
24576
549
1026
3616
16960
16400
4104
256
4228
25096
9217
257
528
4617
192
0
1060
32
68
132
2058
16384
20768
8208
8210
2180
0
32
2720
9250
5393
16
16401
512
1026
136
18720
8480
16770
19648
16900
16548
8456
8448
8
0
16640
178
2316
12320
160
19489
1
17
2560
12608
512
2080
4
2065
2304
6168
1032
0
136
4096
24833
4
1280
1042
8225
16
5122
2304
8776
12288
1315
4112
145
642
392
1040
8832
548
129
264
20
5200
16898
96
0
25600
2066
1536
4613
8768
4226
305
528
544
280
4096
2056
320
2084
2848
1282
8448
4
1092
11266
2050
514
2564
4096
8514
1088
18432
6144
8
16640
8196
1
4096
592
17440
24577
513
4096
34
9
3106
8264
10
16432
20
2561
4104
16424
260
388
1536
12432
2
672
0
528
265
25600
152
24768
12800
8192
32
2048
17536
1026
4864
4352
4
17419
16960
16400
3072
0
1313
576
4624
4096
8195
5385
1064
20480
4352
35
32
1
4361
672
134
17056
385
2050
260
305
272
17928
9360
8192
16
8322
8450
276
8192
2056
2048
1056
8270
384
64
4128
1664
24592
8360
4
32
518
1152
16641
19648
1152
8
1056
1568
8324
16384
1024
304
2112
2050
16384
5760
4096
8194
19
2052
208
8337
2404
512
8