63
190
19
118
49
80
3586
1054
17444
8248
8198
2060
770
229
80
9290
2464
4105
4456
150
347
515
4116
11266
4170
24576
565
1564
3916
16960
16600
4293
256
4228
25512
9217
395
880
4617
716
0
1252
56
68
2564
2054
768
20768
8208
8415
6300
2208
2848
2700
9282
5905
28
20657
515
1698
1166
18784
8480
16642
19456
18952
16551
8632
8448
392
8579
16640
306
2316
12320
672
19490
4121
17
2608
12620
272
2512
4
2065
2352
6168
1032
896
158
4096
24881
46
1472
17822
8481
208
5486
268
8776
12288
1323
4168
8365
16770
392
5907
9100
548
17281
457
20
7888
16385
1126
2048
26304
2066
1728
4613
8259
4226
305
272
544
368
4544
2408
8518
2468
2960
1378
8448
340
18248
11362
2146
850
2564
4102
9540
1152
18624
6182
776
16740
8284
3
4096
598
17471
24647
161
4120
2114
10
11300
8264
824
16852
24
2657
4904
16424
796
420
1632
12432
2
672
0
528
521
25600
411
24768
12896
8204
320
3078
16560
1033
4736
4352
402
17939
16972
16424
3120
96
1569
800
4892
4296
8387
5609
1416
20568
4419
19
120
1
4353
416
4166
17056
417
2242
260
311
2568
18000
9456
8240
402
8320
25090
276
8192
2123
2059
5157
8270
392
963
6172
1408
24586
8792
28
38
518
1264
16877
20225
1158
40
1456
1836
25572
19200
1056
304
2288
2146
16448
14080
4160
8226
8597
2052
470
12450
2308
640
83