58368
65504
21
0
0
163
41832
1054
17444
8478
8198
2450
40984
386
95
10157
39424
39527
1692
154
5072
1022
56760
51246
2776
24576
565
1766
9424
17294
35844
4439
256
4228
62894
9217
391
959
4617
824
0
60742
32
68
2948
2058
45432
20768
8960
36189
6300
9189
3015
2419
21292
20135
33744
20689
719
35542
9032
18943
8639
16258
19328
35848
36424
8266
8434
8
8222
16640
340
2316
12320
28298
7272
42367
17
3069
12608
1014
2431
4
2190
64768
39108
34378
1021
10990
4222
24807
45152
1280
17761
2657
493
14693
58008
8839
0
1323
4486
23057
16770
21791
5139
8770
985
16927
439
298
8016
16385
1126
2283
63576
17394
1536
4810
62568
4540
305
48560
544
272
4914
13930
57088
21483
55648
59127
8350
359
53656
12028
53376
914
3018
4414
45360
1088
18432
6248
496
16771
8284
497
16384
930
17465
25011
193
4096
2114
240
11300
8622
5344
27692
20
34631
18256
63864
796
420
38106
12642
33352
671
39002
528
239
26104
320
24768
12800
32237
24192
3122
16560
1261
4864
4352
18
18164
37120
16854
48964
0
1313
20455
5075
43526
8699
5225
1352
48056
4572
35
120
31001
4222
47178
33664
26191
15940
2050
39504
895
2576
29680
1856
40960
402
8320
28416
299
8192
2123
2059
5155
8636
324
828
6188
12242
25335
2340
47522
54400
518
41600
16849
19704
41344
39
1456
1836
25114
40448
1263
14
2288
47080
16448
14287
4184
20752
8213
12848
56934
43448
2404
50818
80