58368
65504
35091
58365
0
49566
41832
1054
65052
45845
8198
2450
40984
386
95
59294
39424
39527
1692
154
49852
1022
48546
51246
42944
65230
565
1766
43444
17294
35844
4439
256
4228
46220
9217
13119
53914
4617
824
0
60742
32
54809
2948
2058
45432
20768
55760
36189
6300
9189
3015
55614
56054
20135
33744
20689
29787
11163
9032
18943
8639
24517
19328
35848
36424
8266
8434
8
8222
24036
340
2316
12320
28298
7272
28978
17
3069
12608
1014
2431
4
61498
64768
39108
53660
1021
10990
4222
13452
45152
1280
11011
2657
493
9732
58008
8839
0
1323
64954
17322
16770
21791
56895
8770
40045
16927
439
59579
8016
58911
1126
2283
49380
17394
1536
63571
49392
4540
31549
48560
64164
272
4914
63467
11648
21483
55648
59127
44826
359
30994
48110
16240
914
3018
4414
45360
1088
18432
6248
496
16771
51000
497
51820
53773
4003
58140
193
41575
2114
60245
11300
45684
5344
27692
20
16806
18256
41941
31444
51455
38106
12642
33352
57846
39002
528
54083
3147
61074
12817
12800
32237
24192
3122
16560
25219
4864
52297
61274
16955
37120
16854
48964
0
1313
12840
5075
41029
8699
42918
312
26099
4572
35
120
65360
52148
23423
33664
7554
61302
2050
13184
895
52798
65309
62572
40960
188
8320
21544
299
8192
61552
2059
32908
8636
324
56924
6188
51184
25335
19292
47522
54400
34335
41600
16849
19704
20117
39
38595
25680
25114
40448
47358
14
54269
47080
44630
58841
43370
20752
8213
12848
56934
43448
2404
37508
80