57
44
13
0
0
4
256
0
0
2048
0
512
8192
0
0
0
0
8
512
256
0
0
1
0
8
0
0
32
2048
128
0
0
0
0
0
2
0
0
4096
0
0
16384
2
0
0
256
4096
2048
0
0
8
0
64
4096
1024
0
0
0
8192
0
16
0
1024
8192
0
4
32
128
4
16384
1024
0
0
0
16
32
8
4096
0
8192
1
0
0
0
0
0
8
4
4096
2
0
0
0
0
16
0
1
1024
128
0
2
0
8192
0
0
0
256
16384
0
0
1
0
0
8
2
4
64
0
0
0
0
2
0
8
0
8192
1024
128
128
16
0
0
4096
4096
16
256
2
256
0
64
32
0
64
4
16
1
1024
0
512
2
256
0
0
0
0
8
16384
0
256
16
0
256
0
0
32
0
8
0
64
0
0
512
0
4
0
2
0
8192
0
0
0
1
4096
0
1
1024
1024
512
0
1
1024
0
0
64
0
0
2
2
0
512
16384
32
64
32
0
0
0
0
2048
256
64
0
128
0
0
0
4096
0
8192
1
128
0
64
16
0
0
0
0
64
16384
0
1024
16384
0
0
0
0
512
4
0
4
64
0
1024
0
1024
0
0
0
0
0
0
0
512
0
0