185
140
29
16
8241
84
3649
1052
17572
8224
8192
3084
2
469
4256
8274
2464
4113
4360
153
579
517
6156
11266
6217
26624
557
1538
3872
16960
16408
4233
256
4228
25114
9217
897
784
4617
448
0
1124
32
100
2692
2058
0
20768
8208
8211
6276
2048
2080
2688
25634
5139
16
22545
512
1058
9352
18688
8480
16770
19648
23044
16556
8584
8448
8
8200
16640
176
2316
28704
640
19489
5121
25
2560
12608
520
2096
4
2065
2305
6168
1032
320
152
0
24897
70
1280
17426
8417
16
5394
0
8776
12288
1319
12368
8209
17034
904
5200
9088
548
18561
257
20
7248
16402
1120
2080
26176
18
512
4613
8256
4226
305
528
544
284
4608
18568
8640
2086
19296
1282
8960
20
17484
11270
2050
18
2596
4098
9538
1089
18432
6192
264
16708
8260
0
4608
592
17441
24609
1
4096
2210
521
11298
10312
8
16444
20
2561
4136
16424
772
404
1536
12436
2
544
128
528
4361
25600
1048
24704
12816
8192
288
3136
16512
1030
4864
256
21
17930
19008
16404
19456
0
1313
833
4880
4104
12291
1033
1448
16448
4416
35
96
513
4365
672
20614
17056
465
2050
2308
305
6416
17984
25744
8196
2066
8355
28930
276
0
2248
2056
5156
8270
392
576
6176
1666
24593
8872
4
33
518
1032
16677
27841
1152
4096
1072
1824
24724
18448
1040
816
2240
2050
16424
13952
4160
8210
8211
2052
80
12433
2916
64
72