57
142
21
16
49
80
3585
1048
17444
8224
8192
2060
2
341
160
9298
2464
4113
4360
153
579
517
4108
11266
4169
24576
557
1538
3872
16960
16408
4105
256
4228
25112
9217
385
784
4617
448
0
1060
32
68
2180
2058
0
20768
8208
8211
6276
2048
2080
2688
9250
5137
16
20497
512
1058
1160
18688
8480
16834
19648
18948
16548
8584
8448
8
8192
16640
178
2316
12320
672
19489
4097
17
2560
12608
520
2096
4
2065
2304
6168
1032
256
152
4096
24833
6
1280
17426
8353
16
5378
256
8776
12288
1319
4176
8337
17026
392
5136
9088
548
16513
265
20
7248
16386
1120
2048
26112
2066
1536
4613
8256
4226
305
528
544
284
4608
2184
8512
2084
2912
1282
8448
20
17476
11266
2050
530
2564
4096
9538
1088
18432
6160
8
16644
8260
0
4096
592
17441
24609
1
4096
2082
9
11298
8264
8
16436
20
2561
4136
16424
772
404
1536
12432
2
672
0
528
265
25600
24
24768
12800
8192
288
3072
16512
1030
4864
4352
20
17931
16960
16404
3072
0
1313
832
4880
4104
8195
5129
1320
20544
4416
35
96
1
4365
672
4230
17056
401
2050
260
305
2320
17992
9360
8192
18
8323
24834
276
8192
2120
2056
5152
8270
392
576
6176
1664
24593
8872
4
32
518
1160
16673
19649
1152
0
1072
1824
24708
18432
1040
304
2240
2050
16416
13952
4160
8210
8211
2052
80
12433
2404
576
72