57
142
85
16
49
88
3617
17432
19492
32
24576
2060
2
16725
2208
9298
2464
4113
4360
153
579
517
4108
3074
73
24576
4653
1536
3936
16964
16400
4107
768
4228
25112
8193
385
8976
5641
464
0
1060
160
68
2212
2058
4
20832
8208
8211
6272
6144
2048
2688
9314
1041
0
20497
512
1058
1160
18688
10528
16578
19648
18980
17060
8576
8448
8
8192
16656
178
2828
12320
672
19489
4097
17
2560
13120
522
2096
4
2064
2816
6200
1036
1280
152
4160
8449
6
5376
17434
8353
16
5378
258
25160
12288
1319
4176
8345
17026
392
5136
9152
556
16513
281
4
3152
16387
1120
2048
26114
2066
1536
4613
8256
4226
817
8720
8736
284
4608
2184
9536
10276
2912
3330
8960
1044
17476
11266
2058
1554
2564
12288
13634
1088
18432
6160
4104
16644
8516
8
4097
593
17443
24611
1
4097
2082
73
11298
9288
8
16438
20
2561
4137
40
804
4500
9728
12436
34
672
2048
528
4361
25600
2072
24768
12800
8256
288
3073
20608
1030
4865
4352
8212
18059
16960
16404
3104
0
1313
576
4880
4104
8195
5129
17704
20544
12608
1059
224
8193
4365
672
4230
17056
4497
2050
260
273
2320
18248
9232
8192
1042
8323
24866
4372
8208
2120
2088
5152
8270
393
4672
6180
640
26641
8872
4100
8224
6
1160
16417
19649
1664
0
1136
1840
24772
18432
16
8496
18624
2050
16928
13960
4416
8210
8339
2052
82
12432
2404
576
2120