80
53
20
35
32
67
225
101
0
116
101
100
32
98
121
32
71
82
77
80
65321
118
101
114
115
105
111
65398
32
50
46
49
48
65450
51
48
32
80
78
1101
65503
112
65427
117
65392
45
105
65425
65525
49
49
48
243
53
48
10
65375
46
4149
65535
65535
65535
65535
65535
65535
0
0
65535
65535
210
65535
65535
65535
65535
65535
65535
65535
65535
65535
65535
65535
65535
210
65535
65535
65535
65535
65535
65535
65535
65535
65535
65535
65535
65535
65535
6
65535
65535
65535
65535
65535
65535
203
6
65535
0
0
65535
65535
65535
65535
65535
65535
65535
65535
65535
65535
65535
65535
65535
65535
65535
65535
65535
65535
65535
65535
210
65535
65535
49362
65535
65535
255
65535
65535
65535
65535
65535
65535
65535
65535
65535
65535
65535
65535
65535
65535
65535
65535
65535
65535
65535
65535
65535
65343
65535
65535
0
65535
65535
65535
65535
65535
65535
65535
65535
53247
65535
65535
65535
65535
65535
65535
65535
65535
0
65535
65535
65324
65535
65535
65535
65535
65535
65535
65535
65535
65535
65535
0
120
65535
65535
65535
65535
65535
65535
65535
65535
65535
65535
65535
65535
65535
65535
65535
65535
65535
65535
101
65535
65535
65535
65535
65535
65535
65535
65535
65535
65535
65535
65535
65535
65535
65535
65535
65535
65535
65535
255
65535
65535
65535
65535
65535
65535
65535
0
65535
0
0
57855
65535
65535
65535
65535
65535
65535
65535
65535
65535
65535
65535
65535
65535
65535
65535
65535
65535
65535
65535
65535
65535
255
65535
65535
65535
65535
65535
65535
65535
65535
65535
65535
65535
65535
65535
65535
65535
65535
65535
65535
65535
65535
65528
65535
65528
65535
65535
65535
65535
65535
65535
65535
65535
0
65535
233
65535
65535
65535
65535
65535
65535
65535
0
65535
65535
65535
65535
65535
65535
65535
65535
65535
65535
65535
65535
65535
65535
65535
65535
65535
65535
65535
65535
65535
65535
65535
65535
65535
65535
65535
65535
65535
65535
65535
65535
65535
65535
65535
65535
65535
65535
65535
65535
0
65535
65535
65535
65535
65535
65023
65535
65535
65535
65535
65535
65535
65535
65535
65324
65324
65535
65535
65535
65535
65535
65535
65535
65535
65535
65535
65535
65535
65535
65535
65535
0
0
65535
65535
65535
65535
65535
6
6
65535
65535
65535
65535
255
65535
65535
65535
65535
65535
65535
65535
65535
65535
65535
65535
65535
65535
65535
65535
65535
65535
65535
65535
65535
65535
210
65535
65535
65535
65535
32767
65535
65535
65535
65535
65535
65535
65535
65535
65535
65535
65535
65535
65324
65535
65535
65535
65535
65535
65535
208
6
65535
65535
63615
65528
65535
210
65535
65535
65535
65535
65535
65535
65535
65535
65535
65535
65535
65535
65535
65535
65535
65535
65535
65535
65535
65535
65535
65535
65535
65535
65535
255
65535
65535
137
65535
65535
65535
65535
65535
65535
65535
65535
65535
65535
65535
65535
65535
255
65535
65535
65535
210
65535
65535
65535
65535
65535