57
142
21
16
49
299
3676
17408
19490
494
24828
2060
316
16563
2336
9647
2488
4305
4407
615
323
890
5109
3453
304
24702
4812
1920
3935
16964
16878
4468
768
4228
25112
8313
321
8744
5833
246
509
1116
222
315
2129
2804
196
21022
8592
8208
6430
6387
2432
2712
9314
1053
30
20706
518
1420
2038
18892
10540
16706
19776
19394
17402
8624
8443
8
8699
16621
78
2816
12304
672
19929
4481
237
2895
13247
1004
2288
4
2158
2675
6203
1395
1272
935
4494
8435
6
5628
17434
8365
110
5605
260
25160
12797
1217
4534
8341
17274
182
5232
8766
83
16514
485
59
3152
16387
1120
2342
26114
3061
1536
4614
8894
4173
817
8720
9198
284
4608
2071
9536
10427
2912
3996
8831
1474
17524
11645
2228
1938
2970
12288
13616
1215
18432
6622
4406
16701
8625
239
4447
975
17901
24643
671
4097
2444
47
12061
9288
8
16438
20
2609
4270
40
730
4162
9731
12650
325
850
2048
1000
4854
25984
2342
24914
13184
8670
312
3073
20583
1030
5057
4358
8212
18117
16819
16404
3128
48
1345
576
4880
5111
8219
5486
17712
20544
12576
1827
32
8193
4147
620
4937
17094
4449
2050
308
274
2478
17838
9439
8240
1138
8323
25021
4170
8208
2088
2263
5502
8270
393
4927
6180
640
26737
8856
4577
8477
30
1140
16417
19697
1898
0
1215
1840
24580
19200
488
8366
18879
2062
17095
13896
4480
8672
8339
2272
94
12626
2404
640
2326