57
21
234
494
49
468
3676
17408
19932
494
24579
2060
194
16563
2270
9297
2488
4305
4297
615
323
901
4619
3203
206
24702
4812
1920
4000
17083
16400
4468
768
4228
25112
8326
321
8744
5686
246
3
1442
33
315
2479
2826
196
21022
8592
8686
6368
6156
2174
2712
9314
1053
225
20706
761
1420
2038
18739
10707
16706
19776
19261
17157
8624
8443
8
8197
16659
78
3071
12782
672
19929
4223
237
2895
13247
1004
2288
506
2193
2957
6203
1165
1272
935
4465
8204
504
5628
17637
8531
110
5147
250
25271
12291
1086
4425
8341
17274
73
5518
8766
83
16764
282
196
3152
16387
1120
2342
26114
3061
2046
5112
9024
4173
719
9198
8720
284
4863
2071
9536
10427
2912
3939
9089
1084
17524
11650
2123
1901
2970
12543
13775
1215
18687
6622
4406
16834
8625
239
4257
561
17901
24764
671
4097
2419
47
12258
9288
247
16438
20
2609
4270
215
549
4162
9731
12436
325
684
2558
791
4854
25984
2342
24914
13183
8670
312
3073
20889
1528
4671
4358
8212
17978
16461
16404
3271
48
1470
576
5103
4617
8420
5486
17614
20544
12576
1827
32
8193
4147
620
5046
17094
4510
2050
202
274
2478
17838
9439
8399
1138
8323
25021
4170
8208
2088
2088
5505
8624
393
4927
6180
894
26737
8856
4577
8477
30
1418
16417
19697
1684
0
1345
1742
25082
19200
488
8366
18879
2544
17095
13896
4480
8222
8339
2272
416
12717
2404
894
2326