43321
65504
21
0
0
18910
2099
45561
41208
4766
10752
59699
236
34890
16851
45811
1008
1240
38639
28599
482
43504
20492
18576
17896
751
4289
35876
44927
9254
258
2577
110
41951
8706
20710
780
16678
65160
129
119
346
7831
60197
746
6208
4
8319
1437
368
8458
41996
16653
256
35740
36562
17718
56801
50758
50120
446
2
1180
16767
16400
16418
6154
2749
2304
368
1040
878
36510
22734
32
40982
2050
54965
51986
6517
63406
1024
148
2094
49520
462
41970
4494
32
8576
6702
34104
60067
61281
404
706
4537
220
17648
157
2561
58362
359
21115
41511
4105
63638
50837
2816
16386
16870
130
454
19151
2553
17045
64
2807
38860
49211
17146
64746
1023
54661
60516
254
42840
60812
40562
2
443
4348
2546
54625
5121
13296
13753
16734
25
56757
37852
43633
40034
58370
76
4355
422
88
42237
2
56
130
48609
40249
40446
861
12979
1068
2160
8417
46178
1036
48242
128
36905
1152
16
2210
1
8
9680
12540
402
2168
50026
17698
313
53920
256
58990
57004
4138
48804
1072
58945
51787
33511
20992
12428
975
128
1275
1407
16
4811
386
479
35205
4246
2514
9728
2456
1338
4996
3570
4330
719
12930
1346
3013
640
55601
1
3188
189
52463
403
16644
1895
9982
4545
1424
11136
50059
2110
49451
516
1028
375
16400
39803
2112
4128
32
58388
37573
55826
16778
766
6664
8333
16892
38172
55821
49228
19828
16626
8285
2495
4371
47042
6322
35026
830
41663
2161