43321
65504
21
34045
0
18910
2099
45561
41208
4766
10752
59699
236
64560
16851
45811
1008
1240
25821
28599
482
43504
14326
18576
17896
751
62631
13321
44927
9254
45254
2577
110
41951
8706
20710
780
6145
39740
129
35407
46385
43885
60197
746
6208
4
8319
47421
52238
8458
41996
16653
45515
35740
30820
17718
56801
50758
39309
62082
4171
56414
16767
16400
54497
49864
2749
2304
57131
47236
878
5462
22734
50902
40982
38582
30568
51986
3110
63406
58799
148
2094
49520
43386
41970
4494
38856
4135
6702
34104
48967
61281
404
64611
4537
220
17648
40919
2561
31893
359
64685
38639
4105
18626
50837
2816
60309
16870
130
58454
19151
2553
17045
64
2807
38860
59725
17146
64746
63365
54661
60516
254
27740
52237
40562
2
54329
4348
2546
54625
5121
13296
13753
16734
64911
56757
37852
43633
40034
58370
76
4355
54804
88
42237
47469
56
62955
48609
40249
57546
51650
12979
60815
5940
8417
38850
44651
17360
37853
23173
1152
16
2210
40537
55135
5926
12540
402
2168
25276
17698
313
31471
256
58990
36600
39029
48804
1072
58945
51787
22573
20992
12428
975
128
1275
1407
51279
62217
43455
479
35205
60624
2514
9728
48335
65136
4996
59686
4330
37377
5299
52850
3013
57006
55601
1
63903
189
38680
403
10283
48013
44067
61413
64691
11136
44493
2110
49451
59170
1028
375
50758
39803
62297
4128
32
53546
37573
23354
52893
766
29994
8333
35625
15146
46119
49228
19828
16626
8285
2495
45338
21704
6322
35026
44353
41663
2161