4160
44
29
68
0
144
1025
132
1088
16416
0
9
4097
2048
1024
0
16400
6
2056
1026
64
2
1024
16464
48
0
33
8192
4096
32
32
4672
160
258
16897
17
8194
512
1040
16388
4
258
1024
96
9216
8192
256
8
2304
4098
32
128
0
4096
73
4
0
10
4100
96
4
1028
1
1026
8208
2048
0
1
0
260
4
8224
6
32
18496
1057
16640
640
2
0
1
272
516
24
68
16
16384
1
144
9
1280
1
9728
2176
64
17664
8196
48
0
2
64
66
16384
2048
16416
384
256
0
3072
16392
4
4
16400
16416
8
40
0
1056
66
24576
132
1
32
1032
513
22
4384
2049
576
0
0
2
1
512
0
16
16384
1028
16512
2112
4096
8
65
4116
64
2048
4096
2048
273
280
144
513
0
1600
3104
34
128
32
128
192
0
6272
2
8
0
64
12288
8193
2
4160
7168
0
8
1024
258
516
1
1
9216
8
0
0
16384
544
32
1
16384
4232
128
16400
0
1536
8192
16
4224
4
2048
8200
4
0
18
0
4098
128
9
16384
2048
2112
128
32
272
6144
16
384
96
0
12292
0
256
64
88
64
4352
8192
16
132
16384
1025
4096
96
8200
2048
1025
16385
1028
256
1
10240
0
0
1
8
8194
1024
256
137
8192
66
4
16384
16928
32
384
0
2056
16384