4161
44
29
68
49
144
1033
8324
1090
16416
1
9
4097
2304
1024
0
16656
6
2056
1090
192
2
1040
16464
48
0
4129
8192
4352
2080
1056
4672
160
258
16897
17
8194
512
1040
16900
4
2
1026
16480
25600
8192
256
8
2432
4098
32
128
2
4097
73
36
128
10
4100
96
4
1028
1
1026
8208
2048
0
1
2
260
4
8226
2054
32
18496
3105
16640
648
2
128
1
272
516
8216
68
528
16384
1
1168
265
17664
1
26112
2176
68
17664
8196
8240
0
66
66
66
16384
2048
20512
384
16640
8
3076
16392
4
8196
16400
16416
8
296
0
1056
2114
24584
128
257
40
1160
515
20
6432
1
576
0
0
1026
1
16896
4
528
16388
1028
16512
2113
4352
8
577
4116
64
2048
12288
2048
2321
24
148
641
4096
576
3232
546
160
2080
128
704
8192
6272
2
24
1024
64
12288
8193
2
4160
7168
8
8
1280
258
516
1
1
9216
8
0
0
16384
560
32
1
0
4232
160
16400
16384
9728
8208
17
4224
36
0
8200
4
64
16402
256
4098
128
9
16384
2048
2112
16512
32
272
6144
16
8576
1120
0
12356
0
256
64
216
320
4384
8192
272
1156
16640
1029
4096
4192
8200
2048
5121
16385
1028
260
9
10241
0
2048
1
136
8194
1024
256
137
8256
66
68
16384
16928
2080
392
0
2056
16384