4193
300
21
76
49
152
1035
8340
1106
16416
33
8201
4097
2368
1024
4
20752
6
8
9282
1216
2
16
16720
48
0
4097
8256
4352
2080
1057
4674
32
258
16897
2065
8194
512
1040
16900
4
2
1027
96
25600
8193
256
8
18816
4098
288
2176
2
4097
73
4
128
138
4164
96
36
1028
1
1026
16
2176
0
513
2
260
4
8226
2054
33
18496
3361
16642
648
2
128
1
8464
512
8218
64
528
16896
1
1168
257
19712
1
17920
2176
68
17664
8196
8224
8192
66
1090
66
16384
2048
22560
128
16640
8
3076
16904
4100
8196
16384
16384
72
296
0
1056
2114
24584
640
257
40
5256
515
22
4384
1
576
256
4096
1026
1025
16896
4
528
16388
1028
16512
2113
5376
8
577
4116
2112
2080
12296
2052
2321
24
148
897
6144
576
3296
802
160
2080
128
704
8256
6272
66
24
1024
68
4096
8197
2
4160
7170
8
8
1792
2
516
1
33
9216
8
8
8
16392
2608
36
1
0
4296
32
18448
16384
9856
8720
17
4240
36
0
8200
2052
64
16658
256
4610
192
4105
16384
2080
2113
16520
32
272
6176
1040
8576
1088
0
12388
0
257
96
4312
1344
4352
8192
16
9348
16640
1029
0
4704
8204
2048
5137
16385
1028
260
9
10241
0
3072
1
136
8194
3072
384
2185
8272
8258
68
16384
16928
10272
392
512
2056
16384