57
332
37
140
49
88
1083
8468
1490
16416
65
8585
4097
2432
1024
100
20755
6
104
9666
1222
2
32
16732
48
0
4109
8259
4352
2080
1081
4722
16
258
16897
2833
8194
512
1040
16900
4
2
1219
864
25600
8217
256
8
19072
4098
544
2188
2
4097
73
772
128
186
4228
96
68
1028
1
1026
400
2182
0
705
2
260
4
8226
2054
57
18496
3373
16644
648
2
128
1
8470
256
8234
76
528
16920
1
1168
258
19724
1
17926
2176
68
17664
8196
8208
8240
66
1138
66
16384
2048
23328
224
16640
8
3076
16907
4292
8196
16390
16480
136
296
0
1056
2114
24584
664
257
40
5259
515
16
4396
1
576
268
4288
1026
1031
16896
4
528
16388
1028
16512
2113
5382
8
577
4116
2124
2092
12299
2056
2321
24
148
993
6156
576
3104
34
160
2080
128
704
8280
6272
130
24
1024
36
4480
8201
2
4160
7554
8
8
1984
770
516
1
65
9216
8
200
16
16400
2640
804
1
0
4104
38
18544
16384
9862
8723
17
4246
36
0
8200
2148
64
16670
256
4802
195
4113
16384
2092
2114
16528
32
272
6188
1046
8576
1856
0
13156
0
281
0
4120
1216
4448
8192
28
9476
16640
1029
192
4768
8192
2048
5153
16385
1028
260
9
10241
0
3078
1
136
8194
3840
432
2281
8656
8260
68
16384
16928
10278
392
704
2056
16384