198
300
731
143
206
104
1083
8468
1071
17184
33
8841
4097
2495
1024
406
20972
6
406
9533
1273
26
472
16815
207
384
4337
8316
4352
2848
1081
4737
16
1020
16639
2833
8196
896
1263
16900
8
253
1852
670
25648
8217
248
104
19065
4860
544
2191
241
4193
73
772
128
186
4219
414
68
1028
254
1218
110
2233
255
705
157
356
772
8226
2552
455
18878
3373
16644
656
484
121
1
8470
62
8233
434
528
17127
2
1174
258
19724
1
17926
2176
66
17667
8698
8208
8432
66
1420
187
16384
2048
23262
19
16590
247
3172
17397
4292
8602
16390
16798
278
296
255
1056
2173
25078
615
510
278
5236
515
494
4396
97
582
256
4351
1277
1529
17151
314
544
16890
1028
16512
2113
5344
8
959
4586
2124
2476
12683
2550
2530
294
148
1005
6252
588
3104
66
144
2080
895
512
8614
6272
258
24
1534
20
4222
8432
26
4160
7578
14
11
1792
764
1018
7
65
9465
11
200
400
17168
2640
804
511
0
4406
88
18536
16639
9910
8723
17
4246
36
255
8310
2203
64
16670
256
4930
195
4591
16633
2092
2114
16750
32
237
6188
1320
8639
1720
0
13180
510
231
255
4096
1984
4511
8702
482
9723
16640
1413
198
4768
8195
2558
5159
16481
1403
507
503
10241
0
3082
158
71
8194
3840
432
2281
8656
8379
68
16576
17120
10310
112
752
2166
16639