198
65504
731
35468
206
41827
37941
47885
34079
17184
48151
43379
23773
41394
37106
406
37052
46837
28768
45098
7633
26
29868
52888
48055
63285
4337
8316
57316
2848
1081
39910
62704
32888
56251
2833
8196
65371
18339
61149
8
37547
63720
26184
64004
59116
248
104
19065
37530
52462
41820
65213
35831
60179
47510
24024
186
57037
414
8
27018
34240
1218
110
1144
64957
56702
39257
37151
54648
8226
63152
6197
18878
44514
13752
656
50248
121
13153
8470
5192
8233
434
43963
46651
2
64830
61097
19724
12272
17926
7785
66
57764
8698
8208
8432
48409
45764
39409
16384
2048
23262
6104
16590
247
43512
13704
4292
56619
52630
3373
278
296
8983
1056
2173
25078
37103
510
64156
38649
10763
35316
4396
2276
33734
256
21881
44154
1529
17151
22952
17682
52082
1028
51564
2113
54100
55419
40241
4586
59068
55835
61031
55651
2530
19964
148
1005
6252
62387
59014
57511
54772
62851
48353
42337
48646
6272
40288
24
36186
46959
60888
30370
55154
53998
7578
62477
48735
42323
43086
1018
7
42128
46229
11
25952
400
50266
53913
51564
511
35142
11968
88
42222
16639
1271
57171
17
5712
35169
255
8310
44559
64
44174
17518
56696
60408
22359
16633
35728
49523
49566
63823
12105
4697
1320
8639
64994
0
62628
52556
43277
39460
4096
61667
4511
8702
482
9723
16640
1413
64738
50444
39735
2558
5159
16481
1403
56080
65291
41255
59154
59163
25278
71
8194
12058
432
50932
8656
6596
49228
1230
17120
10310
38004
31990
47482
768