80
53
10
35
32
67
114
101
97
116
101
100
32
98
121
32
71
73
77
80
280
108
101
114
115
105
111
110
32
50
46
49
48
46
51
48
32
80
78
77
32
112
108
65418
65432
45
105
238
10
49
49
48
32
0
48
10
50
65482
65482
3850
65535
65535
65535
65535
65535
65535
65535
65535
65535
65535
65535
65535
65535
65535
65535
65535
65535
65535
65535
65535
65280
65151
65535
65535
73
65535
65535
65535
65535
65535
65535
65535
65535
57343
495
65535
65535
65535
65535
65535
65535
65535
65535
65535
65535
65535
65535
247
65535
65535
65535
65535
65535
65535
65535
65535
65535
65535
65287
65535
65535
65535
65535
65535
65535
65535
65535
65535
65535
0
65535
65535
65535
65535
65535
65535
65535
65535
65535
65535
65535
247
65535
65535
65535
65279
65535
65535
65535
65535
65535
65535
65535
65535
65535
65535
65535
65535
65535
65535
65280
65535
65535
65535
65535
65535
65535
65535
20
65535
65535
65535
65471
65535
65535
247
65535
65535
65535
0
65535
65535
65535
65535
65535
65535
65535
65535
0
0
117
65535
65535
65535
65535
65535
65535
65535
65535
65535
65535
65535
65535
65535
65280
65535
65535
65535
65535
0
0
65535
65535
0
65535
65535
65535
65525
65287
65525
65535
65535
65280
65535
65535
65535
65535
65535
65535
65535
65535
65535
65535
65535
65535
65535
65535
65535
65535
65535
65535
65535
65535
65535
65535
65535
65535
65535
65535
65535
65535
65535
65535
65535
65535
65535
65535
65535
65535
0
9
65535
65535
65535
65535
65535
65535
65535
65535
65535
65535
65535
65535
9
65535
65535
65535
65535
65535
65535
65535
65535
0
512
0
65535
65535
65535
65535
65535
65535
171
65535
65535
65535
65535
65535
65535
65535
65535
65535
65535
65535
65535
65525
65535
65535
65535
32767
65535
65535
65535
65535
65535
65535
65535
65535
65535
65535
65535
65535
65535
0
65535
65535
65535
65535
65535
65535
65535
65535
65535
65535
65287
65535
65535
65535
65535
65535
65535
65535
65535
65535
65535
65535
65535
65535
65535
65535
0
65535
65535
65535
65535
65535
65535
65535
65535
65535
65535
65535
0
65535
65535
65535
65535
65535
65535
65535
65535
65535
65535
65535
65535
61439
65535
65535
65535
65280
65535
65535
65535
65535
65535
65535
65535
65535
65535
65535
65535
65535
65280
65535
65535
65535
65535
65535
9
65535
247
65535
65535
65535
65535
65535
65535
65535
65535
65535
65535
65535
65535
65535
65535
65535
65535
65535
65535
65535
65535
65535
65535
65535
65535
65535
65535
65535
65535
65535
65535
65535
65535
39
65535
65535
255
65287
65535
65535
65535
65535
65535
65535
65535
65535
65535
178
65535
65535
65535
65535
65535
65535
65535
65535
65287
65525
65535
65535
96
64511
65535
65535
65535
65535
65535
65535
65535
65529
65535
65535
65535
65535
65535
65535
65535
65535
65535
65535
65535
49151
65535
65535
65535
65535
65535
65535
65535
65535
65535
64511
65535
65535
65535
65535
65535
1045
65535
65535
65535