44998
65504
21
0
0
63833
37941
63743
1551
35342
56057
37714
23773
41394
56022
406
56988
46837
6204
22295
44477
26
37760
52888
3975
24835
37847
8316
57316
2848
1081
30314
40912
4918
53657
2833
8196
64310
49239
39862
8
31874
39060
59634
64004
59116
248
104
19065
15928
38844
41820
64649
1933
60179
28712
50024
186
7001
414
8
1357
34240
1218
110
34359
64123
56702
29461
39760
54648
2452
29728
41196
18878
44514
10860
656
40698
61738
13153
8470
33444
8233
57438
21862
27365
46251
64830
56400
19724
4228
54442
41484
39140
4326
8698
8208
8432
5517
45408
30860
6298
2048
11126
3183
16590
55180
38540
50350
4292
56619
52630
63164
278
59573
48803
36289
2173
383
37103
49797
64156
64392
10763
58749
4396
44647
28742
256
53491
51316
1529
17151
45590
12683
21738
47739
21080
2113
54100
45294
40241
59739
50476
43658
35651
55651
42318
39634
148
34390
41020
14977
49388
54028
54772
6927
45063
42337
23142
35134
14782
43125
5302
17866
60888
52308
55154
52549
42224
31586
48735
17318
61938
53323
7
1582
17457
36696
60588
400
17828
39650
36788
511
4748
11968
88
372
16639
1271
38547
36432
60938
35169
255
60081
21577
64
38854
57052
42926
54317
13451
7212
60404
29141
48430
60542
13523
4697
1320
8639
64994
0
14580
2024
43277
39460
62500
61667
56769
8702
482
61210
54814
1413
62746
26663
5739
35607
5159
56975
34193
46117
65291
6733
26952
49708
718
71
8194
49959
46524
34047
8656
32223
16220
37589
52454
56139
10360
16377
16252
768