57
21
21
14
49
36
3617
17410
19480
32
24892
2061
4218
16721
2204
9378
2336
5345
4404
165
659
4635
4108
3330
73
24606
4653
1552
3936
16956
16400
4283
1008
4332
25111
61
387
9184
5641
464
4216
1060
592
248
2200
2160
4
20820
8208
8211
6272
6248
2424
2672
11358
1041
0
20493
514
1058
1204
16640
10558
16589
19640
18980
17062
8592
10496
4104
8224
20752
66
2828
12350
672
19485
4473
15
2800
13152
522
2120
4
44
2818
6182
1276
1295
144
5184
8571
24
1340
17434
8333
108
4594
280
25160
12288
1319
4176
135
17037
496
1040
9168
562
16513
391
2052
3152
18435
1120
2168
26114
2322
1536
12857
8256
250
830
8720
8864
2332
4608
2186
9550
10298
3040
3085
8960
20
17588
11266
2058
1554
2586
12800
13634
1088
18432
6162
4104
16680
8516
0
4097
673
17499
24787
4097
4337
2138
16457
10330
9288
264
16438
532
18975
6185
2088
811
4244
9788
28820
44
17056
2168
528
4601
25728
2148
24828
12921
8256
288
11505
20480
1030
4864
4382
8202
18315
16960
16468
3416
0
1371
576
4968
4103
8204
5173
17719
20544
12638
1107
192
8193
4605
160
5254
17056
4329
6146
282
16865
2920
18248
9232
8208
1250
8339
24866
4392
8223
2112
2136
5182
8270
390
4687
14372
8832
18462
8794
4107
8226
262
1204
16417
19663
1664
2
1140
1855
24768
18432
44
8462
18624
2050
18976
13982
4416
12317
8339
2074
18
12972
2411
64
2166