57
214
15385
3240
49
13916
3617
17916
63296
4756
44496
25317
4218
16721
1680
9374
4862
31874
6840
16605
58685
4858
12344
3330
73
25056
4653
34455
33152
22878
16790
13314
783
35734
16348
451
4652
8734
24648
31179
46104
16173
727
27773
2200
2158
50512
8622
48640
58071
6272
6502
2406
3804
50188
3697
60704
23007
49906
1058
57752
33176
10558
16589
19639
19002
17239
8592
48640
38034
14832
20887
17888
1044
12592
64722
17786
4231
497
8208
12928
58028
36624
124
220
54300
6200
29592
1265
36346
64204
8571
63872
1340
13480
59605
147
1846
488
33653
42608
47459
14460
2119
51522
11744
47720
58534
5350
31064
137
29974
12304
41189
41568
48708
8849
2329
6000
29205
31240
53988
974
36272
8894
59863
5105
12470
9392
10298
9054
35832
42016
490
14784
40644
2058
2019
36764
53526
59362
3812
18462
6636
58128
55495
14944
39074
37656
28297
17477
53621
63488
20309
60552
56969
17936
9288
308
16816
747
26915
6182
26979
725
4332
56676
56460
16
29647
7627
10551
48084
64585
41292
24579
20224
57250
17814
45653
20480
38399
5104
12247
26725
18037
17020
16810
10080
39425
4230
576
54996
4155
8308
5322
17653
11210
2282
16517
22016
49936
4485
47233
5374
17052
4206
11905
17060
57678
2920
18359
7792
8433
51262
8339
24866
38204
8416
44014
26720
15292
10384
60
33056
14372
8832
18462
54262
1194
8226
34244
10267
37614
59264
19542
33948
1140
56396
14252
18432
44
54244
638
60900
19167
19564
4528
37184
8339
2074
47320
12972
52671
20836
2169