512
140
525
0
256
0
0
4096
64
8
0
0
0
0
8192
0
1
0
0
0
32
0
0
0
512
0
2
16
16
16384
0
0
0
16384
0
8
0
0
0
8
2048
128
0
0
1024
16
0
8
32
0
0
0
2048
0
1
0
0
0
1
1024
128
8192
16
64
0
4
0
0
0
0
0
0
16384
0
0
4
0
8
2048
0
0
0
0
16384
0
16
512
2
4
0
0
8192
0
8
0
4096
0
0
4
8192
8192
2
64
0
0
0
0
0
8192
0
4
1024
256
256
16
0
0
32
0
0
16384
4096
1
0
0
0
1
512
0
0
0
0
0
256
1
16
0
0
4096
0
0
2048
0
0
0
0
0
0
0
16
0
0
0
0
128
32
16384
2
1024
4
16
0
0
8192
0
2
0
0
1
0
32
0
32
0
0
2048
0
8192
128
16
16
8
0
0
0
4096
0
0
0
64
1
0
1
0
1024
0
1
256
128
0
128
0
2
16384
0
0
16384
0
0
16
128
16384
0
0
256
0
0
8192
0
0
0
2
0
0
0
0
0
0
0
0
2
0
1024
8
0
16
4
128
8192
8
0
0
1024
0
8192
0
8
2048
0
1024
0
256
0
1024
1
0