0
21
0
0
0
0
64
1
0
128
0
4
32
16384
0
8
512
0
0
0
32
0
0
64
0
0
256
0
0
0
0
256
1
0
2
0
0
4
0
1024
32
2048
0
512
0
0
2048
8
2
0
0
4
0
2048
0
0
256
256
0
0
32
64
0
32
0
4
2048
8192
64
16
2
0
0
0
16384
2048
0
2
0
16384
8
512
32
0
0
0
0
0
0
4
0
32
0
0
8192
4096
32
8192
1024
16
64
0
0
0
2048
1
0
512
0
0
0
0
0
256
32
0
0
0
0
0
0
32
0
2048
0
8
64
0
4
0
2
0
0
0
2048
16
0
8
0
8
128
512
0
512
0
256
0
0
256
4
64
0
0
64
0
0
0
0
64
0
64
8
0
8192
0
0
0
2048
0
0
16
0
0
0
0
0
32
0
0
2
0
8
256
64
0
256
0
0
8
16384
256
0
512
32
0
0
8
16384
0
16
4096
16384
0
2
64
0
1
0
128
0
0
0
0
2048
0
0
16
4
128
0
4096
0
0
0
2048
0
1
16
4
0
0
0
2048
0
4
0
64
0
0
0
256
0
0
64
8192
16384
128
256
4
0
0
0
0
8
0
4