8
21
21
512
0
0
0
0
0
0
1024
32
4
256
0
0
4
64
0
0
32
0
4096
0
0
1
1024
0
1024
0
0
16384
256
0
0
16
4096
16384
4096
0
8
0
2048
4096
8
0
0
256
0
256
2
0
0
0
512
4
0
2048
256
0
0
0
128
32
0
0
4096
1
2
64
0
2048
0
0
4
0
64
0
0
0
1024
1
0
1
16
2048
64
0
0
0
64
0
128
0
2
0
0
0
0
0
64
8192
256
1
0
1
512
0
16
0
0
0
2048
0
0
0
128
128
0
1024
0
0
1
4
0
1024
2
16
4096
4
32
512
0
32
2
0
0
2048
8
8
0
0
0
2
8
2048
0
1
1024
0
0
0
256
0
0
16
1
0
4096
8
0
2
256
2048
512
0
128
8
512
0
0
1024
2048
0
4096
0
8192
16
0
8192
4
2
1024
0
256
8192
2
0
0
0
4
0
128
16
0
0
16384
4
0
0
0
256
256
8
0
2
0
2
4096
0
0
4
1024
8
2048
0
0
0
0
8192
0
64
0
64
1
64
0
4
256
1
0
4
0
256
1024
0
64
0
0
4
16
2048
32
0
2048
512
0
0
0
4096
4
0
0
0
0
0