57
21
21
536
0
0
0
0
0
0
1408
44
8
352
0
0
8
128
0
0
44
0
4120
0
0
193
1030
0
1072
0
0
16480
512
0
0
22
4099
16480
4288
0
200
0
2816
4120
200
0
0
352
0
352
4
0
0
0
536
8
0
2816
512
0
0
0
256
800
0
0
4120
25
50
128
0
2060
0
0
100
0
128
0
0
0
1408
25
0
193
400
2060
88
0
0
0
128
0
176
0
386
0
0
0
0
0
88
8198
352
25
0
193
704
0
400
0
0
0
2144
0
0
0
134
134
0
1408
0
0
25
772
0
1408
4
32
4099
100
64
704
0
44
4
0
0
2816
200
200
0
0
0
386
200
2144
0
193
1030
0
0
0
352
0
0
32
25
0
4099
200
0
50
512
2816
515
0
134
11
536
0
0
1030
2144
0
4120
0
8576
32
0
8240
8
386
1030
0
268
8198
50
0
0
0
8
0
256
22
0
0
16396
8
0
0
0
268
512
200
0
4
0
50
4120
0
0
8
1408
200
2816
0
0
0
0
8240
0
128
0
128
193
128
0
100
268
25
0
772
0
352
1030
0
128
0
0
772
22
2816
800
0
2060
536
0
0
0
4120
8
0
0
0
0
0