0
2188
15
1032
256
16
0
0
0
2
1536
1
0
2
2112
4128
16
1025
0
8194
4
0
4128
16400
8192
1
0
4096
10240
40
0
1040
64
1088
0
4104
512
8
64
17
0
2064
0
32
0
4128
0
8192
64
0
544
1536
4
2048
4608
0
16392
8
4608
128
0
512
64
32
16
16
2
0
0
10
0
4
12
0
0
8192
512
9216
16
0
0
0
384
32
8
0
8
4097
8
1
4096
2048
1
512
0
0
256
0
16384
64
2056
8224
2
0
16
0
8200
16384
8
0
4096
16386
17408
516
4
0
0
512
34
2
136
0
0
0
2
128
16384
0
0
8
128
0
8
2048
17408
8
0
0
512
64
16
0
2
0
0
1024
0
0
2
0
16
16
160
8320
8192
0
20480
12
16
0
0
4
8
64
2050
4096
0
6144
0
8192
64
4097
1024
64
0
512
128
8
2048
1
16512
4112
512
1
4
6144
8
8
5
256
128
0
0
16
4096
0
32
0
4
2048
8200
8
1024
64
1024
260
64
128
0
8224
0
1026
1024
16384
8192
0
8
4
0
8
0
1
2050
2050
1
16
128
0
10
16
33
2112
16
0
256
512
256
16640
0
12288
8192
34
32
0
2
2
4
8192
2
16
8
4
0
0
66
8320