4104
8220
16909
0
1088
528
129
0
2304
32
64
8
4096
0
16
1024
18
8
4
260
520
2048
2
2048
1024
8193
1024
16
0
2
1024
2
16384
32
32
0
2
0
0
8
0
16384
16
32
32
17408
8193
0
16385
256
16388
8192
4
0
4096
1
2
0
4098
2048
516
16
16640
2052
0
80
64
1040
4096
0
1024
0
1
18432
128
65
768
0
4
2
8
0
32
0
4128
0
0
0
0
8192
8192
256
0
0
260
4096
1024
1024
4096
8194
8208
1
16448
8193
4128
0
512
8192
512
0
256
512
16384
9216
256
128
0
1
2048
516
8192
0
0
257
8
0
5
4112
0
16384
16
1
0
0
1
4112
2048
8196
256
8
1040
0
48
0
16385
0
2
2
1
0
320
20
0
4096
8192
0
8
72
16
9216
2048
16
0
64
16
4
8
1024
2
16640
1024
8
1
4
16384
16
0
4
16
4
256
0
4096
1024
8194
16
4
0
1152
8192
320
128
16400
1024
8
8192
4096
32
0
2050
0
4096
4096
512
0
16384
18
16386
4
1
1024
0
0
0
2
32
64
2048
64
4096
4224
0
8192
0
0
10240
4096
0
4608
4160
0
8192
64
384
8
0
17408
0
0
160
32
16384
2048
0
4
0
0
16
1024
2
2
4096
4097
18432
2
4096