57
8204
21
0
1024
512
1
0
2048
32
0
8
0
0
16
0
2
0
4
4
512
0
0
2048
0
8192
1024
0
4096
2
0
2
16384
0
0
0
0
0
0
8
0
16384
0
0
32
16384
8192
0
1
256
16384
0
4
0
0
0
2
0
2
0
4
16
16384
2048
0
16
0
16
0
0
0
0
0
16384
128
64
256
0
4
0
8
0
32
0
4096
0
0
0
0
0
8192
256
0
0
256
4096
0
0
0
8192
8192
1
64
1
32
0
512
0
512
128
0
0
0
8192
256
0
0
0
2048
512
8192
0
0
1
0
0
1
16
0
0
16
0
0
0
0
16
0
8192
256
0
16
0
32
0
1
8192
0
2
1
0
64
16
0
4096
8192
0
8
8
16
1024
2048
0
0
64
0
4
8
1024
0
256
1024
8
0
0
0
0
0
0
16
0
256
0
4096
1024
2
0
4
0
1024
0
256
128
16
1024
0
8192
0
32
0
2
0
0
4096
512
0
16384
2
2
0
1
1024
8192
0
0
0
32
0
0
64
0
128
0
8192
0
0
8192
0
0
512
4096
0
8192
0
128
8
0
16384
0
0
32
32
16384
2048
0
0
0
0
0
0
0
2
0
1
2048
2
4096