41529
65504
21
0
0
1010
641
63
31744
41673
30956
46993
31040
11977
56592
62129
33786
37918
48046
4
512
33475
0
14336
31208
1440
65174
60900
52452
203
510
46772
0
252
0
40918
60666
3363
57972
24657
192
27308
36864
29719
50132
16432
2794
64180
52944
41374
16432
7959
388
510
390
766
27336
774
42064
4541
244
64686
47618
2303
461
34205
28550
52908
414
768
64576
0
54712
64981
18496
70
23872
48611
24978
0
61440
54959
46392
57242
34092
33045
39850
60032
64936
37799
8192
262
39636
255
128
4546
35328
54398
38046
39873
24156
3741
2026
52631
41820
38799
824
36499
8084
48657
37858
0
32606
32716
33038
8181
53644
27
2360
34956
8960
470
14346
23236
52515
55427
29808
239
0
0
375
3
47296
510
49152
16
63728
8594
45940
12
45048
52979
16
0
35436
39151
15984
61
27308
462
29843
400
46952
4864
47193
255
128
4
784
1036
2808
0
54464
575
12
762
44104
38053
306
512
40288
63709
49152
64524
10880
12
27984
54351
4224
62832
58124
0
27648
1279
56320
0
20128
42618
62116
63996
64832
259
0
47455
58394
47438
30
478
0
65442
6
45927
41779
11632
27496
6782
38688
51426
0
230
58158
24576
16364
15286
8080
41090
48942
0
959
53540
128
255
46394
485
245
20516
40128
24235
512
4102
252
21436
3
12658
56
0
7930
35503
55320
236
10768
16435
55566
287
49152
55072
894
51
37064
768
26
34568
415
52793
458
58625