65337
65504
5
95
206
5102
508
9600
65077
57943
40040
39080
44797
40180
8684
48145
670
2048
20508
2052
235
1295
8704
56745
39391
41197
16
2259
32874
126
1015
16
58030
63925
255
2048
43457
248
25522
53209
4128
14
0
38747
63950
4
50
50850
10240
4108
9022
671
47244
359
55312
38639
4543
0
343
8486
62
52425
280
118
53159
758
384
57545
64450
16384
52250
29
923
8215
25056
49532
268
2255
350
12774
244
376
16688
8224
54500
463
56
504
65178
8280
2
40592
227
50659
51109
528
4518
8255
922
1404
4160
512
0
16480
50728
47313
3548
2056
772
3
52242
231
575
58519
249
507
832
37267
53538
37698
560
18572
48
64
46120
16591
639
58214
36867
3
57
16776
0
231
378
41568
409
52351
346
768
32
544
79
43656
260
1648
368
39225
768
498
33946
63880
16087
16543
40
2054
51606
35699
52955
131
38704
2073
44606
1360
43906
511
16639
2366
207
19
47012
4
49844
386
13904
63316
220
60737
4096
16519
31972
27785
275
8
41974
40327
829
43461
64420
302
1219
470
62267
2144
37117
60214
33084
36826
39328
304
43064
2048
574
44060
16387
768
496
225
42217
25676
42830
0
5888
51779
8958
45737
41316
0
35936
2382
0
1
37892
256
11320
192
894
414
48857
4108
256
63513
912
5119
318
316
4172
470
935
32833
17138
506
52494
26138
2048
0
768
10312
8194
318
784
0
450
48
456
512