65460
21
21
58365
44
49822
32872
5138
65404
62229
8198
2452
40987
258
127
58258
39424
47716
10012
2198
49790
1022
48546
51246
42944
65166
565
9958
43444
17298
35847
4455
263
4236
46984
25601
13116
53850
4633
48
192
58566
544
54804
2980
2818
45304
20804
51664
40285
6236
9191
11207
55614
57078
20134
33692
20701
29915
9211
9032
18935
8639
24517
19328
35848
36440
8258
8434
8196
8222
24039
16727
2316
12291
28298
7280
29362
785
4093
12608
918
2431
4
61498
64780
39111
53916
975
10990
4286
13452
45152
1286
15107
2665
501
9733
58108
25271
16
9515
63930
16938
16770
21855
57083
8770
40749
16927
433
59579
8032
59103
1910
2277
49916
16562
1920
59475
53392
20922
31548
48624
64164
276
5042
55275
27968
22507
55648
61175
45010
327
14626
48014
16243
5010
10442
4414
45360
1091
18816
6248
448
16643
51000
401
51948
53773
4003
62236
449
41575
3138
58189
11684
41588
5344
27692
116
16806
18288
57557
23220
51455
38122
12710
33368
49646
36954
22
54115
7243
65170
12801
4608
32749
24196
3074
17587
29315
4992
52297
61338
16954
37124
16870
65372
8
1313
12844
5087
41253
8696
42886
312
9715
4572
291
121
64854
52148
23455
33602
7552
61286
2050
13240
871
60966
65297
62573
40960
164
8416
21928
301
8256
61552
2091
41108
9136
324
56940
6444
51187
25335
19324
47550
54424
34711
41088
16865
18656
20117
8263
38595
26449
25113
40644
45310
142
53853
63464
43606
58649
59738
20624
8204
12860
56918
43448
6564
36999
4168