231
65504
491
498
49
8345
4
16768
504
4096
512
384
2975
16798
243
97
224
0
0
497
1
504
718
47
24
4096
1023
3
768
24
762
125
408
4339
256
486
1
16768
96
463
176
2288
384
499
0
370
229
1
895
191
52
486
128
32
56
384
0
768
498
241
3
1022
384
215
64
318
768
16408
384
12
416
0
319
16384
57
377
766
12
0
4102
8
35
4
352
16396
499
2
1023
4192
2048
1024
122
2048
0
192
249
0
126
4
754
4766
0
304
206
0
201
8
12
120
524
110
235
252
2207
6
9119
2051
2
460
494
16384
1072
8192
4
14
12
758
496
28
2288
126
306
94
16
3
38
24
192
510
16
512
4096
408
51
506
35
0
1159
120
8288
1341
252
247
486
256
252
766
199
375
384
512
0
4102
430
927
384
140
52
6
16798
0
8
64
334
0
784
0
8
0
8192
1342
11
1408
0
1021
16
8510
8
486
147
4
772
755
19
255
0
361
0
192
16767
0
248
510
192
472
3
8606
294
1020
245
509
2
229
352
1528
243
16639
262
48
462
94
386
256
126
488
0
454
0
255
768
767
48
8192
462
0
192
16
2048
1311
128
0
126
0
383
70
32
0
192
1024
485
768
510
32
48
127
505