4416
60
16413
4
128
144
1153
148
17472
16384
0
9
4097
10240
0
2048
4112
2
12
1042
512
2
1025
64
32
0
32
8208
4
48
0
4608
128
256
517
1
8208
512
1040
16400
8196
2
1024
4160
13312
8192
4352
8
8448
4102
32
0
2
4096
65
16384
0
8
4096
96
4
9216
256
514
8192
6144
0
1
2048
1280
128
32
2
16416
18432
41
258
672
6
72
4096
256
512
1032
16388
16
0
513
192
72
1024
1
1536
128
64
16640
8208
48
64
2
66
578
16448
2048
16896
384
256
0
3072
16456
16388
2052
16384
36
16392
56
0
48
6
24576
1156
1
32
1028
1
20
4096
2049
512
16
0
0
2049
512
16
16
16
1024
16512
2112
4096
8192
2112
4100
16448
8
4112
2560
256
4368
128
512
0
1536
17440
2
128
0
32
96
256
6144
2
1
16
64
12288
1
16386
4096
3073
1
520
1024
384
516
1
0
9216
0
1
0
16385
512
48
1
0
136
0
16384
0
5632
8192
16
4096
4
0
8192
4
257
16
0
4098
128
9
16384
2048
64
0
32
1296
6144
16
260
32
1024
12320
4096
256
0
80
64
320
0
0
128
16896
1024
0
32
1032
0
1032
1
3076
384
1
8192
16
0
8192
0
8194
1024
260
648
8192
16450
8196
16384
16416
16416
896
128
2112
0