4160
44
29
4
128
144
1025
132
1088
16384
0
9
4097
2048
0
2048
16
2
8
1026
0
2
1024
16448
32
0
32
8192
0
32
32
4608
128
256
513
1
8192
512
1040
16384
4
2
1024
64
9216
8192
4352
8
256
4098
32
128
0
4096
65
0
0
8
4096
96
4
1024
0
2
8192
2048
0
1
0
256
0
32
6
32
18432
33
256
640
2
64
0
256
512
8
4
16
0
1
128
8
1024
1
1536
128
64
16640
8192
32
0
2
64
66
16384
2048
16384
384
256
0
3072
16392
4
4
16384
32
8
40
0
32
2
24576
132
1
32
1024
1
20
4352
1
512
0
0
0
1
512
0
16
0
1024
16512
2112
4096
0
64
4100
16448
0
4112
2048
257
272
128
512
0
1536
1056
2
128
0
0
64
0
6144
2
0
0
64
8192
1
2
4096
3072
0
8
1024
256
516
1
0
9216
0
1
0
16384
512
32
1
16384
136
0
16384
0
1536
8192
16
4096
4
0
8192
516
256
18
0
4098
128
8
16384
2048
64
0
32
272
6144
16
256
32
0
12288
0
256
0
80
64
256
0
0
128
16384
1024
0
96
8
0
1024
1
1028
256
1
8192
0
0
0
0
8194
1024
256
136
8192
66
4
16384
16416
16416
384
0
2048
0