57
556
29
2052
128
145
1025
132
1088
16640
0
73
4097
2048
512
2049
528
18
40
1027
0
258
1280
17472
32
0
36
12288
32
96
32
4608
640
768
2561
257
8320
8704
17424
16640
5
2
1024
66
9216
12288
4416
1032
256
12290
4128
128
2
4096
65
4
0
8
4100
104
4
1024
2048
2
8704
2064
0
9
0
272
0
32
7
544
18432
35
256
672
2
96
0
0
512
8
1028
4112
128
257
128
136
1026
513
1568
128
576
16648
8208
32
0
2
64
2
16384
6144
16384
128
256
2
1024
16424
68
16388
17408
32
2056
40
8192
32
2
24576
132
33
34
1024
0
20
4384
33
640
4096
0
0
1
512
8
16
256
1024
16768
2624
4096
0
64
4100
16448
0
4096
2048
1
274
128
512
0
1544
1056
2050
128
0
32
64
0
6146
2
0
0
64
8192
1
2
4096
3072
0
24
1040
768
16900
17
0
9344
0
1
0
16384
514
32
2049
16384
4232
0
0
16
1537
12288
20
12288
4
64
8256
512
2304
530
0
4098
8320
16392
16384
2048
8256
0
34
272
6160
528
768
32
0
12288
0
256
0
80
64
8448
0
16384
128
16384
1025
0
104
8200
0
1024
1
1036
256
3
9216
2
4096
0
0
8194
0
256
136
24576
66
4
16384
16416
16416
1408
0
2048
2048