0
140
15
8
256
0
0
0
0
2
512
0
0
0
2048
4096
0
1024
0
2
4
0
4096
16
8192
1
0
0
2048
32
0
16
64
1024
0
4096
512
8
64
1
0
16
0
32
0
4096
0
8192
64
0
32
1024
0
0
4096
0
16384
0
512
128
0
0
64
32
16
0
2
0
0
2
0
0
8
0
0
0
0
1024
0
0
0
0
128
32
8
0
0
4096
0
0
4096
2048
0
0
0
0
256
0
16384
64
2048
32
2
0
16
0
8192
0
0
0
0
2
16384
512
4
0
0
0
2
2
128
0
0
1
0
0
0
0
0
8
0
0
0
2048
1024
8
0
0
0
64
16
0
2
0
0
0
0
0
0
0
16
16
128
8192
8192
0
4096
4
0
0
0
4
8
0
2048
0
0
2048
0
0
64
4096
0
0
0
512
0
0
0
1
16384
4096
0
1
0
2048
8
8
4
256
128
0
0
16
4096
0
32
0
0
2048
8192
8
0
0
1024
256
0
0
0
8192
0
2
0
0
0
0
8
4
0
0
0
0
2048
2
1
0
0
0
8
16
1
2048
0
0
0
0
0
16384
0
4096
8192
2
0
0
0
0
0
8192
2
16
8
4
0
0
64
128