57
543
21
2820
49
81
1409
132
1088
16736
384
70
4097
2816
704
2074
520
20
1000
1219
0
418
1388
17856
32
0
808
12312
28
101
32
4608
643
771
2573
257
8448
8710
17520
16736
325
386
1048
836
9312
12312
4576
1424
256
12338
4131
256
50
4480
33
8
0
4
4916
171
4
1024
2063
14
8896
2070
0
10
0
144
24
16
4
739
18456
403
256
416
98
48
0
792
524
4
1122
4112
176
353
128
312
1410
449
1568
128
576
16840
8604
32
3
386
64
26
16408
6360
16480
230
259
50
1792
16840
136
16868
17438
32
2152
808
8197
32
2
24768
135
449
18
1216
24
20
4396
65
0
4120
24
0
1
536
112
28
536
1024
17036
2648
4102
768
64
4292
16448
3
4102
2048
97
162
128
512
0
1732
1056
3010
128
0
64
64
0
6148
2
0
0
64
8192
1
2
4096
3456
96
30
1056
960
16904
417
768
9398
6
1
0
16432
898
32
2145
16384
4936
0
96
56
1538
13080
20
12288
4
67
8320
256
2584
266
12
4482
8326
16484
16384
2144
8652
768
418
368
6200
533
664
38
0
13056
0
256
0
83
64
8478
192
17024
152
16384
1241
0
104
8206
96
1024
1
1276
128
48
9222
386
4288
96
384
8194
48
128
139
24588
450
196
16384
16416
16800
1024
384
2048
2060