57
21
6228
31326
49
55798
808
442
15872
48034
26672
9918
36864
2303
575
34997
2328
6677
15152
1219
8192
11594
37120
22199
29687
0
40
19507
28519
27823
29211
4352
32768
5412
3071
45125
29824
50478
17512
16760
56832
253
20264
12143
37419
4403
63136
1399
32367
12338
36007
511
3712
4096
4136
49881
4407
4
4872
31312
4
2129
48752
57795
8896
2070
48392
27821
49152
340
56768
48490
100
989
17688
787
31360
52833
2
255
96
774
17616
60652
0
4304
26752
56891
32598
47232
54096
16026
1772
64
26488
20630
32768
32
126
21759
32448
27725
16894
6279
16384
55776
54168
458
1778
32900
33632
53435
0
25250
33542
40
55104
5175
17536
24624
18163
166
18
12730
231
59609
40384
14641
26240
30311
5760
21410
61312
44125
11648
56782
0
1030
23804
39838
7304
0
88
20883
16575
3
40112
53958
14309
29194
63616
1022
766
1480
26176
2820
127
766
64
32353
0
2263
241
2809
498
23525
8575
511
8332
21289
50288
19371
798
25216
22928
18590
52465
15343
10672
510
15680
62705
16384
636
224
2463
16798
21861
256
414
27037
61188
12504
27051
52421
508
477
8320
17348
2560
0
383
32401
16616
23860
48896
5120
8640
8398
402
272
37808
28672
792
239
255
28246
16853
4064
55924
183
64
8454
45922
17150
4574
16627
1185
60288
50770
8445
24
22151
4842
40432
8686
33344
9720
12394
52468
498
5936
33839
14465
40960
264
22576
58949
23040
16798
25856
52659
33915
6503
32
3979