44998
42
21
0
0
64857
46133
63743
1551
35406
56056
37714
22749
41138
56022
2454
56984
46325
14396
22295
44476
26
37760
52888
3975
28931
33751
8316
57316
2849
1145
30314
36816
6966
53661
2817
8196
47926
49495
40886
8
31875
39060
59634
64000
59116
8440
104
19065
15896
38332
42844
64649
1933
60179
28714
54120
186
7001
926
8
1357
34240
5314
110
42551
64123
56702
29461
39760
54648
10644
29984
33004
18879
36322
10856
144
40698
61706
13161
8470
33700
8232
58462
21862
27365
46123
64958
56404
23820
4228
54698
41484
37092
5350
8696
8208
8416
4493
45376
30856
6298
2048
11126
3311
16588
55180
38540
50350
4292
56619
52630
62652
278
59569
65187
36289
10365
383
37103
49285
64156
64392
10762
60797
4396
48743
12358
258
54003
51312
505
17151
45590
29067
5354
48763
22104
2113
54084
45294
40241
59771
50604
43658
36675
55651
42316
39634
16532
33878
41020
6785
49388
54028
54768
6926
45063
42337
19046
35118
14782
44149
5302
17866
60920
52308
38770
36165
42224
31587
48735
17318
57842
61515
7
1838
17521
36696
61100
400
17836
35554
35764
507
4812
11969
88
372
16635
1271
38546
36434
60938
35168
191
61105
21577
0
38855
40668
42990
54313
13451
7212
60404
29141
48494
60542
13523
4697
17704
8639
64998
256
14580
2024
43405
39460
62500
61667
56641
8702
418
61210
54815
1413
64794
26663
5739
35603
4135
56975
50577
46117
65291
23117
31048
49708
718
4167
8198
50983
46492
34031
8528
32223
12124
37845
52710
64331
11384
16377
16236
768