57
42
17
128
0
62809
46133
63739
1679
43598
56056
37714
22749
41138
56022
6550
56984
46333
14908
22295
44476
90
45952
52888
3975
28931
33751
8316
57316
2849
1657
30314
36848
2870
53725
2817
8196
47926
49495
40374
0
31891
39062
59506
64128
59132
8440
104
19065
15960
38396
42844
63625
1933
60307
28730
53608
186
7001
926
10
1357
38336
7362
110
42679
64123
52606
28949
39696
54648
2452
29984
35052
2495
36322
14952
144
36602
61698
13161
8470
33764
8232
58462
5478
27365
46123
64958
54356
19724
4228
53674
41484
32996
5348
504
8192
224
4525
41280
30856
6298
2080
11110
3567
16524
55180
38540
58542
4164
56747
52630
62620
262
59568
65187
40385
10365
379
37103
49285
64156
64394
10778
60765
300
48743
12358
258
53987
51312
16889
17151
45590
29067
5354
48763
22104
2117
62276
45294
40241
59707
50604
43650
36683
55651
42308
39634
17556
33879
57404
6793
49389
54028
54640
6926
40967
42337
18982
35134
15294
44149
5303
17866
60904
52308
34674
36173
42224
31595
48735
17190
57826
61515
7
3886
17777
36696
61096
912
17836
35554
35764
507
4812
11985
88
373
16507
1279
40594
40530
60938
35169
175
52913
21577
8192
38863
40700
43006
54329
13451
7204
60404
29137
48430
60542
13523
4697
17708
8639
64998
768
14452
1000
43917
39460
62500
62179
56641
9214
8610
61211
54815
1445
64794
26919
5739
35603
4151
57007
58769
46117
65291
23117
31176
49709
718
4167
8198
50983
46484
38127
8528
30175
12126
37589
51686
64331
3192
16377
15980
768