4152
48
56
388
515
128
26
4128
10250
16512
10756
4352
36
16
132
8224
1032
38
21024
4104
17
132
2304
10
273
16646
4104
8240
8
21
262
32
2048
0
81
0
1024
10754
2560
10240
6144
8260
8256
2054
16424
20737
560
4098
4116
776
72
128
9240
8
130
352
4106
3072
18
1160
6209
9216
4
0
3
8192
3
161
4100
16512
13312
2144
24577
2048
4100
20480
676
128
26632
53
65
2056
18440
81
8196
2064
18496
40
4880
16514
20480
4256
4096
272
16896
1413
65
0
2112
16480
24577
33
4101
2062
512
3072
1300
0
21025
98
2060
16449
8226
24
8452
8192
8206
18432
580
1536
6152
9216
4131
130
16386
30720
642
776
9280
2
6144
24712
1030
16641
16384
192
128
76
832
8468
18432
8192
16394
18050
4096
1540
1025
2688
16400
297
2050
16640
8707
16768
4161
2068
140
16
4244
4100
8256
8194
512
2176
2048
65
8768
16642
513
16648
8832
20752
6144
8196
8192
19520
8720
512
4640
0
2180
132
0
8201
8224
8224
4640
280
16384
0
545
10752
2305
65
512
400
4418
8
6144
2340
664
8452
2144
0
0
17424
0
192
770
1028
16386
4096
4160
24
0
1
132
4096
5216
161
36
17152
6144
536
1024
289
512
128
2
20
33
8704
16768
18504
0
24832
8
2
4
21088
8193
1
274
1552
4128
16384
17172
2
576
15488
4354
2432
640
1044
1120
9248