4156
48
58
396
16899
128
30
4132
10250
128
27140
20736
32
16
132
8224
1160
38
22048
5128
17
2180
2304
10
17
16646
4136
8240
8
21
1286
32
18432
8192
81
0
1024
10754
2560
10240
6144
8196
8256
2054
16680
21249
560
4098
4116
776
72
2176
9244
40
130
96
4106
3072
1042
17544
6213
9216
4
4096
3
8320
8195
160
4116
16576
13312
2144
28673
2560
4100
20480
676
128
26632
21
1
2056
22536
2129
8196
2065
18496
296
5904
16530
20480
12448
4098
16656
512
1413
97
0
2112
16480
28673
49
4101
10254
16896
2048
1300
1024
21033
99
2060
16577
8227
26
8452
8192
8206
18432
68
1568
6152
9216
4131
130
16386
30721
642
776
9282
2
6144
24712
3078
16385
16384
192
128
68
832
8468
18432
8704
16650
1666
4096
1668
1025
2688
16400
265
2
16704
515
16769
4161
2069
12
272
4244
4100
8256
8210
528
2176
2048
64
8256
16674
513
16649
8832
20752
7168
8228
8192
19522
8720
512
4640
0
2436
132
0
8205
8224
8224
21024
280
16896
2
544
10768
2321
65
512
16784
4422
8
6144
2468
665
8516
2144
0
0
17424
0
224
778
1036
16386
4096
4176
24
4096
0
132
4096
5216
417
36
17152
6400
537
1024
33
512
128
1026
84
33
8960
16768
16456
512
24832
8
18
8196
21088
8257
1
275
17936
4128
16384
21268
2
576
16000
4354
2944
640
1044
1120
9248