57
52
21
412
18947
128
94
5156
10250
128
27148
20737
32
16
1156
8224
17544
38
22048
5128
17
2436
2304
10
17
16646
20520
8224
9
533
1286
32
18432
0
2129
8192
0
10755
2560
2048
6144
8196
10304
2054
16672
23297
560
4098
4116
776
584
2176
9244
40
4226
96
12298
3080
1042
17544
6469
9216
4
4096
131
8320
8195
160
4148
16577
13328
2144
28673
2560
4612
21504
2724
128
27144
1045
1025
2056
22528
2641
8198
2065
18496
16680
4880
16530
20480
12448
20482
16720
512
1413
97
0
2112
16480
28681
49
4101
10254
16912
2048
1284
1024
21033
16483
2060
16576
8195
26
8452
0
8206
18432
69
1568
2056
9216
4135
134
16386
30721
642
776
8258
2
6400
24712
1030
17409
16384
224
384
68
832
8500
18688
8736
16714
5762
4098
1668
1025
2704
16400
265
130
16704
514
16769
4161
2101
12
280
4245
4102
8257
8208
528
2176
2064
64
64
16672
641
16665
8832
20754
3072
9252
8192
19522
8720
512
4640
128
2308
132
256
13
24608
8224
23072
312
20992
2
548
10776
2305
64
576
16656
4550
8
6160
18852
1689
8516
2272
2
0
17552
8
1248
810
1036
2
4097
4176
24
4096
8
132
4096
5216
417
52
16640
6416
537
1024
33
516
128
1026
84
41
8960
17280
16488
516
24864
40
18
8260
21088
8257
1
275
17920
4096
24576
21300
2
512
16000
4354
3008
2688
1040
1120
9248