54
65504
11
403
62
143
38
5144
10250
112
27148
20750
32
44
1156
8224
17528
56
22063
5128
15
2458
2364
20
17
16766
20519
8224
53
523
1286
62
18432
0
2157
8252
0
10995
2560
2048
6144
8196
10304
2294
16668
23297
524
4124
4116
775
584
2160
9452
40
4226
144
12293
3080
1042
17528
6474
9231
4
4336
251
8320
8221
216
4155
16637
13328
2159
28673
2620
4619
21504
2644
248
27144
1045
1265
2056
22528
2641
8198
2093
18496
16680
4880
16530
20495
12448
20482
16720
512
1465
97
120
2224
16495
28725
13
4101
10256
16927
2108
1284
1024
21073
16483
2066
16432
8221
38
8692
0
8208
18432
181
1568
2055
9216
4135
134
16397
30751
642
820
8370
2
6640
24712
1048
17409
16384
239
368
180
862
8500
18718
8766
16714
5882
4098
1788
1265
2732
16400
265
130
16764
754
16769
4161
2101
12
280
4197
4102
8369
8208
616
2176
2064
124
64
16672
641
16662
8862
20754
3072
9274
8252
19533
8718
512
4816
128
2315
132
256
13
24608
8254
23087
312
20992
62
604
10788
2305
94
576
16654
4550
22
6160
18852
1641
8516
2064
2
0
17552
8
1263
850
1276
2
4097
4174
24
4096
112
132
4111
5231
417
59
16655
6416
537
1024
33
636
188
1026
104
55
8960
17280
16536
538
24864
40
12
8260
21088
8249
1
275
17920
4096
24636
21300
2
752
16120
4594
3008
2672
1128
1168
9248