42297
42
21
0
0
2939
416
5156
29312
49006
3330
8694
32
50388
38712
37649
51680
33813
57596
5622
495
980
2304
43293
46080
17814
20520
8415
246
5700
1272
30882
192
23485
2129
55773
0
1495
29402
14336
6399
38113
26412
63707
40956
32045
560
24158
30176
53749
695
7450
52656
8526
4226
57385
34352
65214
1261
17544
9808
16774
13800
46978
124
574
8195
160
64840
34103
13328
21152
42872
45751
11078
16490
51982
127
34882
5030
48464
25224
59310
2641
43786
21060
34346
16855
5103
60729
20735
21829
19392
44339
1022
62629
55041
60319
2112
16480
28681
42581
5784
10254
16912
10437
1274
57236
53832
5771
2546
23522
8701
26
2786
0
60541
65161
10566
12594
2056
9726
49581
121
16386
30974
62462
776
7106
62204
5246
48164
1030
17409
16639
34834
41206
442
44715
8394
18686
9182
51495
5757
4604
15898
46404
2704
16400
44385
13886
16704
4912
3660
4286
38478
57268
20539
4459
4600
60065
6734
528
2176
8312
64
64
16606
52441
8065
15190
56460
3582
9435
48978
19522
61776
25088
4640
14541
2308
197
46592
13
25054
46880
23072
32418
47240
42815
40989
43674
2305
35967
576
13645
4409
502
4672
1774
1895
43250
3318
48183
34868
17552
5744
1310
724
1036
2
4097
7424
24
4096
36657
30410
7246
5279
20667
458
7424
31828
16071
35168
41246
763
50362
62160
36975
41
29440
15128
50862
516
24864
34612
49635
22108
27761
8257
511
39931
13824
46859
57344
21194
2
60448
58246
22046
3008
2688
1040
1120
9694