128
12
13
64
0
0
1
0
0
8192
0
0
0
0
0
0
2
16
0
128
0
2
0
256
256
32
2048
0
0
0
16
0
512
2
0
0
64
2048
0
16
16384
512
8192
128
1024
16384
16
256
512
0
0
0
16
0
8192
0
0
8
0
0
8192
0
32
0
256
0
4096
512
0
16384
0
0
0
4
256
0
16384
0
0
0
256
0
0
0
1
8192
2
16
32
128
0
4
1
8192
0
8
256
0
4
256
0
128
1024
0
0
0
128
0
0
8192
0
2048
0
0
0
0
2048
0
0
64
16384
0
1
512
0
16384
2048
1024
0
512
0
2
4
16
32
1024
128
0
4096
512
4
0
0
0
0
32
0
512
0
0
32
0
0
2048
0
0
16
0
16384
2048
0
0
0
0
0
16384
1024
4
2048
32
1
8
128
0
4096
8192
32
256
128
0
0
0
0
0
16384
0
4
0
32
1
0
0
2
0
0
16
2
0
0
4
0
256
64
1024
32
1024
8
16
1
16
128
0
1
256
4
2048
0
0
8192
8192
0
8192
0
0
0
8192
16384
128
0
0
32
512
0
2
0
2
32
0
256
0
16
0
0
8
512
0
2048
0
1024
0
0
0
2048
2
0
1024