58496
65504
35091
58301
1
49566
33640
1054
65052
62229
8198
2450
40968
386
127
59294
39426
39527
3740
154
49852
766
48514
52270
42946
65230
565
1766
43444
25486
34820
4423
8448
4228
46220
8193
13119
53914
4105
824
2048
60742
32
56857
2948
6154
45432
20768
55760
52573
6284
9185
3015
55742
51958
3751
34768
20689
29723
11163
9032
19455
8639
24517
19328
35848
36424
8267
8434
8
8350
24037
348
2060
12448
28298
7272
28978
145
11261
12608
1014
2423
4
61498
64768
39108
53662
1021
10478
4222
13452
45152
1280
11011
19041
365
9732
58040
8839
1
9515
64954
17322
16770
21790
56895
8770
40045
17055
439
57531
8016
58399
1126
2283
50404
17394
1536
61523
49393
4540
31549
48560
64164
16
4402
63467
11648
21483
51552
59127
44826
359
30994
48110
16244
786
970
4414
45360
1600
22528
6252
480
16771
50488
497
51822
53773
4067
58140
193
41063
66
60245
11308
45684
5344
19500
20
16678
18258
41941
31445
51447
40154
12642
33352
58358
38938
532
53571
11339
61074
12825
12800
32237
32384
3378
16560
25091
4608
52329
61274
17211
37120
16854
48964
2
1377
12840
5074
41029
8699
42918
280
17907
5596
35
4216
65344
52148
23421
33680
7554
61302
2066
13184
2943
52798
65293
62540
40968
188
8321
21544
811
8192
61680
11
32908
12732
1348
56924
6188
51184
25335
19292
47522
54416
34591
41088
16849
19696
20125
39
38531
9296
26138
56832
47614
142
55293
47048
44630
58841
43374
22800
8469
12848
56934
43448
2404
37524
80