1029
1036
525
2072
4104
72
65
8
16392
4
2176
2056
18
448
160
8272
8480
48
8202
1192
547
1
4
11264
66
17920
2083
1024
2560
576
784
4114
128
516
24576
8704
1
2560
513
128
4104
1056
9312
65
28
8
256
4384
10256
18
4
64
52
160
40
5120
1024
16388
32
8195
4224
2048
256
8448
17600
16388
52
8256
0
128
256
16416
6
2304
96
32
3080
16385
1
0
448
512
16
128
16
3074
2056
72
0
0
4232
20800
2
3072
1040
1
16
5126
256
512
12292
291
4098
128
2688
16408
3088
192
9728
4097
264
16
4096
9762
736
1056
16898
6160
17920
4613
8256
4484
20769
16
8480
298
4096
2064
4176
4096
2306
1026
8512
0
3648
10240
6
534
550
2048
256
1028
6144
4113
1032
8200
8193
1
8194
16913
3104
65
512
4096
160
8
2080
73
4232
16928
2064
672
4361
8
832
264
512
12804
2
544
32
528
258
1024
1032
9408
6657
12
17448
6144
0
65
12864
4352
0
16393
16448
4
3080
0
1280
0
6672
4644
67
77
1024
4096
4360
3
74
1153
4096
0
4100
16930
1
2114
416
16641
0
16904
1536
0
4096
8450
16384
518
2560
12
2048
1072
8200
385
72
32
1536
16
2184
2592
8448
8770
1664
272
1152
1153
520
8224
1024
8336
16385
2
274
96
3090
2048
8832
4096
520
0
0
226
8448
262
544
64