1029
17420
589
2200
49
72
2113
24
16520
4
2176
2056
530
448
160
8528
8496
50
8194
1192
547
9
2052
11264
66
17921
18467
1040
2048
576
528
4114
8320
4
24576
8832
9
2624
2561
128
4104
1056
9440
65
2076
8
256
5408
10256
18
4100
64
1076
128
40
5120
1024
16388
32
24579
4224
2304
256
8448
17632
16388
52
8264
16384
128
1280
17440
6
2048
96
34
3112
18433
0
0
480
512
528
128
16
3082
6152
72
0
0
4232
20800
2050
3104
1040
1
16
13318
256
512
12292
291
4098
128
640
18456
3090
192
9728
4097
264
80
4608
9890
737
1568
16898
6161
17928
517
8260
4500
20897
16
8480
298
4352
2064
4176
4128
2306
1026
8512
0
11840
10368
6
518
550
2064
768
1030
7168
17
1032
9224
8449
257
2
16913
3616
1
512
4096
224
8
2144
73
4236
16928
16
672
4377
8
833
264
512
12804
3
544
32
528
266
1024
1288
9408
6657
16396
17449
6144
0
97
14912
4352
8
16393
16448
8196
3336
1024
1280
4
6672
4640
67
109
1024
4096
4104
7
74
1153
12288
0
4101
16930
1
2626
416
16649
2048
520
1536
0
20480
258
16400
518
2688
76
2560
1072
10248
897
72
32
9728
16
10376
2594
8448
8770
1728
272
17536
1153
16904
8224
1024
9360
16389
514
258
64
3090
2048
8832
4096
520
0
0
234
8448
390
544
192