57
17804
587
3224
49
64
2113
25
20616
4
2178
2128
594
448
1952
10582
8480
8242
8206
1224
547
2057
2116
11776
26
17921
18979
16
2240
8768
528
4114
8320
452
24704
8844
11
3008
3633
128
4152
1064
9856
89
2064
2056
576
5414
2064
22
4100
2112
1079
64
50
5512
1792
16404
8224
8195
4232
2326
332
8544
17600
16388
2132
9256
16384
131
1280
17696
102
2056
96
16418
11300
18449
448
32
336
516
528
192
22
3081
6144
76
0
768
4232
20800
2306
7200
1040
34
4208
13314
256
512
12295
295
4114
131
656
18459
3122
128
26496
4097
272
80
4994
9902
706
1080
17010
6169
17928
709
10308
4564
20909
432
9504
16682
4102
2576
4168
21280
2330
1026
9024
4144
11846
10380
8198
4614
575
2064
770
9222
7168
16401
1030
9224
8448
769
770
16914
3808
129
256
4866
224
16
2112
2127
4244
16672
8400
672
4473
10
801
256
560
13204
193
552
416
532
329
1024
5432
9411
6925
18432
17449
6272
8192
101
14980
20736
778
16781
67
8220
3368
1024
1318
1028
6736
4640
67
93
1030
4096
6344
11
970
1152
12294
2
5509
16960
2
18978
2080
16649
2304
8712
1536
16
20480
354
16656
518
2688
76
2572
1074
2056
897
72
35
9920
19
10504
2562
8460
8774
1728
272
17539
1153
16904
8224
1280
9300
16580
770
259
64
3186
2816
8860
4098
8712
0
0
218
8192
422
547
192