57
17524
21
3224
49
176
2113
7
20616
4
2162
2134
554
448
1180
10604
8692
8242
8445
1192
547
2057
2116
11535
13
17921
18979
224
2168
8768
543
4322
8320
180
24892
8892
11
2658
3653
112
4208
1240
9880
57
2095
2160
430
5584
2064
25
4100
2172
1227
128
25
5162
1084
16404
8280
8435
4212
2318
335
8508
17600
16410
2100
9264
16444
128
1280
17636
126
2268
92
16594
11480
18537
256
62
352
516
526
192
14
3186
6159
112
0
68
4246
20792
2306
7256
1055
86
4140
13554
496
527
12314
295
4114
158
744
18543
3122
128
26142
4097
368
160
4621
9916
645
1052
17074
6169
17972
653
10308
4564
20927
207
9504
16682
4156
2604
4252
20686
2317
1266
9024
4156
11855
10368
8250
4854
611
2062
770
9342
7408
16489
1029
9224
8448
889
2
16941
3792
159
750
4213
224
8
2112
2165
4330
16966
8206
668
4389
3
846
256
580
12908
241
532
47
532
330
1024
5572
9228
6981
18461
17429
6272
8192
89
14950
20736
114
16397
174
8196
3368
1024
1342
1028
6736
4670
93
79
1084
4096
6340
247
556
1272
12348
2
5245
16928
121
19036
2464
16753
2206
8726
1536
16
20720
356
16656
638
2688
52
2764
1074
2056
910
116
47
9762
44
10359
2622
8688
8783
1743
272
17520
1166
16904
8254
1280
9384
16410
770
376
64
3118
2048
8836
4100
8816
0
120
146
8192
440
561
252