57
65504
16426
3224
49
79
2495
7
20854
4
2189
17186
24056
448
1180
10386
8692
54098
8451
39032
989
2551
2116
56153
23608
35697
18979
286
2168
8895
543
4322
8320
24714
24892
8771
244
22058
4027
398
4208
3350
9880
455
42240
60336
80
3698
2542
230
26324
2172
1227
64647
25
5333
1474
16874
8280
8435
59184
2545
63710
8508
17600
16868
2100
9678
16444
40576
24064
17435
129
49403
92
16594
11558
18839
256
62
352
1018
32818
192
14
3186
17654
61593
19624
187
4246
20792
2557
7335
1055
169
4140
35250
496
30023
12517
472
39724
158
11840
18543
62644
12565
9196
38950
142
160
1360
9795
2516
1506
17228
6631
49436
1118
10682
8500
51718
207
23044
16596
30458
12844
4252
64462
2317
25511
8894
4156
12209
33871
8644
4872
668
2062
19920
9600
23840
16489
1029
9463
8703
17275
35616
16941
60896
96
750
49898
286
8
8292
45761
4330
16966
8688
38979
18582
57321
846
60854
580
30949
241
747
208
25436
180
11942
5572
62062
4976
7437
47796
6272
39648
64493
3544
18761
23128
16397
63706
8698
3368
1279
11268
37628
7086
47489
93
35911
1084
4096
6340
61383
723
1272
12348
253
5507
62368
20130
61133
2399
12049
6556
41016
2046
239
63648
56060
34000
896
20262
203
22776
15353
2056
6834
139
208
282
44
10359
33472
8463
8783
1743
62431
34936
38490
34656
8254
1535
9303
16613
764
31384
22874
3281
2303
31448
4100
40064
0
390
21727
21764
327
561
23806