39993
8160
21
0
0
35397
22650
6649
31664
42464
2189
17186
24056
33984
14472
10386
62272
15664
41526
39032
47876
48589
32792
56153
23608
8231
56251
7912
2168
8895
24999
4322
8320
31178
24892
8771
42576
22058
63855
36160
11296
14310
22084
48379
7336
6998
56308
3698
2542
230
12768
63074
15900
9217
17092
5333
26736
16874
8280
8435
59184
2545
28770
8508
17600
60132
40296
47432
7092
14464
14336
41869
129
49403
7008
16594
11558
7933
51832
50984
352
24090
62980
32320
1176
5918
9802
9215
19624
187
4246
48872
20293
41965
1055
16043
39040
60656
496
31093
29300
63622
52800
4272
9072
18543
31616
12565
6716
8540
40882
40676
1360
47251
2516
13446
27248
60157
22048
1118
10682
61172
37524
207
39376
44916
65534
12844
1536
64462
2317
25511
4088
4156
11941
42817
8644
8658
668
24986
52672
10112
23840
16489
54736
9463
26551
57249
11256
24323
15232
37078
750
20728
286
26626
33488
51845
4330
45514
44544
38979
18582
26971
846
60854
36088
2455
30625
747
43552
17410
46428
11942
44720
9522
40464
34301
8016
10030
1408
57745
58988
65227
13824
49569
31260
64926
640
13105
11268
3454
37504
47489
93
35911
47284
20480
312
35643
723
4966
7444
48917
56644
62368
20130
59843
4400
51567
16888
41016
2046
16347
13760
47524
5120
63360
20262
203
28896
15353
2056
6834
139
208
31972
44
10359
31990
57906
6729
43263
29175
34936
38490
41728
8254
1535
9303
16613
20250
31384
59764
20020
30219
42696
62486
64160
0
390
21727
21764
327
15044
23806