41017
21
21
3
39366
39436
60924
41841
65077
41559
35944
38999
43254
40188
18398
46914
53390
2303
20508
2054
20
1295
8708
25916
30985
39674
16
2259
32981
641
3819
46321
58176
38185
2303
2559
12058
34003
4492
46770
4446
464
0
28090
53253
58343
205
50781
47264
4594
9153
865
47472
65108
27064
38673
4543
32
343
8665
62
49402
36777
118
31589
50101
16768
57462
60354
60091
29652
63812
868
8727
24598
31544
499
51686
168
11721
244
43382
5772
63627
53530
56954
195
4600
65178
51021
508
56976
34240
50460
50907
53040
4518
8255
1946
61366
4160
512
255
24672
51158
47313
3363
54923
762
3
35236
34936
50159
58519
40372
55442
2750
13303
25446
37698
719
18546
48
430
38060
16591
60291
41830
37117
53755
28354
16502
42892
231
40190
36569
326
52351
338
15593
1056
62321
441
43895
260
1648
398
39111
766
13
33946
63884
16161
16865
215
2297
51304
35699
37766
131
38606
2150
44609
3083
16094
1
16384
2366
49
83
35750
4
47514
41167
13904
31381
34
38802
47435
29791
58802
27785
492
17033
44022
40057
65289
43461
64292
302
9411
56
62404
2462
61823
23472
33986
35802
40030
2352
34672
2558
8052
44316
16391
810
58304
14977
42217
25779
34015
49213
5884
24552
50219
45737
33250
0
52140
2382
63267
1278
38404
64099
61528
49123
34462
2462
33346
4595
256
63497
920
4864
316
61911
37319
468
999
32833
17164
4
28954
26213
2271
8
768
45758
9476
8510
784
2
59713
462
39114
50433