8320
8204
13
64
0
0
8193
4096
64
8192
16384
0
1024
0
8
512
2
16
0
132
0
16386
4
257
256
36
2560
0
4
1
16
0
512
2
0
0
64
2048
256
16
16386
512
8192
128
1024
17408
16
8448
520
0
4096
0
2064
0
8196
2048
0
8
0
512
24576
4
32
256
4352
0
4096
512
64
16400
1024
128
512
12
256
1
16384
1024
0
0
256
64
0
0
513
8194
18
24
544
1152
0
4100
1
8192
0
8
256
128
68
4352
16384
128
1024
0
0
2
160
0
0
8193
0
2176
0
0
0
8
6144
16384
0
72
16384
2
1
516
0
16896
2049
1536
0
512
2
2
4
16
288
1024
128
0
4104
520
4
4
0
256
0
0
512
512
16
0
4128
2
4096
2048
512
8
16
0
17408
6144
0
0
64
0
0
18432
1026
4
2048
32
33
8
128
2
4096
8193
48
288
129
0
0
0
0
0
16388
16384
16388
128
96
1
8192
16
0
4
1
16
2
0
128
36
2
256
4160
1040
32
1024
8
16
1
2064
192
32
8193
256
132
2048
32
128
12288
8192
8
8192
8192
0
256
8192
16385
128
8
1
32
544
2
2
8
0
33
0
260
256
16
16
0
264
528
16384
2080
2048
1088
0
0
32
2048
2
16384
1152