56
620
29
0
144
640
1
4
68
16384
516
552
1
8192
2
2048
8272
18
4224
17920
4
8208
0
2144
16416
36
4
512
128
0
16
512
513
0
9
512
13312
0
16
6144
2052
16
0
64
1024
0
4224
0
272
34
256
136
2048
4096
832
32
72
17416
4096
98
2
1024
256
70
8192
0
8
1
1024
2
192
4128
4
516
18432
256
320
16768
4098
321
4096
512
1024
1024
0
33
33
0
128
0
0
4096
512
128
1089
256
2048
0
8200
512
64
16386
16384
2048
4
128
256
4100
1040
16386
640
516
16384
4128
2048
72
2048
160
2050
16384
129
1
4
2560
9
148
256
289
528
0
32
64
128
128
0
272
0
0
640
2048
5184
16
1024
516
16384
2
4097
2112
385
16
4736
642
256
2568
1024
8192
1088
256
1024
16
64
4096
32
0
16384
32
8192
7
34
4096
2592
2048
12
9216
256
4
544
0
1536
256
256
8194
16416
1024
32
1
18432
16392
0
256
288
512
0
32
8
68
257
8212
4
256
24
16
2
0
2056
16384
2560
72
2048
8232
768
0
2048
384
545
16
8192
0
260
0
72
192
264
0
4224
0
16416
0
32
1088
8202
272
1024
17
9280
16512
4608
0
8192
128
8224
1152
8192
0
288
4104
8208
1089
0
64
16640
16416
288
2050
2052
32