57
44
31
8324
49
176
1025
164
1728
16389
0
9
5121
2180
48
2048
528
3
0
1026
0
258
1024
1088
16416
32
32
8232
0
32
16416
20992
160
256
769
1025
8194
516
1552
16384
516
258
2
0
9220
26624
4352
2056
256
4098
289
2688
8192
4097
81
64
16416
8
4608
32
68
1058
64
1026
8196
3076
16384
33
8192
1280
0
8224
550
16416
22528
16417
256
896
6
72
32
1280
517
8201
12
2096
2050
1
128
8
3072
1
17936
130
4160
16648
8194
552
16384
16386
64
579
16384
10240
20480
384
261
0
3840
16394
16
4
16384
40
4232
24616
0
2081
18
24640
148
1
32
1280
1
4
4360
1
516
0
64
512
41
544
2048
32
32
1024
128
6336
4097
0
64
6150
16576
2048
4624
2052
16641
272
128
512
8192
1536
1058
2
144
0
264
4160
17
6144
66
4
0
4160
10240
9
2051
0
3096
2050
8
1056
260
548
1
4096
9216
32
513
256
16512
4608
2080
1
16384
136
32
16640
32
512
8448
80
20608
8196
0
9216
2564
2304
50
32
4098
136
8
20736
2304
112
256
33
16784
6152
16
320
32
0
12608
16384
257
0
336
66
1280
0
8192
1168
16384
1032
8196
112
512
0
1028
1
1028
16656
1
8448
2176
512
16448
32
9218
16
16704
648
8192
354
16388
16384
18464
32
128
4096
2048
256