57
1068
31
9348
49
176
1025
1188
1728
16389
2048
9
5121
2180
48
2048
16
1
8
1026
8
258
1024
1088
16416
544
16416
24616
256
4128
16416
23040
160
2304
769
1057
8450
644
1552
16384
2564
258
514
0
9220
26624
4352
2184
256
2
289
2689
8192
4097
81
96
16416
8
4608
32
68
1074
66
9218
8452
3108
16512
289
8448
1280
16
9248
566
16432
20480
20513
320
17280
134
72
0
1280
645
8201
12
2096
2066
5
128
520
3584
17
19984
128
20544
16648
12290
554
16512
16386
64
579
20480
26624
20482
1408
5
0
3840
16458
2064
4
16384
40
4744
25640
8
2081
18
24640
148
1025
32
1280
1
16388
4392
1
516
0
72
512
9
544
2048
32
32
17408
129
6337
4097
4
66
6150
16576
2048
12816
2048
16641
272
128
0
8192
1536
1058
18
148
0
256
6208
17
2048
98
516
0
4192
10240
9
2051
256
3096
2050
1032
1056
260
548
1
4096
9220
96
513
320
16512
4608
2081
1
16384
200
32
16640
32
512
8448
80
20608
8196
0
9344
2564
2312
50
32
4098
136
1032
20744
2312
112
256
8225
18832
7176
16
16704
32
512
12608
16384
257
0
16720
66
17664
0
8196
1168
16384
1032
12292
16496
512
4
3076
5
1044
16784
129
8448
2178
512
16448
32
9218
16
16708
648
8192
4450
16388
17408
18472
8224
1152
5120
2048
8448