57
1068
21
9348
49
5838
1025
1115
33752
16891
2303
9
5631
2171
207
2048
494
3121
7725
23099
14643
13628
22338
1088
17256
13098
16416
25046
254
4128
16416
23040
95
2403
769
1246
8701
890
1552
16384
3066
258
765
510
9220
46727
37651
37653
56464
2
38839
2689
8447
47006
81
6405
16607
8
5118
223
187
1074
8567
9218
12996
28391
16766
223
5526
40606
7138
9248
968
35754
20480
10498
190
48743
47458
72
255
1280
10107
8201
12
2096
12052
5
6536
16414
64268
15394
19984
128
20926
16887
11362
18509
26058
3704
446
41707
41522
27134
20482
1150
5
22335
3838
48273
64973
4
23631
470
4727
26160
502
2270
18
62243
148
1025
32
1280
254
16635
4310
254
1018
0
438
19849
9
544
2558
58954
478
17918
49695
6337
4097
506
189
56997
16576
2048
12816
4722
16641
272
128
8133
8447
23702
28586
18
148
0
254
6208
19919
2303
98
49622
31980
27966
10240
9
2557
254
26646
33027
1271
1056
260
548
1
24102
26160
414
513
190
16766
4608
2270
1
12846
200
32
54071
27475
31352
16511
80
20608
11085
0
27934
3066
10828
25738
32
4604
54858
13758
25199
2294
29180
32366
32404
18832
7670
38762
43326
8354
512
12735
16894
255
255
16720
64473
17664
0
23460
1390
16384
1032
12539
16527
1022
4
3076
5
27817
33521
7493
63374
20960
23450
16448
223
32216
9666
22816
648
8702
4450
16890
17663
18902
20943
1406
48374
14068
8448