57
277
21
512
206
64
512
8764
4096
818
280
66
4128
191
38
261
100
2354
4363
304
123
6270
510
239
4225
0
245
371
16737
895
4104
1
384
203
1015
0
96
510
504
273
303
2816
0
158
351
32
1027
61
131
511
486
399
1023
8451
0
0
5321
387
160
1011
1790
169
253
63
2104
224
510
121
4359
4553
5119
16635
4606
2048
6
1383
1228
192
30
2844
766
8449
8702
511
8
416
698
430
159
258
512
0
63
511
192
321
304
509
256
223
252
255
0
16481
382
16590
323
281
316
1
16646
331
869
81
1024
0
349
1953
58
32
386
3168
2400
8192
8709
221
8193
392
48
2
64
2560
994
7
114
382
509
388
505
248
1024
702
476
512
4673
1
768
263
6
767
513
16607
2304
4338
4600
1534
510
2405
313
780
513
2287
12
0
294
410
4529
103
256
1023
271
207
1473
766
131
2509
378
525
961
2048
506
2
8208
63
4200
0
365
253
3
4
1408
278
56
2142
8192
16543
224
8455
609
8672
16399
641
3
473
72
508
192
4159
510
66
305
2048
1420
243
256
386
221
48
318
704
175
16408
2048
774
536
255
13
49
265
1080
201
255
513
114
1279
474
297
751
253
270
10240
16896
450
0
2201
4991
65
283
3264
345
504
4350
576
1
0
126