39993
21
0
0
0
35413
2367
6649
20854
42464
2253
25378
23800
384
1180
10386
8692
11568
8451
39288
34221
49101
32824
56153
23864
16255
56251
5864
2168
8887
24999
4322
8320
24714
24860
8769
244
22050
63599
24896
11296
19734
22084
24945
7336
6998
56316
3186
2542
166
26192
6166
41579
30749
25
1237
1472
16842
8312
8435
59184
2545
28770
8509
17600
25060
2100
47432
7092
40576
7680
42893
129
51451
348
16594
11558
7933
23660
50984
1376
5114
32819
192
8206
5916
8778
61593
19626
187
4246
20792
20293
41965
1055
7659
33133
44272
496
28999
12517
63246
7264
11216
9056
18543
52576
12565
6717
56652
40882
40676
1360
9803
2516
1250
17228
60157
28720
1118
10682
8502
14610
207
3468
16596
65534
12844
4508
64460
2445
25511
8894
60
12197
42819
9668
8658
668
2062
19924
13696
21792
16489
22759
25847
30647
19323
11256
24387
60896
37062
750
1976
286
17107
58668
45633
4330
45546
44728
34883
18580
56297
847
60854
36072
2439
30625
747
80
21510
46460
11950
9320
62062
40464
7437
8016
27930
39648
64493
61036
4571
23120
16169
28518
8698
3368
14725
11268
3454
18474
47488
93
35911
47284
4096
1336
9355
1747
4966
7446
2301
36331
62376
20386
61133
43551
51567
6556
41017
2038
239
55456
56060
34000
897
20262
201
5000
15357
10248
15026
139
208
27010
44
11383
31990
54099
8783
43255
62175
34936
38746
15536
8238
1535
9303
16613
20234
15000
59764
3217
2295
47340
54294
63648
512
16774
21727
21760
327
1585
23742