57
53
8
0
128
35397
2495
6649
20854
42464
2189
17186
24056
448
1180
10386
8692
15664
8451
39032
34189
48589
32792
56153
23608
16191
56251
7912
2168
8895
24999
4322
8320
24714
24892
8771
244
22058
63855
24896
11296
3350
22084
16753
7336
6998
56308
3698
2542
230
26224
4118
41571
30749
25
5333
1474
16874
8280
8435
59184
2545
28770
8508
17600
16868
2100
47432
7092
40576
24064
41869
129
49403
92
16594
11558
7933
23652
50984
352
1018
32818
192
14
5918
9802
61593
19624
187
4246
20792
20293
41965
1055
7659
33132
60656
496
30023
12517
63246
7264
11216
9072
18543
52704
12565
6716
56652
40882
40676
1360
9795
2516
1506
17228
60157
28720
1118
10682
8500
14610
207
3340
16596
65534
12844
4252
64462
2317
25511
8894
4156
11941
42817
8644
8658
668
2062
19920
9600
23840
16489
22757
9463
26551
17275
11256
24323
60896
37078
750
952
286
17106
58668
45761
4330
45514
44720
38979
18582
57321
846
60854
36088
2455
30625
747
208
21510
46428
11942
9320
62062
40464
7437
8016
27930
39648
64493
58988
4571
23128
15145
12134
8698
3368
15749
11268
3454
18478
47489
93
35911
47284
4096
312
9387
723
4966
7444
253
44523
62368
20130
61133
43551
51567
6556
41016
2046
239
63648
56060
34000
896
20262
203
7048
15353
2056
6834
139
208
27026
44
10359
31990
54083
8783
43263
62431
34936
38490
15792
8254
1535
9303
16613
20250
31384
59764
3281
2303
47340
62486
64160
0
390
21727
21764
327
561
23806