4160
556
29
2048
128
128
513
4
64
4096
548
1
2049
2048
256
18432
2064
2
0
1024
0
64
16
68
33
16388
33
8320
4096
2
9
516
0
8256
769
0
26624
16384
16400
0
4
8192
0
576
1024
8448
4096
512
289
34
8
128
0
4112
320
4096
0
584
4352
0
32
0
1
0
8192
0
1024
5
1088
1
0
32
4
1032
16384
33
4352
4256
66
1089
132
392
1
512
16896
0
0
1024
640
8
1
16384
584
384
64
256
8
8
0
0
80
4130
16384
2050
256
1408
384
2064
1056
16384
1
4
16384
32
128
2056
1026
128
2
16400
128
33
1
8224
1025
20
256
16389
16896
2560
1056
16384
0
9
5120
48
4
2080
128
18440
6144
2
68
132
20484
16384
12288
2052
2304
16
128
1544
192
514
17408
0
32
0
0
1
2056
5120
16402
1024
258
1024
24576
65
130
4097
2048
16385
10
1044
256
4
2048
128
9248
16
1024
8
24576
0
2
17
16384
16392
4096
16384
256
768
2048
16384
0
4
1280
9248
4
0
24
2048
2
0
1032
16640
2048
64
1024
32
273
18432
272
320
48
384
8256
0
2048
513
32
1
2304
1024
16512
0
16388
64
0
64
8
256
1026
545
1280
4
4
0
4096
144
320
0
8192
8192
256
8
8192
67
4
1280
16640
544
0
0
2560
8