57
44
29
0
128
128
1
4
64
0
36
0
1
2048
256
18432
16
2
0
1088
0
0
16
64
33
4
32
128
0
0
8
512
0
64
513
0
10240
16384
16400
0
4
0
0
576
1024
8192
4096
0
257
2
8
4224
0
4112
64
0
0
520
4352
0
0
0
1
0
8192
0
1024
5
64
0
0
32
4
8
16384
33
256
4224
66
1088
4
264
0
512
512
0
0
1024
640
8
1
16384
576
128
64
256
8
0
0
0
64
4098
16384
2050
256
384
256
16
1024
16384
1
4
16384
32
0
2056
1024
0
2
16400
128
1
0
8192
1
20
256
5
512
512
1024
0
0
1
1024
16
4
2048
128
18432
6144
2
64
4
20480
16384
4096
2048
2304
48
128
1536
128
512
17408
0
0
0
0
0
2048
4096
16386
0
256
1024
8192
1
2
4097
2048
1
8
1028
256
4
2048
128
9216
16
0
0
24576
0
2
1
16384
16392
0
16384
0
768
2048
16384
0
4
1024
8224
4
0
16
2048
2
0
1032
16640
2048
64
0
32
257
2048
16
320
48
256
8256
0
2304
1
96
1
256
1024
128
0
16384
64
0
64
72
256
1024
33
1024
0
4
0
0
16
64
0
8192
0
256
8
8192
66
4
256
16640
544
0
0
2048
0