57
65504
21
32263
49
21390
254
4
58575
35362
3044
0
5655
2303
8206
58398
239
10583
29714
1088
17703
255
494
64
33
57398
32
127
7250
25885
10308
22815
7487
8801
22819
3909
10240
42607
16400
255
4652
255
0
4160
6320
32555
21294
0
3375
4398
21901
49638
10599
4335
51790
255
19256
1014
37862
5435
27450
39544
1
0
8702
16514
1534
59788
64
0
21132
14145
251
8
16384
33
33099
24499
19723
39981
506
40170
255
17747
61434
6484
27221
36781
50488
59578
254
16384
958
30522
45904
30142
247
8289
26052
35724
25508
4098
47462
36554
27352
14825
35539
239
35974
29544
29003
22489
30832
32
255
2550
17266
53737
1262
16400
21494
52208
63730
23417
30077
8974
254
5
9856
512
1534
3332
48904
57363
4497
22572
4
5394
127
37001
6144
34154
30285
39735
25743
16894
26002
2048
2304
48
43224
2046
128
29847
17408
155
255
255
15479
29916
5278
29570
16386
14242
48528
47252
49739
1
1956
40785
34130
21161
35919
29022
2744
4
2558
382
9216
494
27676
51337
55437
42862
31157
254
16384
24446
27579
16639
20339
1023
2303
35520
30084
4
19908
8224
48914
2075
59519
2048
27483
26826
54106
22680
2303
32734
41327
3475
257
34124
17380
447
1970
256
22679
32473
34264
34229
44338
1
43708
1534
13152
33730
50086
64
682
23716
21916
16103
1024
24074
1490
255
64968
21997
38876
16
5904
510
40930
28659
5840
62432
8447
16944
251
256
39929
10779
2556
42488
2048
10751