57
21
30231
32778
49
29331
254
4
51423
35362
5614
0
5655
2303
16156
32828
239
63114
59428
1088
17703
255
494
64
33
57398
32
127
23150
51770
10308
45118
7487
17538
45125
3909
10240
49300
16400
255
9300
255
0
4971
6320
56408
38492
0
6495
8543
41407
29516
10599
4335
61424
255
38512
1014
37862
10870
54390
39544
1
0
8702
16514
1534
20242
64
0
21132
27528
251
8
16384
33
151
24499
39257
65404
506
53051
255
34982
27982
12713
54187
6747
53392
59578
254
16384
958
30522
174
30142
247
16578
52104
35724
50952
4098
13004
5016
41024
29266
35539
239
35974
29544
50617
22489
45280
32
255
2550
32998
53737
1262
16400
42606
52208
63730
38132
60153
8974
254
5
19200
512
1534
3332
48904
57363
22295
22572
4
5394
127
55060
6144
25246
60379
12373
30751
16894
47908
2048
2304
48
43224
2046
128
58672
17408
310
255
255
18099
59771
7998
7620
16386
28229
48528
47252
49739
1
3404
11427
34130
42068
35919
29022
14612
4
2558
382
9216
494
47312
62
12099
42862
62061
254
16384
24446
54903
16639
20339
1023
2303
54401
30084
4
38792
8224
48914
2075
59519
2048
48677
53397
63270
22680
2303
32734
57919
17252
257
34124
34744
447
20360
256
36975
64946
690
34229
10510
1
43708
1534
26176
33730
62344
64
20878
47241
43394
31950
1024
48115
1490
255
31156
43994
38876
16
23552
510
40930
57318
5840
62432
8447
16944
251
256
62963
21014
5112
18930
2048
21502