16
12
269
0
0
256
0
256
0
1
4
64
8
32
0
0
32
0
16
2048
0
0
16
4
0
128
8192
0
1
64
128
0
0
16384
0
0
1
0
0
2
2048
8
0
4
64
0
0
0
0
0
0
0
512
32
16384
0
0
2048
16
0
8192
0
0
16384
128
0
0
8
64
0
1
512
2
512
0
2048
8
0
128
16384
0
16
4
0
0
0
4
0
128
32
0
16
0
0
8192
128
0
1024
0
2
16
256
0
0
0
0
0
2048
0
512
0
4096
4096
0
0
0
1024
2048
64
512
1
0
2
0
128
256
0
0
0
2
0
2048
2
512
1024
0
8
16384
0
1
4
4
0
256
0
0
16384
16
4096
0
0
64
0
0
0
0
0
1024
8192
16
0
0
0
1024
2048
0
0
0
0
0
0
1
0
1
16
8
2
32
16384
32
4
0
0
0
0
0
0
0
2048
2
16384
8192
2048
0
0
128
0
1024
0
64
8192
1
2
512
0
0
0
0
0
32
4096
2
2048
0
8192
0
1
0
4
0
2
0
0
512
0
0
1
0
0
4096
0
8
512
4096
32
16384
0
0
1024
0
2
0
0
2048
0
2048
0
0
4
16
0
0
0
0
0
0