1040
4108
21
0
32
256
8192
264
0
1
4
64
8
33
0
0
96
8
16400
10240
0
0
16
4
0
640
8192
8192
1
64
2176
4
0
16384
64
4096
1025
4096
0
2
2048
8
128
4
0
0
2048
0
0
0
0
256
2560
32
16384
0
4
2048
16
0
9216
8
0
16384
128
0
8192
8
2112
2
4097
512
2
512
1
2048
9
512
128
16896
64
80
4
0
16384
0
4
16384
128
32
0
16
2048
16384
12288
16512
512
17408
0
10
16
4352
128
0
8
8
0
2560
512
1536
1024
0
4096
2
0
4096
1024
2048
64
528
4097
128
6
4
16512
0
64
0
2048
130
8
2048
16386
520
17408
8
10
24576
16384
4097
68
4
0
264
0
1
16384
48
4096
0
128
64
0
512
0
0
1
1056
8192
528
128
0
0
17408
2056
0
2
64
0
0
8
4097
0
16385
48
8
2
1056
18432
32
36
0
256
512
32
0
32
0
2048
16386
16384
8194
2048
512
0
128
0
17408
0
64
8320
1025
3
512
0
2048
32
0
64
16416
4100
514
2052
0
8192
0
8193
1
1028
0
2
1
1
512
0
0
1
4
64
12288
4
8
512
4096
32
16384
512
0
1024
1
2
0
0
2048
0
2048
2
4
4
144
0
2
4
0
0
2048