19257
21
7287
19456
49
54835
0
262
1023
30178
65122
49997
206
33626
24858
41502
28560
783
16
2206
20440
2547
51226
40013
48
25559
47849
10826
37859
167
131
255
20198
16384
49347
52701
59075
48791
3
642
2546
8
38743
16431
64611
42354
335
27
3368
34559
12931
41674
62412
21796
16384
62793
37474
2099
62169
32318
8367
490
40
16767
13260
0
960
64263
20364
432
61
8013
508
63097
99
63277
32066
63493
55231
16654
56576
53582
4
45995
255
65407
25912
46311
24728
63109
0
16
50850
63331
6178
65313
52176
41643
28000
12290
15602
7525
63
7372
54935
396
774
2558
14159
25451
28331
52631
4099
207
510
32778
1149
2096
35401
539
14711
766
38646
14651
56580
358
4975
4221
0
254
55166
2558
17284
49022
17478
18026
60263
64838
5
52060
290
98
22526
206
243
18831
47652
25206
60414
0
53238
2904
384
23144
255
20001
26393
2023
8192
39236
768
57439
718
9891
2557
243
19635
20908
198
0
413
4
414
36692
62946
18408
496
8660
47541
45427
52
485
51554
57353
45424
49863
37708
9523
57588
8621
16408
16325
18624
64831
17854
19844
64572
51614
51136
42263
27462
56167
285
15222
40067
192
9870
59703
39
44373
4543
9246
2534
5330
9423
504
97
510
21470
6337
14514
2781
31251
782
10
384
54557
3
9706
22773
414
710
408
17433
4985
43249
56736
41854
1279
51206
16865
510
17653
16383
498
62889
46906
57449
32506
23241
27384
6
768
504
510
5375