0
65504
21
0
0
1
4104
0
0
128
2064
4096
16384
4608
36
16
1024
4
4096
0
0
4
0
4
1
128
0
0
8192
64
10
256
0
2048
512
0
1024
66
2304
0
0
16448
64
0
16384
0
16
0
16388
24
256
0
1024
16384
512
1024
0
0
1040
0
4097
0
64
2048
4
0
8192
0
5120
0
8
0
1
8
8
0
5
0
2304
4
4
32
0
16
8200
2056
8
0
512
128
4
32
4096
2048
516
1024
5
0
16384
544
0
0
4096
18
1
0
1024
256
32
0
0
1
0
8
512
0
8
16384
5
0
4128
1152
2049
0
256
8192
4096
0
0
2
4096
16384
256
0
2048
1024
2
8
8
256
0
0
1024
512
4096
512
8
16896
0
256
4096
0
512
0
1
2176
8
16
144
0
16
1032
1032
0
0
64
8
16640
4
8448
2048
0
0
68
2
2048
0
8704
4098
0
20
0
16384
8192
0
0
4224
8
64
0
0
0
128
64
66
256
4096
0
0
32
128
1028
0
128
80
1536
0
128
0
1024
16
0
5120
4096
4160
0
1
64
1056
130
48
2048
8192
9
8192
256
256
128
256
4
8
0
0
40
512
1024
0
384
16
34
128
0
256
544
0
0
264
0
0
128
2
384
0
0
0
48