17424
6156
21
0
48
256
8192
264
8192
5
36
64
2056
545
0
4096
98
1032
16528
10240
0
4096
528
4
4096
640
8192
8256
257
2112
2176
4
8
20480
96
4224
1153
4608
8
2
2048
10
128
4
0
64
2048
128
2048
0
32
256
2562
288
16384
1
5
2048
272
0
9216
16392
0
16392
144
0
8192
2056
18496
2
4097
512
8194
544
1
2048
4105
512
128
16960
64
8272
4
8
16384
0
4
16384
0
48
0
16
2048
20480
12288
16528
512
25600
1024
266
272
4356
128
8192
8
8
0
2560
512
1536
1024
1
12288
2
0
4096
1024
2052
64
532
4097
128
2054
5
128
0
64
4
2048
194
8
2048
2
4616
17472
2056
10
24576
16384
4225
324
4100
0
265
8192
1
0
48
4096
0
132
64
2
8704
1
0
129
3104
10240
4624
128
0
0
17409
2184
4
3
64
128
8
8
4129
0
16384
48
72
18
5152
18432
32
36
0
16640
512
32
0
32
0
2048
16386
16384
8258
18432
8704
0
128
0
17408
8
68
8320
1537
2
512
8192
0
32
2
64
16416
4100
514
2052
0
8192
0
8193
1
1028
0
2
1
1
514
64
512
1
20
64
14336
4
0
512
20480
32
16512
512
0
1024
17
2
0
0
2048
64
2048
66
4
12
176
2048
2
1028
4
0
2560