0
2060
5
128
0
0
0
128
0
16384
1
0
1024
0
8
1024
32
0
2
0
64
4096
0
16
0
32
256
0
0
32
0
0
4096
0
0
0
256
64
0
4
0
2
512
4
64
128
1
2048
0
0
8
8
256
32
0
0
8
128
2048
0
8192
32
8
0
8192
0
16384
0
0
0
256
4096
16
1024
0
0
0
4
0
4096
0
0
0
0
0
0
4
8192
0
0
8192
0
128
2048
0
1
0
2048
32
16
2
8192
0
512
0
1
0
8192
64
32
0
256
0
1
0
2
1024
0
2048
0
16384
4
0
0
512
128
0
2
8
0
0
0
0
0
1024
0
512
512
256
256
8192
0
64
512
32
0
8192
512
16384
256
128
0
2
0
512
128
0
0
0
8192
0
0
2
128
2048
2
0
0
8192
0
4
8192
8192
0
4
0
1
0
0
256
128
128
0
0
0
4
8
0
0
0
0
32
1024
0
1024
16
4096
2
0
256
0
8
0
0
1024
2
2048
16
0
0
0
0
0
16
0
0
0
0
4
0
0
0
8192
0
2
0
128
0
128
0
0
0
8
16
0
2
0
0
0
8
8
256
32
0
16
128
4
0
64
0
2
0
0
0
1024
0