17424
6156
23
0
8240
256
24576
1288
8192
1029
1060
66
2056
545
16
4096
34
1032
16528
10240
0
4096
528
4
4160
656
8194
8256
257
2112
2176
260
8
20480
98
4224
3201
4672
4104
2
2048
522
16512
4
512
64
2048
16512
2048
0
40
264
2562
288
16384
1
5
2048
336
8
11264
24584
0
16392
128
0
24576
6152
18496
34
4097
512
8194
608
8193
2176
4105
4608
160
16448
64
8274
2052
8
16384
0
516
16384
0
1072
0
272
2056
20480
12288
16528
513
25608
1024
266
4368
4484
0
8192
8
1032
1
2560
512
1536
1024
8193
12288
2
512
4096
1024
2052
80
540
4097
136
2566
261
128
8
64
4
2048
194
8
3072
66
4632
17408
2058
522
24576
17408
4227
2372
20484
0
265
8200
1
4
49
4096
0
132
64
2
8704
1
32
129
3105
10240
4624
128
0
16
17425
2184
4
3
16448
128
8
8
4133
32
16400
4144
72
18
5152
16384
40
36
1
16672
512
32
32
32
0
3072
18434
16896
8274
18434
8832
0
128
0
1024
12
68
8320
1537
2
512
8192
1
32
2
2112
16416
4100
514
2052
4096
8192
0
8193
65
9220
1
2
1
5
514
64
512
1
276
68
14464
6
0
512
20480
4128
16513
516
8192
1024
17
16386
0
0
10240
64
2048
66
132
8
4272
0
514
1028
68
16384
2568