57
6156
21
0
8242
4352
24576
1288
8192
1045
1060
67
18440
33
2064
6144
34
1032
17040
10240
0
4096
16912
16388
4160
4752
8226
8258
261
2116
2176
260
4104
20480
98
4224
11393
4688
4104
2
2048
522
16512
4100
512
64
18432
16544
10240
0
56
8456
2818
1312
16384
513
5
2064
368
136
11264
24584
8192
16392
128
8192
24576
14344
18496
32
4097
16896
8194
608
8193
2180
4105
4608
160
16464
576
8530
2116
8
16386
0
16900
16392
8192
1072
4096
400
2056
20480
12288
16528
513
25624
1040
266
4496
4500
4096
12288
520
1032
257
2560
512
1536
1056
8193
12288
514
4608
4096
1024
2052
4176
604
6145
136
2694
261
129
8
64
4
2048
202
136
3072
2
4632
17408
2058
586
16384
17408
4291
2372
20486
0
4361
8712
1
36
49
4097
0
148
64
2
8704
1
32
145
3105
10240
4656
192
32
16
17425
2248
1028
1027
16464
144
10
8
37
32
16400
4144
72
18
13344
16896
40
36
3
16672
520
33
8224
34
64
1024
18434
512
8274
18434
12928
4096
128
2
1024
268
70
8320
1537
2
520
8192
1
288
2
10304
16416
4100
512
2052
4096
8192
128
8193
193
9228
129
258
8193
261
530
16448
512
4097
276
68
14464
6
0
512
20608
4128
16521
548
8192
9216
17
16386
32
16
10240
4160
2048
67
8324
8
4272
2048
518
1028
68
20480
2568