1096
21
525
0
0
0
8192
128
512
4
8
0
4106
4096
0
0
513
16544
1
1024
257
64
0
0
1
1152
544
0
1096
2049
0
6400
16385
64
8
5120
66
8
8224
8720
2
4480
16384
256
32
4096
4098
0
4
0
256
16416
134
18560
4096
530
8192
3072
0
0
3076
2080
2
0
0
4128
0
0
0
4112
24592
16388
8240
128
2064
16416
4096
6176
256
512
40
1026
0
0
4096
1
1536
24
128
33
4096
2
16
64
0
34
4224
256
320
258
20480
16
4096
2080
16648
2
2560
8192
4128
12544
48
8192
0
20480
0
33
2048
64
2304
16384
96
2113
12288
8
32
128
20482
512
0
0
64
2048
320
48
1040
1
2048
44
0
0
4368
0
8
2176
0
196
128
12288
4112
18
0
2576
5124
12288
1026
4
8193
128
1
16384
12
2112
16384
2048
512
1152
1028
544
8
0
16386
18
64
4
2048
64
1040
128
1024
0
0
16385
8
0
0
8195
8200
80
2048
768
256
256
258
320
32
16384
384
2560
0
66
4608
1024
0
20480
5
16392
0
2112
2
512
0
132
4099
18
4
272
8
2048
0
2176
2080
17408
144
546
2112
5
16640
128
0
4
2
16
144
1028
8192
3
16896
2048
2
1
128
4608
72
16896
1040
770
0
16384
16
192
0
64
265
128
0
0