17424
6156
21
2048
16
8448
8192
264
8192
16389
36
64
2056
545
1
4352
4194
1032
16536
10240
16384
4096
528
516
4096
640
8192
8256
257
2113
2184
4
8
20480
96
4224
1169
4610
8
258
2048
8202
128
2052
0
66
2048
0
2049
0
32
256
2562
288
16400
1
261
2056
2320
4
25600
16392
0
16408
144
256
8320
2056
18496
0
1
512
8706
8736
513
2048
6153
512
128
16968
64
8274
4
4104
16384
64
132
20480
512
8240
8192
1040
2048
20480
12288
16528
514
17408
1024
266
272
4352
136
8224
4104
8
512
2560
512
1538
0
2049
4096
3
0
4096
9216
2053
64
532
4105
128
2054
5
16512
4
64
260
2560
194
8
2048
16386
520
25664
2184
4106
24576
16384
4241
324
4108
0
265
8192
1
2
48
12288
0
2180
2112
514
12800
1025
1
129
3360
10248
4624
640
8192
2
17409
18568
260
8195
8256
128
8
8
4129
64
16400
32
72
530
5664
18432
0
36
2
16656
576
16416
16384
32
0
2048
16386
16392
8262
18434
8704
1
128
16
17416
8
324
8832
1025
2
512
12288
0
1056
3
64
16416
4100
522
2052
2048
8192
0
8225
1
1540
1
0
0
1
514
576
16896
1
532
72
14336
4
1024
516
21504
34
16512
768
8
1026
21
2
0
0
2052
64
6144
66
20
8
16560
2048
2
1030
4
128
2560