1040
6156
20
2048
16
9472
8192
265
8320
16391
44
64
2056
545
1
4416
4194
1288
24728
10240
16384
4096
16
4
4352
640
8192
8258
257
2145
2184
20
8
20484
96
6272
1169
4610
8
1282
2112
8202
128
2084
8
66
10240
0
2048
4096
36
0
2562
288
16400
129
261
2056
2064
4
25600
8
0
16400
208
257
8320
2056
18496
16
3
512
8770
8736
529
6144
6153
528
144
16960
64
8282
4
4096
16388
66
196
20484
513
24624
8192
1040
2304
20736
4096
16528
512
17408
1024
266
16656
12544
136
8224
4104
8
513
2048
576
1538
2048
2561
4096
8195
0
4097
9728
2053
64
532
4105
128
2054
5
17024
0
64
260
2592
194
8
2048
2
522
24640
2188
4138
24576
16388
4245
340
4108
0
1289
8192
1
6
48
12288
0
6276
2112
514
12800
1057
1
137
3361
10248
5648
704
8194
2
16385
18568
260
24579
8256
1152
40
8200
5153
64
16402
32
88
530
5664
18432
1
36
6
16784
578
16416
18432
33
0
18432
18434
16392
8262
18434
8704
65
128
16
17416
8
324
8832
1025
2
512
12320
0
1312
515
0
16544
4164
778
2052
2048
9216
32
12321
1
1540
1
0
0
1025
16898
576
20992
9
532
88
10240
4
1024
516
21504
34
16512
768
0
1034
21
2
0
8
6148
64
6400
578
20
8
17584
2048
2
17414
1028
16512
2560