57
6172
4
2048
80
9472
8192
4361
8320
20487
8236
72
18440
609
1
4416
4194
1280
16536
10240
16388
4096
16
6
4352
8832
8193
8258
257
18529
2185
276
0
20485
8288
6272
1169
4610
8
1026
2128
8266
128
2596
12
74
10244
16
2048
4128
36
0
2562
288
16656
129
261
2568
2064
132
25856
1032
0
16400
192
257
8320
2056
18496
0
67
4608
8770
8736
529
6208
6281
528
144
16960
64
8282
8196
4352
16388
66
452
4100
513
24592
8192
1041
2304
20736
20480
16528
512
21504
1024
282
16656
12544
138
10272
4104
0
513
2048
2624
1538
2048
18945
4096
8195
4096
4097
9728
2053
64
528
4097
128
2054
8197
17024
16384
320
260
2592
706
1032
18432
2
522
24640
140
4138
24576
16516
4309
340
4104
2
9481
8200
4097
6
2096
12288
8
6276
64
514
12816
17441
3
137
3361
10248
5776
576
8194
18
16385
18560
260
24579
8272
1152
40
8200
4129
320
16402
544
120
530
7712
18436
8193
36
6
16784
578
16416
22528
1
8192
18432
2050
16392
10310
26626
8712
1089
128
16
21512
136
324
9856
1025
2
512
12384
4096
1312
515
0
16416
4164
778
2564
2050
9216
32
28705
1
1540
1
2048
1
1025
514
576
21024
2057
8724
16472
8192
4
1032
516
21508
34
18560
784
1
9226
5
2
2048
8
6148
192
6404
579
16404
8
17840
2048
8194
17414
1028
16512
2560