57
6916
21
2106
49
9472
8606
4574
8320
20484
8620
243
18536
633
1
4416
4166
1400
16664
10240
17035
4096
76
390
4352
8312
8217
8372
257
19297
2172
370
192
20509
9120
6272
1169
4669
14
1141
2512
8274
880
2788
882
138
10248
400
2300
4908
40
783
2426
288
16924
221
261
2760
2064
180
25868
1038
0
17183
198
257
8323
2059
18895
5
131
4648
8764
8708
530
6235
6278
624
180
16943
47
8278
8386
4656
16388
66
43
4104
513
25360
8591
1033
2420
20736
20576
16528
512
21839
1024
154
16656
12592
309
11092
4112
15
519
2048
2636
1580
2936
19041
4096
8222
4288
4097
9776
2057
64
272
4466
128
2558
8195
17024
16492
288
315
2592
729
1351
18444
2
521
24640
908
4194
24576
16644
4206
452
4200
4
9721
8208
4127
6
2108
12288
327
6276
41
514
12822
18209
387
1009
3361
10248
5940
624
8194
813
16529
18563
756
24579
8656
1278
83
8982
4135
576
16402
736
891
530
7456
18556
8562
980
6
16784
314
16416
22726
115
8207
18480
2146
16392
10278
27132
8763
1361
140
812
21704
142
324
10042
1025
2
512
12448
4492
1312
532
0
16392
4924
778
2664
2050
9360
32
29457
1
1540
253
2927
2
2033
526
700
21392
2174
8794
17240
8288
508
1040
516
22276
34
19328
790
193
9610
120
2
2060
8
6148
202
6660
544
16408
406
17898
2048
8506
17414
1028
16512
3004