57
21
21
2106
49
30474
8284
4574
35208
20709
9654
243
1986
633
17692
4416
27222
1400
16664
10737
17019
4486
76
390
4110
8702
8425
28367
6173
19297
31898
386
3
20959
22917
57030
1106
4669
1844
12188
21752
8592
880
27925
898
138
41916
400
2300
63535
40
751
2426
21589
16924
16148
261
2639
2529
18285
26093
1038
14910
31838
198
28103
16846
25489
36627
20298
17097
5038
8764
8708
995
32241
6519
894
19840
17102
18815
23288
22389
4817
32215
66
43
4104
513
53609
26345
9555
3536
59066
20576
16528
512
21839
1024
363
16851
12607
11419
11159
27512
9576
519
2288
2703
2013
2936
39765
4096
8447
4288
4097
29092
2250
64
28233
45420
18410
2558
8461
17024
16492
423
474
2607
18522
16647
18941
1926
32142
25030
11283
4194
16795
16884
4206
323
4199
20083
9721
38816
29328
6
2354
39464
328
57158
16318
514
62727
18087
31262
925
3361
25645
22483
759
24451
26052
16529
18787
756
24579
38021
31583
83
8982
4566
576
16848
736
952
738
7632
18556
8595
4488
6
16966
31217
19320
22726
115
8207
18480
41948
16632
17637
41530
27132
33824
11327
812
34302
111
29707
10042
3018
227
782
12625
4492
1312
17642
15056
18587
4924
25053
2664
2547
9584
32
29457
34995
1765
122
2718
29151
1536
14829
24179
21150
2387
14392
17240
18011
27618
1040
35990
22283
21260
19010
536
34524
29048
11606
2
2060
45772
33783
202
10239
544
16543
26700
12895
2318
8440
17414
1155
16646
3004