57
65504
33504
63
49
16614
50426
40032
24
35817
1338
36917
42719
33460
157
96
547
109
32
55594
494
224
46330
225
55080
8703
8606
2048
222
4184
350
12
243
16384
56261
463
609
384
49844
2
16094
8
47292
4
68
22853
47634
51908
414
0
17556
12
46924
90
16883
2
41272
3327
2064
23818
8958
64450
4096
63143
438
249
0
312
17216
51507
35891
892
53124
55893
218
41971
16752
2814
2179
47382
57264
209
64178
63
477
249
4858
742
152
49446
40357
35829
38515
32
8192
40739
56
3826
768
45983
34572
151
51229
448
8216
57327
193
2541
243
764
57810
4670
4100
9209
62324
35213
1124
6600
39102
743
243
1011
514
0
47595
256
62339
16633
60209
61825
64826
2048
2
36846
1072
243
60664
16633
8192
21970
8511
498
509
463
4345
63343
153
8
4920
254
126
64
2
0
4147
32
2558
26102
8204
47
47662
50017
4096
1469
10243
128
59990
6
98
16
1
43051
52436
60
63201
119
44589
32
12
221
44369
96
42760
8192
318
1024
96
44568
47524
40213
16386
8320
2200
4351
49982
128
776
41945
504
41297
8288
43055
47315
54317
125
53835
52914
35645
45616
477
47677
54631
2080
462
43586
60961
240
47943
388
14960
456
4096
60681
13120
8195
57924
53000
49181
7
43273
3
49697
37670
2494
185
9845
1024
256
39262
383
51164
494
4
45574
70
31493
1023
33545
2
38211
12
36453
894
4473
60538
35487