0
140
11
72
258
2048
0
32
2048
16642
512
0
512
512
18432
5184
16392
1296
8
2082
0
16384
4096
1176
24577
0
2
4096
2080
32
1025
0
320
1538
2
20480
528
536
100
2177
1028
528
8704
16
256
6148
4
0
8256
8
40
1056
288
4352
6152
129
17416
544
16896
160
512
4100
16448
4128
1
16384
6146
0
64
18562
1024
4120
12
1216
0
41
0
1090
4096
128
512
9216
4484
32
8
2112
1088
12306
0
4098
4128
0
64
2
0
0
6912
1
16401
336
2068
289
0
1024
8208
1025
8194
4
32
16520
0
2178
16960
768
517
640
8192
2560
16386
4131
656
4096
32
65
128
4097
72
8
1088
42
1025
0
4096
520
1541
128
1
0
8
65
144
1048
3
1
4
0
65
16
264
0
18
144
6304
12544
8192
784
12800
4
2048
128
12
4108
16456
132
6144
2
4112
2080
18434
2
80
4100
8
2
1024
642
0
3072
256
33
18497
4160
17440
4097
0
2080
8
8216
2052
256
4232
2560
2049
16
4096
0
33
0
8192
2304
25089
8
0
4160
3088
448
256
1024
1024
8192
2
8710
0
2049
8192
1032
1548
260
32
8288
512
256
2560
8
8193
4
512
4
520
4112
16385
6144
4128
256
24832
16448
514
16417
0
4736
8258
98
0
4
2
32
257
8258
2
128
136
12
132
0
1120
2176