2048
2076
7
128
0
0
0
128
0
16384
3
64
17408
16
8
1280
8224
0
130
32
4160
4160
0
2064
0
4128
256
8
4
40
2
0
4098
512
1024
0
256
8256
16
5
0
2
8704
2052
192
384
65
2176
512
512
8
8200
0
544
0
0
16392
2176
2048
0
8704
32
8
0
0
8192
16384
0
0
2
16640
4096
16
1024
0
0
0
4
2
4096
0
256
0
0
0
8192
4
12288
4096
0
8200
0
0
2112
2
129
0
2112
2080
16
16386
8193
4
512
16
33
0
8200
1088
33
2
256
1024
1
0
2
1032
4096
2050
32
20480
4100
128
0
2560
128
128
2050
8
0
0
0
2
0
1088
16384
8704
4608
2304
272
8208
64
65
512
160
1
8192
2560
16384
257
128
512
2
0
516
128
0
4
16
8196
0
0
258
128
2050
1026
0
2048
8256
32
0
8192
8192
0
12
4
257
8192
512
768
128
128
0
1024
0
4
8
0
16384
16384
1024
32
1040
2048
1024
16
6144
2
2048
256
0
4104
2048
0
1024
2
6144
1040
512
0
0
16
0
16
16
2
8192
0
260
8192
0
128
8256
512
3
8
128
0
128
0
128
128
72
16400
8
2
0
64
0
8
8200
256
32
512
16
128
16388
0
64
0
1026
16384
0
2
3072
0