96
42
21
384
0
2072
194
1084
2451
130
524
6
8272
512
19840
5142
20483
1222
17152
2081
4
19248
4096
1424
24800
16480
107
4272
2560
166
49
44
320
1538
774
20480
528
920
96
2625
2172
628
8984
48
256
6148
100
8192
64
792
2120
1036
448
4352
2819
8233
17412
544
729
134
484
5120
16448
21904
8209
18712
2450
0
198
16513
1032
4104
8192
1012
3
59
16480
1025
771
278
192
1408
4231
32
4
8307
76
12310
2
2
4096
96
67
8576
352
44
4544
7
16403
336
16
33
6
2
17171
1825
8528
264
100
25016
0
251
16448
769
5
560
8832
2736
16398
4130
400
12675
3
385
6
193
75
184
3084
2278
2145
384
4284
3982
1728
131
769
2108
8
64
80
1040
400
1
192
16588
65
3
144
0
8586
150
20636
13016
8384
774
12288
4
3120
515
4
4106
16384
920
6176
2912
16
2112
16482
8254
857
4096
264
2146
0
770
50
2412
64
8231
19525
4128
16419
4097
12
2052
360
158
10290
280
136
512
8967
16
4152
0
56
8579
6
2304
903
2155
536
4181
3488
384
22
1024
1024
9216
26
518
1029
2187
3
136
524
263
32
8224
48
256
2576
523
8961
4124
9088
4
520
112
16737
2048
4099
256
16659
76
16664
16385
48
4870
8193
794
8728
0
121
48
464
8226
4154
16396
200
15
132
608
1088
2188