48
42
22
12
768
2096
4
1064
2448
306
536
0
8240
512
19840
5142
20867
1030
17152
2082
772
19200
4096
1424
24608
16480
11
4284
2560
102
49
47
320
1537
774
20576
528
532
108
2625
2212
628
8192
51
256
6148
772
8216
67
24
2120
1048
256
4352
2051
8242
17608
544
537
128
98
5600
16512
22176
8593
18968
2066
192
166
16514
1032
4872
8202
196
0
59
16480
1410
3
154
0
1408
4232
32
11
8304
832
12400
4
770
4096
96
88
8624
352
812
4544
1
16416
336
796
34
48
2
17264
1831
8528
260
4
24968
0
91
16460
889
5
512
8832
2736
16434
4142
656
12768
24
333
24
385
75
184
3082
2086
2209
192
4400
3912
1728
128
1
2828
8
88
80
1040
403
97
0
17164
65
384
275
0
8594
160
20780
12920
8192
768
12384
28
3132
515
196
4108
16384
128
6368
2816
16
2104
16385
8242
89
4096
260
2146
0
642
50
2400
32
8615
19526
4928
16416
4289
0
2052
260
168
10290
256
904
560
8199
16
4128
0
32
8588
24
2304
519
2152
552
4185
3484
320
118
1024
1024
9312
194
518
1030
2183
0
136
524
132
416
8208
0
256
2774
523
8205
4112
9094
4
523
19
16737
2060
4096
512
16648
64
16512
16385
768
4678
8385
26
8472
0
25
192
456
8258
4154
16396
8
12
135
896
1088
2176