57
213
22
12
766
2255
251
1064
2448
461
743
510
8399
1022
19839
5608
20867
1030
17407
2082
772
19200
4606
1424
24799
16798
11
4418
2560
153
463
47
447
1790
774
20894
528
532
402
2625
2394
651
8192
51
254
6395
772
8216
67
231
2231
1048
256
4350
2051
8242
17718
544
742
128
412
5600
16512
22176
8593
19430
2540
192
166
16514
1271
4872
8437
196
255
453
16798
1405
509
154
510
1408
4232
32
11
8304
832
12400
251
1021
4096
96
88
8624
158
812
4158
1
16416
174
995
221
48
2
17038
1831
8366
260
4
24951
510
164
16563
889
5
512
8831
2894
16844
4142
878
12318
24
179
24
385
75
326
3082
2520
2399
63
4400
4023
1854
382
511
2828
8
88
175
1263
364
415
0
17395
190
384
237
0
8300
160
20947
13190
8447
768
12384
28
3132
764
196
4108
16384
128
6368
2816
16
2104
16638
8397
423
4096
260
2146
0
637
460
2400
223
8536
19526
4798
16862
4289
255
2052
260
168
10290
256
904
560
8199
16
4128
0
32
8588
24
2304
760
2454
727
4185
3427
320
392
1024
1534
9312
61
518
1528
2183
0
136
755
132
416
8208
0
254
2774
756
8205
4590
8824
506
523
493
16798
2060
4606
512
16648
191
16512
16895
766
4678
8511
26
8472
0
230
192
311
8381
4293
16396
247
12
120
638
1215
2430