62777
65504
63764
12
49
2510
64500
1064
44936
53188
998
255
3108
767
19839
5608
17779
1528
59629
2082
772
19200
35284
1424
24608
16480
12225
4284
1196
46921
463
12179
447
62176
55510
63549
528
747
51270
3007
2394
628
8192
57249
511
6650
772
8216
445
231
2120
1048
256
4352
2557
8242
17718
33454
537
61507
46116
5600
16512
5152
8558
19430
44752
192
344
7736
1032
49345
8692
314
255
59
16480
1410
61877
154
255
1150
4232
51595
11
47643
58858
12431
506
1021
422
96
167
47443
415
64973
4158
64670
16416
56557
995
476
62056
253
62984
1831
8528
507
506
6318
0
421
7132
889
5
1022
8832
37179
16844
345
623
51366
43678
333
486
385
437
35656
3082
1189
2142
44344
4400
9767
1599
33650
1
2828
39532
422
175
1040
364
45266
255
1659
65
60652
275
46187
8594
350
20780
56301
8192
44133
47875
28130
15104
764
49563
3153
61278
382
46908
2816
16
2104
16385
8397
33106
41813
250
2205
0
28196
26988
2206
50732
8536
19641
4928
2344
54992
39752
2554
59210
87
10290
254
630
974
8697
33133
4319
42043
478
2221
486
2304
1017
2152
552
4185
43670
320
34491
1279
1024
5775
50928
518
12938
57010
0
48799
755
132
42438
8208
51747
511
2774
29261
63506
56623
9094
36728
523
63240
16737
2291
3352
47638
16648
64
16512
59410
768
5048
8511
9218
8472
0
39167
65227
54
8258
3650
4857
247
12
21651
896
1470
41345