0
21
0
0
0
0
8
0
16
1
0
0
4096
0
1
1
8
8
0
0
2
128
0
2048
256
4
32
1
8192
1024
16
4
0
1024
0
0
0
2048
16
0
0
0
4096
16
64
0
16384
8
1024
2048
4
32
4096
1024
0
32
4
0
32
1
2048
16
0
0
0
512
0
1
1024
0
0
1
0
0
2048
0
0
4096
64
8192
0
0
2048
256
0
0
0
0
0
1
2
2048
4
0
0
0
0
0
0
8
0
16384
0
512
0
0
8
8
512
0
2
0
1
0
0
0
0
64
1
8
0
2048
8192
4096
2048
0
0
4
1
0
2048
0
2
0
1024
32
2048
1024
0
0
2
0
16
0
8
16
0
0
0
0
0
512
1024
2
0
32
0
16
256
1
32
1024
64
1
256
0
0
1024
0
0
0
0
0
32
0
0
8
0
4
0
2
4
128
512
8192
0
256
128
0
128
4
8
0
0
0
0
0
0
256
0
0
64
0
2048
0
0
0
4096
0
16
0
0
1024
8
2048
16384
2
0
0
0
0
8
32
16384
4096
0
16384
1
1024
1024
0
64
8192
0
2
0
16
2048
1024
16
64
0
1
0
256
32
0
0
0
0
16
8
0
0
32
32