455
208
233
2810
53
425
1663
442
1215
16857
494
16458
12289
2303
4671
2077
524
2068
758
1219
318
413
9568
17824
223
0
168
12312
47
97
863
4352
125
259
2943
1023
8446
8710
17768
16728
299
1277
2046
4164
9469
12416
4364
1399
383
12338
4161
507
80
4096
65
4104
255
4
5896
5
4
0
2550
253
8896
2102
1279
106
768
79
4099
38
100
989
16639
787
254
912
66
255
96
838
536
241
1277
4304
144
365
254
551
1410
831
1740
4160
579
16695
8595
160
8318
156
16575
2277
16894
6279
16448
736
8959
456
1779
16519
180
17051
17414
32
6292
16424
8697
286
2
24632
123
678
18
1342
231
232
4298
178
256
4583
510
0
254
560
16
494
2046
1030
16498
6744
4348
0
16472
4
16567
3
4870
2303
1105
8669
1200
1018
638
5576
1223
2308
127
766
576
16575
16576
6646
497
248
496
1088
8575
383
2532
4480
3078
0
1822
1062
574
25327
657
247
9414
478
385
194
16448
4732
224
2495
16798
5031
0
1438
223
1916
12504
738
12671
508
8669
8324
254
2560
17139
511
4333
8560
16489
17154
2278
8648
758
386
784
6621
748
1816
239
2303
12414
236
222
252
183
64
8452
383
17150
286
16626
1185
126
1045
8437
24
1183
2049
1229
323
43
9720
124
4332
502
32
12349
195
128
264
24652
428
16763
16798
16416
16544
1407
191
6144
396