455
8400
21
2810
49
393
1791
16826
1215
16857
494
16459
12289
2299
4159
2077
16908
2324
754
1219
318
413
9568
26016
159
0
168
12312
45
97
863
20736
109
3
2943
767
8414
8718
1384
20824
291
1277
1918
4164
9469
12418
4364
1399
8575
12338
4161
507
80
4160
65
4168
254
4
5896
4101
4
0
2550
189
704
2100
1279
106
769
78
4099
2086
100
981
16639
787
254
912
82
8447
112
846
536
241
1277
4308
148
8557
254
8743
1410
17215
1740
4672
579
16695
24979
160
8446
188
16575
2789
16894
6279
16384
17120
8927
16840
1778
16527
148
17307
17542
32
6293
16424
8701
286
2
24616
123
678
18
9534
231
233
4170
178
257
4583
446
0
254
4656
16
494
2046
1286
16496
6776
4340
0
16472
4
16567
131
4870
2303
1105
8701
1208
1018
638
5576
1223
2310
127
702
1600
16575
16576
6582
2545
16632
1008
1089
8575
383
6628
4484
3079
1024
1822
1062
574
25327
1681
255
9414
478
385
194
16448
4716
224
2495
16796
4903
0
1438
223
1908
12488
738
12667
504
8669
8324
254
2624
17139
511
4329
8560
16505
770
2278
8649
17142
386
4880
6621
1004
1944
2287
2559
12414
1260
222
252
183
16448
8196
383
16638
286
17138
1185
126
3093
8421
24
1183
10241
1229
323
43
9720
124
4204
502
32
12349
195
128
264
24652
428
17787
16830
24608
16800
1407
190
6152
396