460
8400
23
506
49
393
3743
16602
1215
16857
108
16459
12825
2299
4148
2077
16908
2324
754
1219
310
283
9568
25792
511
2144
168
12564
45
99
863
20736
4213
17155
2687
767
8214
8718
1384
20824
800
1270
1918
4229
9469
12434
4364
1399
8575
12346
4161
499
80
12400
81
6184
4158
29
5896
4101
540
2060
2550
189
704
2100
9465
234
769
78
4099
2822
612
981
20711
831
766
912
82
8956
20
846
536
241
1277
4308
148
8445
254
545
1946
17215
1740
4420
539
20788
24979
4280
382
188
17339
2789
18846
6727
16448
17059
8391
16840
1706
16527
148
17307
18054
32
6549
24600
8701
30
4122
24616
123
678
274
13606
241
233
4198
178
2317
4327
318
0
254
4667
16
494
2046
1286
16496
6766
4340
0
16490
4
16567
131
4878
2271
1107
8694
1208
1658
638
1488
1223
2310
127
702
960
16575
16576
22970
2545
16632
832
1089
10879
367
6444
4484
3089
1024
1822
1062
654
25327
1690
255
10214
478
385
8434
16492
4716
96
2495
16796
4903
25
1438
223
2036
12488
8914
12667
8702
8669
8324
246
2624
17139
495
4329
8560
16505
770
2278
8649
17268
386
4880
6493
748
1944
18575
2559
12414
1256
158
252
183
16456
8221
1401
16638
286
16947
1185
2942
3093
8421
24
1183
10241
1229
323
234
9720
124
12780
502
32
12349
195
128
264
24717
4460
18363
16767
24994
16800
1407
174
6174
396