52736
21
0
0
0
26721
32436
16578
42424
37249
31392
16821
57096
9890
62244
2531
16944
30015
32834
1087
35896
285
38586
25918
511
15313
200
9317
45
48556
674
21315
4233
17404
2432
41016
43089
25606
1256
26504
51072
39705
1918
19966
9470
27086
37448
57561
8576
39509
21886
451
144
6683
56648
6184
59392
483
35493
14045
9068
2252
61242
125
61888
2092
19604
31907
769
16512
47566
2808
858
49731
20711
703
766
35358
44232
62914
20
16612
58692
2345
45054
62621
404
38402
256
48159
1946
40859
11768
2281
62186
20788
33075
64743
22790
188
36580
2693
56052
24753
13760
53180
9016
11800
1450
16765
58264
28213
52432
56352
6565
24600
13284
21430
4138
24648
61421
11541
273
13606
24025
10366
4504
15353
21107
4377
4146
3965
254
49586
44800
53269
1536
21153
16268
6897
4340
509
16490
61606
22000
34360
5351
2287
24836
54911
956
18762
33352
1488
1271
8626
409
62131
192
49735
9056
22596
23895
16742
45916
1214
53091
3768
20816
33137
10127
45054
27144
44535
3450
25231
1690
257
40248
478
382
8193
58549
19089
80
11177
49824
16240
21787
1437
223
35089
12602
56277
12669
37776
4576
32471
246
13461
22091
17
9434
36517
16391
794
41526
16117
52816
28172
5103
3682
50032
20975
19343
2049
3320
50431
46586
1020
37612
16456
8675
64182
16481
10464
18854
57624
2945
64457
42544
20444
19543
51295
60299
189
234
17304
76
47453
506
223
12739
5988
127
62900
17962
19064
18395
64650
35026
16806
12224
10457
6880
2576