0
16396
143
0
0
128
32
128
16384
516
768
2048
16388
256
0
1024
4100
0
1
32
0
8192
64
0
32
32
128
6
24576
16
2
8
0
1040
1028
16384
1024
0
8224
4
128
8192
0
512
256
4096
16384
16384
16
0
0
0
0
2
0
32
8192
0
2
0
128
4
96
4096
0
0
1025
516
32
0
4
0
0
4096
16384
2
16384
1
2056
10
2048
0
2
32
0
8192
528
16384
64
16384
0
1
2
16448
0
0
512
65
256
0
0
64
64
16896
0
1024
640
4
0
4160
16512
0
64
8
132
16384
16
0
0
8
0
1
8192
8192
256
32
0
8192
32
33
34
8208
2
128
1032
0
1025
16
2
0
8
16400
32
0
0
2
0
4096
3
16
512
512
2176
5120
16384
16
16384
4
0
0
0
8256
0
128
2
8
2080
16384
0
0
16448
256
8194
2048
128
16384
0
0
1024
0
16384
256
512
8320
1
4
32
10240
0
0
0
4098
0
4608
0
2560
512
8192
0
1032
8
4
0
4096
264
0
8
32
264
0
32
16384
0
16384
16384
1024
64
64
4096
520
0
16384
0
8192
4
64
8208
0
0
0
0
0
0
4
2048
0
0
64
256
128
320
2
0
528
0
0
1
264
16384
258
1
0
2048
1088
16512
4160