128
16388
21
0
2048
384
32
128
16388
516
768
2048
16644
384
8
0
4102
0
1
32
0
0
64
0
4128
32
128
2054
8192
17
2
8
0
1040
1156
16384
1026
0
8224
4
128
8192
4
512
256
4224
16400
16384
16
32
0
16384
128
2
64
4128
8193
2
66
4096
128
516
104
4096
0
0
1025
1540
33
0
4
0
0
0
16384
2
16384
1
2058
8202
2112
1
0
32
256
8192
528
20480
8256
16384
8
1
6
16448
0
512
2560
8257
0
256
1024
64
64
18944
0
1536
640
0
0
4160
16528
0
320
8
132
16384
16
0
16384
0
0
1025
8320
8192
256
34
1024
8196
96
33
34
8208
2
136
5128
16384
1025
16
130
16
24
16400
32
16384
128
2050
2
4104
1027
16
1536
512
2177
5376
17408
16
16400
1028
0
16
2048
8384
0
128
2
8
2080
16384
1024
0
16448
256
8194
2048
128
16384
256
32
1024
0
16384
768
2560
8320
1
4
32
10752
4096
1024
2048
4099
64
4608
0
2576
512
8192
0
1032
1032
6
0
4096
264
8192
1032
48
16648
4096
40
16384
128
16416
16400
1032
64
96
4104
8712
0
16896
1
8193
4
1088
8208
4
0
0
8
1
0
36
2112
0
0
64
0
128
320
66
0
656
2048
0
1
1288
16384
258
1
256
2560
1120
16512
4160