57
16388
277
64
2048
128
40
0
18436
532
776
2048
16644
384
4104
1
4110
0
1
32
0
32
65
0
4192
0
16512
6150
8448
17
6
264
0
1040
1156
16448
1034
0
8224
4
128
8256
4
544
768
4224
16432
16384
16
32
4
16896
132
2
64
4640
8193
8194
66
4098
136
516
108
4608
0
1024
1025
1540
97
0
516
0
0
2
16400
2
16896
65
2058
8203
2112
1
1
0
256
8192
528
20480
8256
16384
10
1
6
20544
4
512
2564
8193
128
256
1024
16448
68
18945
0
1536
672
4096
1024
20544
16560
2
320
8
2180
16416
1040
0
16384
8192
16384
1025
8320
8193
384
34
1024
8196
224
49
546
8464
18
1160
5132
16400
1025
16
130
16
536
16432
96
17408
128
2306
6
4104
1027
16
1540
512
2177
5376
17408
16
16400
1284
2
16400
18432
8384
0
128
2
8
2208
16385
1028
0
16448
16640
8226
2048
640
16385
256
4128
1025
64
16384
17152
2560
8320
1
68
32
10752
4096
1024
2048
4611
1088
4736
0
2704
640
8192
1024
1032
1544
6
4
4096
392
0
1032
304
16392
4104
40
0
128
16416
16464
1032
96
97
4232
8712
0
17024
1
9217
8196
1104
8208
4
0
16384
8
129
16
16420
2116
1
0
64
0
128
4416
2
0
656
2080
16384
1
1288
16384
274
1
4352
2560
1120
17024
4168