0
65504
21
0
0
128
470
510
18436
50010
758
2048
16891
383
4598
1
55008
0
511
223
0
49824
190
0
4510
510
16512
44706
39936
25561
25360
11722
255
47120
22920
16830
1034
13750
8224
4
55256
8638
6702
544
768
4224
16432
16384
20480
58912
58568
942
35536
2
33354
5086
8193
8194
444
4604
36836
516
108
4863
0
62655
1278
58990
10436
0
516
2489
0
16604
16400
253
17406
65
2293
8436
47280
254
511
61101
256
8192
528
20735
17320
2894
49096
51289
504
22534
4
512
2564
8193
128
511
1848
54774
26498
51313
0
1536
672
59029
1024
2131
16718
63389
320
247
2180
14125
30528
0
16384
8447
19728
1025
32000
8446
384
34
1534
8698
61056
206
836
8464
54600
62120
5363
16400
62840
16
18530
494
3528
42102
39986
64512
32768
2557
57346
4343
1533
494
19218
512
2174
25038
36864
35991
6920
1274
50214
13010
18432
8510
510
382
2
23848
2208
4263
12304
510
16448
45397
58192
2048
639
33185
45056
4574
1025
191
16384
17150
59392
48000
17736
68
50950
44544
44000
1024
26756
4611
1088
4736
44094
24437
640
5435
1534
1526
1783
29878
57358
15466
51296
0
1526
304
16392
4598
30092
0
382
60043
49482
50586
414
4153
4232
34008
0
17023
511
11074
14208
48591
11808
4
0
16894
8
383
52144
56659
2116
511
52776
64320
0
63360
4416
253
255
656
2271
16639
1
1288
16384
32898
5644
4350
2560
1438
17023
4168