57
21
21
14065
51245
47
1160
25416
0
28
35
0
22760
40117
16641
47
48224
48231
60140
55156
0
53287
61078
15239
254
10446
62232
44273
16552
42134
497
58367
0
48863
270
497
47308
480
0
497
28
49638
49554
0
15212
57558
51666
14
270
0
752
34253
0
33688
0
61019
41728
33692
50610
33100
34123
16399
480
434
21440
44871
0
63781
0
3873
0
0
56168
57360
42474
0
52624
188
195
56256
57424
30829
63782
58104
195
195
390
5805
0
94
34472
51560
752
53667
240
0
51712
224
28128
54367
0
50762
57226
27303
224
0
31411
0
34260
2269
224
65006
44575
0
63645
47245
0
11098
39858
195
7568
240
240
450
254
42246
0
48607
103
40730
0
0
3104
224
6976
3952
39047
240
33142
390
16894
42334
0
57554
225
2279
0
0
480
63217
224
0
50246
480
188
45392
8702
191
49730
65496
376
0
195
56832
39772
42843
137
45913
18920
47191
392
63573
31092
20152
48435
15713
61990
18877
63340
0
0
62384
56
0
0
224
28
769
39174
236
497
24329
59456
254
42868
37708
45116
55355
0
0
43670
8331
56780
15
23076
52482
34866
17440
47120
28750
0
49965
9816
12095
480
28951
59824
0
497
34821
61504
0
33058
57633
46368
270
1281
236
62912
36906
58118
0
25672
7810
20542
8379
37687
1136
38624
0
1534
1039
0
2524
2556
64387
19234
39574
390
2558
16092
51038
450
55930
0
0