39993
65504
21
0
0
61645
9190
40573
128
22087
44850
37120
772
2290
62594
23359
49635
17252
16577
46544
12388
59
3577
9697
10727
2271
63417
439
30971
8444
3160
4417
8703
38610
16994
5886
19342
13020
45350
12288
52756
12652
4378
64321
8323
1000
20
441
24370
15144
9187
62491
24607
370
502
22664
26416
58128
65120
3116
21962
13117
79
634
1406
2306
62944
17094
7227
1203
16005
20273
1487
22981
4349
4365
19599
65439
16094
2642
28038
31904
37595
31050
2407
520
16527
38994
25130
257
56036
19364
230
17378
13500
19898
59187
180
38862
12651
43718
1472
47932
506
49296
256
32552
26027
113
4099
16492
966
10340
511
53394
36476
15973
758
53512
4093
35480
476
20504
58228
39194
57045
29238
1089
18685
49666
43126
41599
64618
2243
10303
16400
4484
10668
64472
251
36696
2176
1279
26628
10108
11153
58699
26826
12351
6
16536
29361
7324
280
49444
24461
42864
448
648
8278
2951
65364
1033
31615
1102
17025
31128
62025
5888
32041
5120
9347
6
80
62905
492
51964
6547
82
63811
19040
45145
52994
37223
24312
38007
486
20758
20707
799
8415
15423
2304
8608
184
39726
62259
37315
38239
27748
36087
488
16754
1028
17918
60568
34265
17408
15907
192
16574
16676
1528
25416
63290
16767
53784
52325
38504
16536
18649
4990
56354
256
9215
61192
44932
7755
50586
7546
49725
50568
22763
9366
1560
11571
48614
7399
51949
63896
34063
62847
28129
41426
20518
48103
39630
14979
294
972
28984
24808
3071
3076
2302
7680