39993
65504
21
8
128
61645
9190
40573
0
22343
42802
37120
772
242
62594
23359
49635
17268
16579
46544
28772
59
3577
1505
11751
223
63417
439
30971
8444
1112
4417
8703
38610
16994
5886
19342
12508
45350
12288
52756
8556
4378
64321
8321
1000
4
441
24370
15144
995
62491
24607
306
502
22664
26416
58128
65088
3116
21962
4925
79
634
1342
2306
62944
17030
7231
1203
13957
20337
1487
23493
4349
4364
20111
61343
16094
2674
28046
31904
33499
30794
2403
8
143
38994
25130
259
56032
27556
230
17378
14012
19898
59187
244
55246
12651
43718
1984
47928
510
49300
256
32552
26027
49
4163
16492
838
10340
511
53394
35452
15975
759
53512
3837
35480
412
20504
57972
39194
57044
29236
1088
18684
51714
43126
41598
64634
2242
8255
16400
4486
10668
64472
251
53080
128
1279
26628
10076
11025
58443
26826
4159
6
16536
29329
7324
280
49444
24205
42872
448
640
8278
7047
65364
9
31613
1038
17025
27032
62017
7936
32169
5120
9347
6
80
62905
508
51964
6547
80
63811
18528
45145
53026
37191
24568
40055
494
20758
20579
543
8414
15551
2308
8672
184
39718
62267
37315
38175
28260
36087
488
24946
4
17918
64664
34265
17408
15875
16576
16575
16684
1528
25352
63290
16767
37400
52293
38504
152
26841
4990
54306
256
1023
61184
44940
7243
54682
3450
51773
50568
22763
9366
1560
11571
48614
7399
51949
63896
34063
62847
28129
41426
22566
48103
39630
14979
294
972
29048
24812
1023
3076
2302
6656