39993
65504
19
3
176
61645
9190
40573
12
22347
42034
37376
644
242
62593
23391
49635
17268
16579
46544
28772
59
3578
1505
11751
223
63417
443
30971
8444
1112
4481
8691
38609
16994
5886
19342
12511
45350
12288
52948
8556
4634
64327
8322
1000
7
437
24370
15150
995
62491
24991
306
502
22664
26608
58131
65091
3308
21578
4925
79
633
1342
2306
62944
17030
7231
1203
13958
20329
1487
23493
4253
4460
20111
61343
16094
2674
28046
31904
33467
30796
2307
11
143
38994
25130
451
56032
27556
230
17378
14012
20154
58419
372
55246
12651
43718
1984
47928
510
49300
256
32552
26027
817
4163
16492
710
10724
511
53394
35452
15975
759
53512
3581
35480
412
20480
57972
39194
57042
29236
1056
19452
51810
43078
41574
64634
2242
8287
16784
4534
10284
64440
247
53056
128
1273
26628
10140
11025
58507
26826
4159
6
16536
29341
7300
536
49444
24205
42872
704
652
8278
7047
65362
9
31614
1038
17025
27032
62017
7939
32169
5120
9283
6
83
62937
508
52092
6544
72
63823
18534
45141
52258
37215
24568
40055
110
20630
20579
559
8222
15551
2308
8672
184
39718
62267
37315
38175
28260
36087
744
24945
4
18174
64664
34265
17792
15875
16544
16575
16668
1784
25358
63290
16767
37406
52293
38504
152
26841
4990
54690
256
1023
61056
44940
7243
54682
3426
51761
50824
22765
9494
1752
11583
48614
7399
51949
63896
34159
62847
28129
41418
22950
48103
39630
14979
294
970
29054
24812
1023
3076
3070
6848