64
46
4125
0
128
129
257
6
64
16640
4
8
1
3072
16
2048
528
0
0
1024
0
0
1024
8256
8224
4
0
0
0
256
1024
512
0
8
1
0
24576
0
16400
512
260
0
0
64
1024
0
4096
0
8448
2
0
136
0
4096
4160
0
2048
8
4104
0
0
8
0
2
0
0
2048
9
0
256
0
8192
260
0
16384
1
2304
128
2
8256
0
0
8
8
0
0
0
0
132
8
8
0
520
128
64
256
0
0
256
1
64
2
16384
3072
4
8320
768
0
1025
16384
0
4
16384
32
0
8
0
0
2
16385
128
2049
8192
1
1
16400
384
1
520
0
8192
0
512
16
8192
16
0
4096
2176
2080
4096
0
64
2052
16400
0
12288
2176
256
8208
128
514
256
512
1024
0
4096
16
0
8
64
4096
514
0
0
8
8192
5
18
4096
2048
8192
8
1024
320
6
0
1
1088
0
2048
4096
16384
0
0
1
16384
0
0
16384
256
16896
0
0
4
4100
0
8192
4
256
16
0
2
1
8
16640
2080
64
0
4128
256
2048
0
2304
32
16384
8192
1024
256
0
64
0
288
0
1
64
16384
4096
0
65
8
0
3072
17
1032
256
512
0
4
4
0
1024
8192
0
256
10
0
64
512
8192
16384
544
256
256
2048
512