65460
41
53
0
0
163
41832
1054
17444
8462
8286
2450
41496
411
607
1581
40454
39590
1692
154
5072
1022
56760
59432
724
24576
565
1766
1360
17294
35844
4439
4376
4316
62894
9217
391
959
4617
864
4099
60742
32
196
7068
2058
45432
20768
8960
36209
6300
9189
2279
2289
21292
20135
33744
20673
719
35542
11048
18767
8639
31874
19372
35870
36424
8282
8402
2052
8350
16640
340
2316
12336
28307
7272
42367
17
7166
12608
2032
18803
4
2190
64768
39108
34378
1005
10990
4222
16599
45152
1280
17761
2169
16781
14945
58008
8839
352
1323
4486
23057
16770
5503
5139
8770
985
17183
439
298
8016
16385
1026
2139
63576
17394
1284
4802
62696
4580
8503
46768
544
272
4918
13930
57155
21499
55648
63215
8350
359
54696
12028
61616
914
202
12600
45360
1088
18432
6248
496
16771
8316
497
16384
930
21562
25011
201
4096
10354
3056
11300
424
5344
27692
20
34631
17808
59744
796
420
38110
12642
33352
671
39254
528
1391
26592
320
25840
28928
32137
24196
3122
16560
1261
4864
4352
18
18164
37120
25062
44892
25
1349
20455
5075
43526
8923
5225
1352
48056
4572
8211
120
31001
4190
47178
33664
26191
15940
2050
39772
895
2576
21494
704
41048
4497
8364
28416
263
48
10699
2059
5155
8590
360
828
6588
12214
25142
3362
47558
54400
518
57996
20946
19704
41344
39
17852
1792
25496
40448
1263
1422
2112
47080
16624
14220
4184
20808
8213
12928
40294
43425
2404
50862
336