57
41
53
384
48
163
41832
1054
18212
8718
8286
2450
41688
411
583
1581
40502
39590
1708
154
4688
1022
56760
59432
724
24576
557
1510
1360
17294
36036
4407
4376
4332
62894
9217
391
191
4617
848
4099
60742
44
164
6300
2057
45438
20780
8960
36209
6300
9189
2276
2289
21292
20071
33552
20697
527
35542
10280
18767
8639
31874
19356
35870
36424
8281
8370
2100
8350
16688
308
2304
12528
28299
7272
42367
17
7165
12611
2038
18675
196
2190
64768
39108
34378
621
10990
4174
16407
45155
1280
17761
2169
16877
14957
58008
8839
364
1323
4534
23057
16794
5503
5523
8818
985
17183
695
294
8016
16385
1026
2115
63576
17394
1332
4610
62600
4580
8503
46800
544
275
4870
13938
57157
21496
55648
63212
8350
343
54692
12004
61616
914
202
12596
45232
1152
18432
6248
752
16819
8316
497
16576
962
21562
25011
201
4288
10354
3056
11300
424
5344
28460
212
34625
17808
59744
28
676
38110
12641
33355
607
39254
720
1379
26576
320
25792
28928
32185
24196
3122
16560
1261
4864
4224
786
18167
37123
25061
44892
121
1350
20455
4691
43526
8923
5225
1352
48056
4188
8211
72
31001
4190
47174
33664
25935
15940
2050
39775
883
2576
21494
704
41051
4753
8364
28422
263
48
10699
2827
5139
8578
424
828
6588
12214
25142
3234
47552
54400
710
57996
20948
19704
41344
39
17852
1888
25472
40832
1257
1422
2496
47064
16624
14268
4952
20816
8213
13056
40318
43425
2404
50894
342