57
41
53
486
49
163
41718
1054
17435
8462
8286
2450
41607
340
696
2005
40454
39590
1692
154
5072
775
56760
59432
806
25080
587
1567
1360
16960
35844
5033
4587
4316
62894
9217
632
959
4617
798
4861
61368
32
346
7068
3061
45432
20768
9119
36174
6255
9189
2279
2289
21292
19800
33744
20734
719
35375
11048
18615
9025
31874
19347
35936
36726
8282
8402
2107
8350
16614
166
2316
12336
28307
7272
42049
17
6961
12606
2032
18509
4
2480
64768
39258
34743
1005
10961
4222
16420
45152
1523
17838
2169
16781
15279
58023
9208
409
1241
4600
23286
16770
5503
5344
8891
985
17388
296
204
7598
16385
1788
2139
63576
17100
1284
4802
62481
4580
8503
46768
798
492
5033
13717
57155
21499
55550
63008
8350
344
54696
12028
61773
914
51
12767
45360
1088
18432
6486
259
16767
8316
264
16384
930
21562
24717
201
4096
10382
3056
11734
311
5344
27827
492
34495
17808
59744
992
420
38110
12432
33591
611
39343
528
1297
26238
444
25623
29439
31855
24196
3122
16560
1041
4850
4158
18
18315
37120
24696
44834
25
1213
20185
5075
43526
8229
5264
1238
48056
4322
8211
120
30935
4448
47178
32895
26497
16061
2532
39840
895
2576
21494
704
40998
4195
9043
28416
263
201
10677
2100
5213
8590
166
828
6588
12232
25142
3362
47558
54526
518
57458
20946
19704
41344
222
17852
1792
24934
40448
1424
1422
2470
47080
16624
14220
4184
20808
8680
13170
40601
43425
2555
50862
336