57
21
141
128
0
0
0
1024
0
0
0
0
8192
16384
256
0
128
2
0
0
64
0
32
0
0
4
32
0
0
0
4096
1024
16384
0
0
2
0
0
16384
16
2
0
8192
2
0
512
4
1024
128
32
0
0
0
0
16384
4
512
4
8
0
0
128
0
0
128
0
0
256
0
0
2048
0
0
0
16384
1024
0
4
1024
0
8192
8
0
0
0
16384
32
8192
32
256
128
1024
0
0
0
0
0
0
8192
0
1
0
2
0
2048
32
0
0
64
0
0
0
0
8192
1024
0
0
16384
4
0
16
32
8192
0
0
0
16
2048
2048
2
0
128
0
0
0
0
0
128
4
0
1024
16384
0
0
0
16
0
32
2048
0
1024
128
0
1024
0
0
16384
128
4
0
0
0
1024
1
0
0
4
8192
64
16384
0
2048
64
0
1024
0
4096
16384
0
0
0
4
0
0
2
32
0
0
512
0
0
8192
0
16
2048
8192
1024
512
0
0
4
0
2048
16
0
128
0
0
512
0
32
16
0
64
0
0
0
0
1024
512
0
0
0
4
64
0
1024
2
2048
2
8192
2048
0
0
1
2
1
0
32
128
16
16
0
2
1
32
0
16
128
1
512
16
0
4
32
0