56
44
8221
0
640
128
513
1028
64
0
36
1
1
2056
16640
18432
2064
16386
0
1344
0
128
1040
64
32
36
32
16512
128
4096
136
512
4096
64
513
32
10240
16384
16432
1024
4
2
0
584
1024
24576
4096
16
8449
2
8
4224
16384
4112
320
4
0
520
5376
1024
16384
8192
1
0
8192
0
1024
2053
64
0
256
32
4
8
16388
33
1280
20608
67
1088
132
264
32
512
512
0
0
0
640
8200
513
16384
576
128
16448
256
8
16384
256
0
64
4098
16384
10242
256
384
256
16
1024
16384
65
0
16384
32
0
2056
1024
0
2
16400
128
5
0
8192
1
20
8448
8197
544
512
1040
1
2
65
1032
16
4
2048
4224
18433
6400
2
64
16388
20480
0
4096
2048
2304
16432
384
1536
1152
768
17408
0
2
0
16
16384
2048
6144
17410
0
256
1056
8192
5
2
4097
2049
1025
4104
1028
256
4
2048
4224
9216
4112
0
8192
26624
8192
2
2049
16384
16392
1024
16448
128
768
18432
17408
128
4
1024
8224
36
0
18
0
514
32
9224
16640
2048
320
0
0
4353
2560
8208
321
56
384
8256
4096
2304
1
224
1
256
1024
128
256
16392
1088
2048
64
72
256
1024
33
1024
16384
68
0
0
16
96
8192
8192
0
320
8
8256
578
4
264
16648
4640
32
0
2560
0