4153
172
31
10372
49
176
1029
165
1728
20485
32
521
5121
2180
52
2560
528
3
0
1042
0
258
1024
1600
16417
32
34
8232
0
4128
16416
21000
176
288
769
1057
8706
512
1616
24576
516
258
2
2
9732
26624
4368
2056
0
4096
2337
2688
8196
4225
81
64
16416
136
4608
32
1092
1058
64
17410
8196
3076
16384
33
8448
1284
0
12320
550
16416
22530
16417
257
768
7
72
96
1280
517
8203
4108
10288
2050
1
0
8
3088
1
17936
1154
64
16648
8194
544
24576
16386
72
579
16400
26624
20608
8576
293
64
3840
16394
16
6
20480
40
4234
24616
16
3105
16
28736
148
1
32
1280
1
4
4352
1
2564
0
64
2560
553
16928
18432
96
34
9216
128
6336
4097
4096
66
6150
16584
2048
4624
2052
16641
272
144
768
8192
1536
1058
2
144
0
256
4160
19
6144
82
20
0
4288
10240
41
2051
0
3096
2051
2056
1056
292
548
4097
4160
9218
32
577
256
17024
4608
2080
513
16896
2184
32
16640
16416
512
8448
80
20608
8452
0
8192
2596
2304
306
32
4098
136
10
20736
2304
113
256
33
16784
6152
16
352
32
0
4416
16384
273
2
464
66
1312
0
8192
1232
20480
1024
8196
368
528
0
1028
16385
1029
16656
8193
9472
2192
512
16449
288
9218
528
16704
640
8192
354
16388
16384
26656
32
128
4098
2304
288