4153
172
4127
10372
49
176
1029
165
1760
20484
32
525
21505
2180
52
2560
528
1027
16384
1042
16384
2
1024
1600
16417
32
38
8232
0
4128
16432
22024
160
288
769
1057
12802
16896
1616
24576
4
258
2
0
9748
26632
4368
3080
0
4096
2337
2688
12292
4225
81
65
16416
8328
4672
32
1348
1058
64
17442
8196
2052
16384
49
8448
1284
0
12320
550
16544
22546
16417
257
772
7
72
96
1280
517
8203
4109
10288
2066
1
32
8
2064
1
17936
1154
64
16650
12290
544
28672
16384
16456
2627
16400
26624
20616
8592
289
64
3840
16394
24
4102
20480
40
4234
24616
16
3105
0
20544
148
65
4128
9472
16385
4
4368
1
2564
4
576
2688
41
16928
16384
97
162
9220
160
22720
4129
4224
578
6182
16584
2048
4626
2180
16641
272
144
768
8256
1024
1058
2
2192
0
256
4160
8211
6144
4178
20
1024
6336
2048
41
2059
0
3608
2051
8
1056
292
612
4099
64
9218
32
577
256
19072
4864
2088
513
16896
2248
4128
16640
16672
512
10496
16
20640
8452
0
24576
2564
2304
306
2080
4098
2184
10
16640
2304
49
256
33
16788
6152
144
16736
32
0
4448
16384
272
34
464
578
3360
0
10240
1232
20480
1056
8196
496
528
32
1028
16641
3077
16656
8705
9472
2192
640
16449
288
9226
784
17216
640
8194
354
16388
16384
24608
288
128
4098
2312
288