57
172
4127
10388
49
176
1029
165
1761
20484
40
525
21504
18564
52
2576
528
17411
16384
1042
17408
2
1024
1600
16417
32
54
24616
0
4128
16434
22025
160
292
257
1065
12802
16912
1616
24576
4
1282
4098
512
9748
24584
4368
3336
1024
4096
3361
2688
4100
4225
209
65
16420
8328
4674
2080
3396
17442
68
17442
8196
2052
16640
49
9472
3332
2048
12320
16934
160
22578
16417
257
772
3
328
1120
1280
516
24587
4109
10288
2066
1
36
8
2064
513
17936
17538
72
16642
12290
544
12288
16384
72
2627
16402
26626
20616
8464
289
64
3872
24586
16408
4102
20512
56
4234
16424
16400
3121
0
20544
148
65
4128
13568
16385
4100
4370
1
2692
4
576
2696
41
17952
16385
97
166
9220
16544
22720
4129
4224
4674
6182
16586
2048
4630
2436
16641
272
146
1792
8256
1024
1058
2
2224
0
768
4160
8211
6144
4178
22
1032
6336
2048
43
3083
8
3608
2067
12
1056
292
612
4099
64
9222
32
577
256
19328
4864
2216
513
16928
2248
4128
16640
16673
512
10496
16
21664
8452
0
24576
2564
2305
306
2336
4130
2056
42
16640
2432
57
320
41
16788
4104
16528
16672
8224
0
5472
16416
272
34
464
578
3360
0
10752
1240
22528
1058
8197
464
528
4128
17412
16641
3077
272
8705
9474
2192
640
17473
288
11274
816
17216
648
8450
290
16644
24576
24608
288
640
4098
2312
288