57
172
21
10458
49
176
1226
85
1817
20868
9
748
21993
18471
196
2840
528
17555
16384
1041
17550
2
1024
1600
16417
482
48
25028
111
4128
16440
22026
338
200
449
1399
12826
17296
1616
24808
148
1660
4313
512
9875
24580
4540
3592
1420
4099
3260
2952
4148
4192
1008
335
16585
8328
4417
2752
3559
17498
393
17453
8196
2931
16598
49
9737
3428
2754
12320
17110
172
22590
16550
480
772
15
217
1104
1218
723
24683
4403
10300
2413
19
72
454
2337
924
17936
17888
101
16858
12445
712
12546
16384
192
2552
16408
26666
20634
8486
289
87
3618
24870
17157
5096
20488
398
4505
16430
16496
3127
0
20688
151
89
4578
13595
16385
4104
4432
14
2674
203
605
2050
478
18272
16883
419
106
9515
16461
22816
4204
4573
4768
6182
16390
2462
4374
2430
16641
303
274
1744
8256
1024
1082
241
2080
126
960
4160
8223
6257
4241
398
1320
6177
2060
27
3331
266
3584
2396
209
1118
292
739
4311
64
10089
47
625
14
19340
4888
2265
513
17230
2248
4656
16775
16862
512
10511
872
21648
8696
0
24576
2807
2318
366
2368
4147
2433
941
16784
2734
374
456
49
16659
4872
16624
16675
8590
349
5400
16448
240
48
461
964
3536
111
10762
1216
23296
1531
8219
990
1000
4868
18180
16641
3527
260
8897
9584
2401
910
17486
288
11273
0
17228
942
9152
16
16648
25032
24590
449
867
4109
2250
235