0
65504
21
0
0
176
10940
85
42560
20868
15194
61836
21993
47539
26128
42264
528
8691
0
1041
11744
2
36864
1600
55872
482
50400
42372
15344
37792
16440
20534
338
200
64388
1399
12826
60688
2944
616
65312
38972
4313
512
32836
54180
4540
61816
1420
50211
39808
2952
4148
4192
20224
60057
16585
8328
49700
64064
31268
23314
28964
17453
58624
2931
20824
10475
39568
3428
2754
58912
0
37996
22590
16550
480
772
15
14327
18688
15202
723
24683
4403
13292
2413
41029
45056
33750
2337
44116
0
17888
33046
16858
12445
712
56004
16384
19456
2552
12128
26666
20634
4758
28260
7391
8192
65526
17157
5096
20488
13230
4505
16430
32512
3127
0
20688
151
14345
32712
13595
44048
4104
58688
14
0
20939
605
49414
478
35296
62508
8131
106
52123
40468
22816
4204
4573
4768
54118
6496
37950
4374
35066
44432
34139
39432
33968
8256
25600
27944
27465
25088
41966
4224
49216
32768
34833
14532
14062
31360
3961
2060
34667
3331
266
45056
2396
36864
40326
30096
9411
0
55360
2306
47
55616
39174
288
59928
47680
48105
52396
65416
12288
8887
16862
512
10511
872
33344
22504
0
57344
28938
31554
16880
2368
64748
55417
25424
16784
5636
374
62080
49
51862
40856
16624
45855
45792
56907
5400
46656
51648
48
60880
3124
3536
111
26624
1216
22528
7313
15104
29486
45216
4868
18180
22905
60390
260
8897
24624
2401
35730
36352
6432
11273
0
17228
59470
9152
21776
32768
18248
24590
22331
14144
3801
35624
27883