64
62
4125
0
128
129
4353
22
64
16640
4
24
1
7168
80
2048
528
128
1
1032
0
0
1024
10304
8224
4
0
4096
0
256
1025
576
0
24
1
256
24704
128
16400
512
260
0
8
320
1536
0
0
0
8960
2
0
136
2048
4096
5184
0
2176
8
4104
8192
256
8
2048
0
1024
2048
2048
9
2
8448
4096
8192
260
0
16384
1
2304
0
514
8512
0
128
10
9
0
0
4096
0
644
8
8
256
520
130
64
256
2
256
256
2049
64
0
16384
3104
4
8320
4864
0
1029
16384
8
8196
16416
32
0
264
0
128
2050
16385
128
1
8192
1
17
16404
896
2049
524
8
0
0
512
16
8196
16
2048
4096
18560
2082
4096
8
96
2308
16912
64
12288
2176
256
10256
16512
2562
2304
512
9216
0
4096
16
0
2056
64
4128
2562
0
8
8
8192
517
18
4096
2560
24576
9
1536
448
6
0
5
1024
8
2080
4096
16384
0
8
65
16400
0
2
16416
384
20992
1
0
0
4100
128
8192
4
256
0
0
66
0
264
16640
2144
1088
0
4192
256
2048
512
2304
32
16384
8192
1026
256
0
64
512
288
0
5
64
20480
4608
1
4161
1032
0
3072
49
17416
256
520
1024
5
4
8
1024
8192
0
4352
74
32
0
520
9216
16384
544
256
256
18432
512