57
42
2069
0
16
2939
417
5156
29312
49006
3330
8662
96
50388
38680
37649
59872
34325
57596
5622
495
982
2304
43293
46080
17814
20520
24799
502
5716
1240
30882
192
23485
2129
55757
0
1495
25306
14337
6397
46305
26476
63699
40828
32045
561
22110
30176
53749
695
7514
52528
8526
4227
57385
34480
65214
1133
17800
9744
18822
30184
46978
124
566
8195
16544
64840
34103
13332
21408
46968
45751
11076
16488
52046
2175
34914
5026
48466
25224
59310
19025
47882
21316
34314
16599
4975
44345
22783
21837
17344
44467
1022
62885
55041
60319
2112
16480
28685
41557
5784
10254
16912
10445
17658
57220
53960
5771
2547
23522
8701
538
2786
0
60509
65033
10566
12594
8
9726
49581
16505
16386
30975
58366
776
7114
62200
5242
39972
1030
17409
16623
34818
41206
440
44203
8330
18686
10206
52007
5757
4604
32282
42308
2688
16912
44513
13882
17728
4912
2636
4286
38478
57268
21563
4475
4600
60065
6734
784
6272
8312
1088
64
16606
52441
7937
15190
56452
7678
9435
48914
19522
61776
25088
4644
30925
2308
197
46656
5
25566
46880
23136
32426
45192
42815
41501
43674
2049
40063
576
13641
4409
502
4672
9966
871
43254
1270
48183
34836
17553
5748
1822
8916
1036
6
4105
7424
24
4098
36145
22218
7246
5535
16571
202
7424
31828
16071
35168
41278
767
50363
62096
36975
297
29440
13080
50862
516
24865
34100
49639
22364
27761
8257
511
39931
13856
46851
57376
4810
2
60576
58246
22046
4032
2692
1040
1120
9694