57
1049
19
16588
81
2936
2464
5128
29312
65402
3122
8598
56
50356
46862
37639
51704
33809
57596
5606
479
984
2304
44315
46080
17606
20552
12316
761
5444
254
30880
1350
31629
2897
55749
388
1303
29242
14720
2279
38114
9888
63640
38815
31909
2620
24348
21989
53749
695
7436
56360
8534
6286
57577
50352
56992
1261
25742
9808
742
13788
46994
188
17330
8195
184
65112
42343
13318
21184
42872
45745
11094
16488
51971
127
35458
6310
47456
27272
58792
2680
43465
21444
38634
17495
5103
60705
20979
22405
19331
44347
1022
62629
55041
60307
2888
16492
28873
58975
7572
10630
16912
10485
1050
56716
53800
6119
2546
23138
8701
195
2786
4288
61117
48873
10566
12592
2056
26366
49313
117
16386
31102
61678
2152
8177
63183
13822
40356
1030
17418
16639
43234
33398
2746
44699
8394
26830
10030
51751
21757
4604
16042
46292
16
16403
44457
13630
16748
4924
3628
4286
38444
57268
20489
4443
4408
60065
14920
1552
2272
8315
1136
464
16606
52249
8097
15190
56970
3834
9440
48990
23665
61715
25222
4839
14541
2404
195
46668
397
29126
46880
23072
32417
47516
42655
43025
43690
2305
35935
800
9518
6453
8640
6464
1629
1895
43234
3218
48183
35380
17648
5495
1558
724
1292
2
4099
7960
100
4096
44721
30410
3149
5281
20603
454
7680
31954
16071
39294
42264
763
50550
62288
36975
473
13068
15128
54798
548
8736
34616
49543
21848
28225
9033
636
39881
13824
46392
57728
21266
9
60656
58256
22046
3014
3763
9280
1123
25982