57
21
8205
0
49
9
0
2
9216
33
4096
2
1
8
32
16384
2
0
0
16392
16
0
4104
4096
2304
9216
0
16384
256
0
0
1
1
8704
0
64
8193
0
0
2
0
16
4
0
16640
16384
0
1024
0
2
4098
0
3072
1024
8200
0
8
0
0
136
32
16384
32
0
33
4
128
0
0
128
2048
128
0
16386
16
0
4096
256
2048
16896
4104
256
258
130
0
4096
0
96
4112
0
1088
2
160
8196
132
16
0
16384
0
512
64
128
16
0
32
128
128
4
512
16400
64
1032
32
128
0
4
1
1026
1024
0
16448
4
0
0
0
8
10
8192
0
0
256
256
128
4096
128
0
576
1024
512
17
0
4
0
8
4096
32
0
16
512
0
32
4096
8704
80
2176
0
1025
2048
128
16384
128
514
20480
1056
16384
0
128
0
2
2
512
128
0
256
256
2
4352
0
4
1024
130
128
128
2
1024
4
0
0
0
4608
2048
0
1024
0
64
576
1
1
4128
0
512
16384
8
4096
8
5
17408
0
0
8448
8
1
8
0
132
0
1026
16512
0
2064
0
1
8
0
64
0
16
1024
256
8
24
36
0
0
0
0
16
20480
0
512
64
16384
0
0
16
1024
0
8200
8
8
256
2
2
4
0
1024