2233
140
29
528
49
84
3649
1044
17572
8224
8194
3085
2
469
4256
8272
2464
4113
4488
153
67
1541
6148
3074
6217
26624
557
1538
3872
17216
16664
5257
2304
20612
25114
9249
9089
17168
521
16832
0
1124
32
228
2694
2314
0
20770
8192
8211
6276
2048
2080
2688
25642
5138
272
22544
512
3106
9352
18704
8224
16786
19648
23052
16556
8588
8448
520
8200
17664
176
3340
20512
640
19488
21505
25
2562
12616
1544
2096
6
2073
2305
6170
1032
352
153
512
26945
1094
17664
17426
8417
16400
5394
0
8777
4096
1335
8272
8209
17034
9096
5456
9152
516
18561
261
84
7248
16402
1121
2080
26176
18
2560
12805
64
4242
4401
528
544
284
4608
18600
8640
2086
19304
1282
8960
28
17476
11526
2050
18
2596
4098
13634
1089
22528
6192
264
16708
8260
0
6656
592
17441
16417
2049
4096
2210
523
11298
10304
1032
16444
4
2560
4264
16416
2820
405
1536
4244
34
544
128
528
4361
24576
17432
24704
12816
8192
288
3392
16512
1030
4864
256
5
17946
20032
20500
19712
0
1825
833
4880
4106
12295
1033
1452
16448
20800
35
96
515
4364
8864
20630
25248
469
2050
2308
49
6416
18112
25744
12292
2066
8355
29442
276
64
2248
2056
5156
8270
392
580
6240
1666
24657
10920
4
33
582
5128
16673
27777
1152
4096
1072
1824
24720
18432
17424
816
2240
2048
17448
14016
4160
8210
24595
6148
2128
12305
7012
8256
72