24
18958
8269
6273
8448
0
0
16384
644
24592
193
2048
4104
16384
9224
3072
2097
16392
4618
128
8288
4096
4224
16532
1024
1064
64
1088
6144
8224
8520
514
4928
32
8258
8192
8448
8400
10248
12292
4
514
768
608
8208
17568
544
514
1792
24864
16408
8
385
2848
64
160
4104
8576
2592
8256
8192
32
8265
0
8480
8192
16897
512
3136
260
1283
6148
136
1024
384
128
8224
4
16512
20518
2050
2
0
4098
288
18464
2
8204
516
3
24584
1025
130
2312
24644
8225
36
2336
608
4116
384
8480
0
10760
0
2576
16
10240
81
16417
2306
320
1028
16521
256
512
17442
4096
2306
4096
24576
2052
128
16392
4624
136
20480
1026
664
4112
260
256
5120
4098
9216
2050
2560
512
264
4480
1
16898
64
548
16416
8195
9220
66
18688
6912
16400
32
2306
576
17956
4288
4672
1040
2064
24656
2048
24576
4608
513
2304
2560
528
37
12576
32
129
9288
8704
8208
4132
18432
1283
0
2052
4416
192
146
1064
4608
130
46
9
12288
8192
16
576
160
3584
67
5148
17
4160
282
0
96
1088
4236
17409
128
3072
16643
18432
16
18436
0
8
16656
4608
272
6656
0
48
20
18
8256
0
8
8960
1282
1034
8196
24736
326
128
512
1036
2049
8
48
256
1794
9
80
8
2057
17480
258
4136
2
16
8322
16420
512
608
4112
274
66
24576
2240
5632
3077