57
18956
8269
2177
8448
0
0
16384
132
24592
193
2048
5128
16384
8200
3072
2081
16392
4618
0
8256
4096
4224
16532
1024
1064
64
64
2048
8224
8456
514
4672
32
8258
8192
8448
8272
10248
12300
4
514
768
544
16
16544
544
2
1280
24608
16408
8
385
2848
64
160
4104
8576
2592
64
8192
32
73
0
8224
0
16385
0
3072
388
1281
6148
152
1024
384
128
32
4
16512
4134
2
0
0
4096
288
2080
6
8196
512
3
24576
1025
130
2312
16452
33
32
2336
608
20
128
8480
0
10752
0
2560
0
8192
80
33
258
320
1028
16513
256
512
1058
0
2050
4096
24576
2052
128
16392
4624
128
4096
2
536
4112
256
256
1024
4098
9216
2048
512
528
264
4352
0
16898
64
548
32
8195
9220
66
18688
6400
16
40
258
512
17924
4224
4608
1024
2064
8272
2048
16384
4608
512
2304
2560
16
5
12320
32
1
9224
8705
16
4132
2048
1281
0
2048
4352
192
144
1064
4608
128
44
9
4096
8192
16
576
160
3584
65
5140
17
4096
274
0
32
1088
4108
16385
128
3072
16642
18448
16
18436
256
0
16400
4608
16
4608
0
32
16
16
64
0
0
8960
258
10
8196
24704
262
128
512
12
2049
8
48
256
770
9
80
8
2057
17416
258
4136
2
16
130
16420
0
576
16
18
2
24576
2176
5120
1029