57
19442
21
2432
49
0
0
16384
132
25070
319
2303
5128
16894
8200
3327
2527
16392
4618
0
8256
4096
4478
16491
1279
1239
64
64
2048
8481
8438
514
4672
32
8636
8192
8193
8622
10248
12531
506
1020
768
544
16
16801
990
253
1535
24608
16870
502
385
2848
64
160
4343
8576
2849
64
8192
32
73
0
8670
510
16895
0
3072
122
1534
6405
103
1534
384
128
478
261
16766
4568
508
0
257
4606
222
2080
6
8196
767
258
24576
1025
387
2551
16571
479
32
2270
865
20
127
8671
0
10752
510
2560
255
8447
175
222
252
65
1530
16768
254
512
1058
0
2301
4606
24576
2309
382
16886
4847
128
4096
508
536
4369
256
1
1279
4098
9216
2048
1022
528
264
4350
510
17149
321
548
223
8444
9467
66
18688
6145
239
215
258
512
18171
4478
4865
1281
2542
8622
2303
16384
4608
512
2302
2560
16
260
12511
478
511
9463
8958
494
4389
2048
1534
257
2303
4097
63
111
1239
4608
127
44
9
4096
8192
273
958
350
3584
190
5610
238
4351
274
0
32
1088
4108
16895
127
3072
16893
18926
16
18693
254
257
16400
5118
16
5118
255
289
16
239
321
510
510
8958
3
245
8443
24703
262
385
512
243
2559
8
305
1
770
503
80
502
2294
17910
258
4136
508
16
130
16603
255
576
239
18
253
24833
2175
5375
1029