57
21
234
2174
49
0
510
16384
132
25070
319
2048
5128
16384
8200
3072
2527
16886
4853
0
8256
4096
4224
16532
1024
1239
191
64
2303
8415
8438
514
4672
32
8636
8192
8703
8272
10248
12531
506
1020
768
544
16
16734
990
253
1280
24608
16408
8
385
3039
191
160
4104
8576
3038
191
8192
32
182
510
8670
0
16895
0
3582
122
1534
6650
152
1534
384
382
478
506
16512
4134
2
255
255
4096
222
2526
504
8196
512
252
24831
1025
380
2312
16571
479
32
2336
671
20
127
8671
0
10752
0
2560
0
8192
80
222
252
190
1530
16767
254
512
1058
255
2050
4096
24576
2299
128
16392
4847
128
4351
2
536
4335
256
511
1279
4349
9216
2048
1022
528
264
4352
0
16898
446
731
223
8195
9467
66
18688
6655
239
215
258
512
17924
4224
5118
1279
2064
8272
2303
16639
5118
512
2302
2815
239
507
12511
478
511
9463
8958
494
4570
2048
1281
255
2048
4350
192
144
1239
4863
128
466
9
4096
8702
239
576
160
3584
190
5610
17
4351
493
0
223
1470
4108
16385
128
3072
16642
18448
16
18683
256
255
16400
5118
16
5118
0
478
16
16
446
510
510
8958
252
245
8196
24703
262
127
512
243
2049
8
207
254
770
9
175
8
2057
17416
258
4136
508
16
130
16420
255
576
16
18
2
25086
2175
5120
1274