37689
42
21
0
0
42998
34040
16384
8308
25070
46871
2048
17904
27110
8200
36081
2527
5349
4853
13748
50456
4096
4224
16532
1024
45221
42379
47087
5319
8415
8438
14020
4672
55485
27308
8192
9547
8272
13756
57036
9402
47018
768
544
16
10289
990
253
1280
10223
14366
46805
15129
29045
24659
160
4104
47829
3038
191
8192
30825
50234
510
8670
52927
7869
0
3582
40757
1534
61363
3304
1534
57068
8786
29102
506
53810
35976
2
11869
255
25434
222
49289
44962
8196
45392
252
20133
1025
380
65009
27647
479
57792
55231
671
33969
42167
62229
0
10752
58672
2560
0
8192
61088
58481
7272
53728
35098
4622
6682
40730
39646
255
62742
11538
5424
52233
58374
16392
4847
52739
63105
2
37144
62830
256
511
36987
59256
9216
55133
36334
30188
4202
52085
0
9960
446
59724
223
54864
9467
51119
18688
14400
7107
35241
258
39630
20278
29204
60514
28357
43220
18194
8639
11614
30582
512
45330
2815
239
507
12511
39564
11947
56564
30118
34881
4396
30882
1281
17979
2048
41368
35852
51494
35947
4863
16144
46617
9
22666
8702
59442
64898
160
15104
190
5610
26251
54963
493
55924
223
17198
4108
10039
128
9988
52072
64322
43525
20315
15710
255
16400
55850
27025
61052
0
478
16
58574
46563
47794
510
50976
19039
245
7071
24703
55587
33975
15414
38695
22654
37456
21012
254
29484
9
175
1104
2057
17416
258
4136
57878
16
5016
16420
27921
56400
62245
9770
8741
25086
3464
5120
60667