0
12
13
1024
1024
32
16384
0
0
1
64
64
4
512
0
0
0
0
2048
2
0
512
0
8
0
0
0
0
8192
2048
8192
0
8
0
256
64
512
0
4
512
0
512
16384
8
256
16
0
0
0
256
16
4096
512
0
1024
8192
1
0
4
0
0
0
0
4096
4096
512
16384
0
0
16
0
16
1024
0
0
0
16384
0
8
4096
2048
0
128
0
0
128
0
128
0
0
0
16
0
0
0
0
0
16
0
0
0
0
0
0
0
512
0
128
0
64
16384
8
1024
0
32
8
0
0
0
0
256
0
1
1
0
0
2
16
0
1024
128
2
0
128
512
8192
32
32
256
0
128
0
8192
4096
0
4
0
4
0
0
8192
8
0
4
0
0
16
0
128
0
4
0
0
2
4096
32
2048
0
64
0
0
8
0
0
8192
2048
0
0
512
128
0
0
64
0
0
16384
128
4096
0
0
0
16
2048
8
0
0
4096
0
256
1024
0
1
1024
16
1
0
0
0
0
8
0
0
512
4096
256
256
1
256
0
0
0
0
0
0
32
0
0
8192
0
0
0
32
0
0
0
4
1024
16
0
0
0
8192
2048
0
1
0
64
0
0
0
0
0
0
8192
0
2048