0
65504
21
0
0
751
129
0
2302
2592
0
42883
4096
247
19520
1534
237
486
4
499
950
2048
500
2048
1502
8446
1152
4590
382
48269
1215
32893
0
474
478
0
4604
128
21688
52886
223
58432
0
8224
32
17408
14680
8192
16895
246
61200
8446
251
21255
4100
511
253
0
4348
2558
516
494
46144
2054
61440
2128
16640
3088
6144
510
18652
128
1
51200
0
19457
2816
255
57360
253
8
8
32
16384
8192
0
35296
255
255
8702
23644
22784
16
8
8442
4607
1279
1536
22560
49882
9455
511
16448
8193
4317
510
512
8192
52272
0
256
512
16384
9470
254
640
255
57209
2048
890
8320
1279
256
16641
35072
12638
507
4334
4
16511
24640
28937
511
51200
254
40088
28544
8196
256
3910
1486
55982
22656
16639
8448
52415
2
58578
503
255
447
20
0
34703
8208
0
0
41190
239
9471
2301
39984
0
13039
48352
123
24864
1024
2
16384
1028
246
1
1508
58232
4335
52736
4100
2064
17572
0
63586
16384
1535
33600
237
19532
27886
48896
8447
320
0
0
1278
520
8196
2544
62279
255
2050
50176
4096
16384
767
52592
16384
34420
16514
243
3407
1024
0
4096
0
17520
414
8256
2048
64
5630
6272
510
8702
33919
0
29310
37872
0
31200
4160
510
8447
64
33135
14464
254
54896
256
0
12542
478
16511
2558
50350
132
11967
4792
48912
5630
508
4604
4112
2032
35104
2
4351