57
21
21
8904
49
2237
0
55663
6279
35189
3312
4472
62699
24763
63360
65005
1023
1280
1334
37927
54784
31217
1188
20591
26619
13404
14064
8680
4480
57004
60596
0
0
5725
3760
21233
641
16463
35658
1279
672
19406
65302
52654
15680
7437
6650
785
32768
33193
8374
1248
5888
34966
54072
593
59169
8385
3733
40633
280
56795
111
25807
16612
56287
20800
7889
2048
16509
46058
87
17667
32724
41936
16502
23360
30164
12296
60447
65328
40825
45061
4244
9194
31136
29202
5200
16387
5272
5524
7143
11712
187
24832
37236
64895
1031
5764
24786
21212
21032
2277
6617
2376
4192
8715
48146
54272
18538
33728
58885
30496
5278
1082
11483
39936
58557
65288
2336
23552
42990
22568
24
51200
56307
23816
43195
60736
44185
23232
4446
44160
60402
54416
55299
16734
523
501
9199
42835
14078
782
37000
0
4352
62184
23995
65424
8656
45928
14202
34920
54272
24896
53067
38244
38836
28544
41581
59485
10077
64244
61190
2818
9674
2776
63128
8448
53557
59048
6546
8832
4666
2704
61551
765
32221
45766
210
4287
20516
13568
50556
290
27458
1846
53109
11480
31633
32502
2056
4159
38288
52697
26827
919
254
51648
60061
520
7154
150
5122
31360
31723
248
4338
45801
59138
8638
34499
49152
39440
34546
44781
62966
11704
7
43390
58752
2000
16674
5
31264
124
231
5589
23856
18850
11224
54702
40855
51584
61407
56652
64267
62327
46994
38990
8205
14460
8414
34353
63756
18851
8703
50677
0
180
36075
53292
64070
38652
16830
63614