262
1164
2575
72
384
2048
0
64
6144
16386
2568
256
8192
4
18592
4098
0
5376
4112
2082
2052
8192
4096
17552
24576
256
256
128
1024
3104
260
2
848
1536
10242
28673
576
16412
96
129
644
56
24576
1072
289
6208
516
8320
66
8
48
1280
256
256
6144
9
17416
32
2560
145
1152
0
104
20480
16401
17440
2058
0
2048
386
1028
521
12
96
0
1
2
17410
4096
152
4224
0
148
1058
8200
64
576
4624
0
256
6144
2080
1024
64
16
2
4352
3
16388
82
2305
545
4100
32
16
4105
8704
16384
4096
18434
16448
1026
20488
16928
516
65
80
2060
6
2082
17024
32
0
1
0
256
16450
521
0
2050
16384
8192
2048
2560
5121
16520
16387
256
1
64
144
1280
8195
4097
28
0
4160
4096
4360
258
304
152
4736
12800
8192
513
4096
100
0
528
130
16396
24
160
2066
1024
17
2148
16
4096
80
28672
2048
8
4
1538
257
18436
256
37
66
4104
16640
16385
2
2052
1304
4120
2060
272
640
0
8
8208
4128
16
552
17
5136
2304
8704
2060
0
4096
7168
260
1024
0
1024
8196
80
514
3
2054
256
136
12
20
0
1024
4160
1024
2568
10
3
6
512
1540
8
16400
137
6208
4096
32
384
1024
0
18441
64
4618
8210
2
8193
0
72
2048
256
24579
38
16
520
12
0
0
64
2178