262
1164
2573
72
128
2048
0
68
6176
16514
2568
768
8192
12
18592
4098
32
5376
20496
3106
2052
8192
4096
16528
24576
257
4352
144
1024
3104
261
2
848
1536
10246
28673
576
16924
112
16513
676
57
26624
3120
353
6212
1540
8320
66
8
50
1280
257
4352
6272
137
17416
32
512
8337
1152
4096
104
20480
16401
17444
2058
256
0
390
1540
777
524
104
4
33
3
17410
20480
216
4224
0
150
5154
8200
64
576
4624
0
256
6148
2080
1152
64
16
2
4352
3
16388
82
2305
545
12292
32
16
4137
8704
16392
4096
18435
16704
3074
28680
16928
580
8257
80
2060
16390
3106
17032
32
0
1
0
256
16450
649
0
2050
16384
8192
0
18944
5121
136
16387
256
1
4160
2192
3328
8195
12289
1052
1
4672
4096
4376
258
304
24
4736
12800
8200
515
4098
100
4
528
128
16396
24
160
2066
1032
17
6244
16
4096
64
28688
2048
8
4
1794
1281
18564
264
37
70
4096
16640
16385
66
2116
3352
4112
2060
272
1664
4
8
9232
4128
16
554
16
5136
10496
8704
3084
0
0
7168
292
0
1
1088
8708
8272
530
3
10246
264
16520
12
20
0
1280
4160
0
520
10
8195
4
512
1540
12
16400
137
6208
4096
32
388
1024
0
18441
64
4618
8210
8194
8193
256
72
6144
256
24707
38
16
8
12
16384
16384
64
2178