57
1228
2573
74
128
2049
16
68
6178
17538
2568
8960
10240
14
18592
2
16416
5376
20496
3106
2052
8192
4096
24720
24576
1
4354
8336
1024
3106
261
3
856
17920
8198
24577
580
16924
80
16513
676
185
26624
3121
353
6212
17924
8320
74
10
50
1280
1
256
6272
137
17416
32
512
8337
1152
4100
104
20488
16409
17444
2058
384
64
16774
17924
4873
524
104
4
97
3
17410
20992
216
4256
32
150
5154
8216
192
592
4624
0
256
6148
2080
1152
64
4112
2
12544
11
16388
338
18689
673
12356
1056
272
4265
8708
16393
4352
18435
16704
3074
28744
16928
582
8257
80
2061
20486
1058
17096
544
1
33
1024
256
16706
649
2
2050
16384
8192
64
18944
5185
128
16385
256
129
64
2704
3392
8195
12288
1052
1
4704
4096
4376
262
304
2072
21120
13824
9224
8707
4098
100
4
2576
128
16392
24
160
2066
1032
529
6244
16
4096
64
28688
2176
8
8196
1282
3329
18564
256
37
70
4096
18688
16385
8258
2116
1304
4112
3084
8464
1664
132
520
9216
4128
16
682
4112
5200
10624
8704
3084
16384
8192
7680
2340
0
8193
1024
8708
8273
530
3
10246
776
16520
12
20
0
1280
4160
0
1544
26
8203
8196
512
5636
1036
16912
169
6212
4096
288
900
1040
8
18441
80
4616
8210
9218
8195
256
72
6160
1280
24707
38
4112
9
13
16384
16384
64
2434