46905
65504
21
0
0
50364
40986
349
62860
53929
40927
8924
63085
152
18610
117
16817
60367
20511
3294
2532
8240
57066
24726
20408
9249
4339
8473
1264
3490
58343
195
164
2015
8298
19603
45824
16934
300
16881
57724
137
1098
3215
231
40461
18027
48285
46617
57689
44177
1280
764
268
6272
61522
17744
32
51412
8337
64324
4100
104
16588
16425
17646
52418
116
155
16564
18392
4790
784
265
229
112
62776
17642
20943
48009
50512
23104
16082
5221
8222
169
878
2449
248
49800
6148
10767
1103
433
54186
448
12385
33736
8610
594
18806
305
34762
54880
63412
48684
54553
5299
4034
2073
16556
3074
28795
17104
673
57615
33515
2508
20583
1084
17011
748
35571
801
43436
241
16683
561
58296
40577
52925
47485
44374
18944
6077
33721
16577
280
177
88
2575
3528
63605
12312
1052
19167
4608
52589
4376
49521
51866
2168
21132
59826
9691
8755
4493
50653
131
55418
61920
13951
490
99
2320
1748
750
57148
241
4407
63382
28688
50260
21565
8196
39187
3569
64489
280
299
79
4593
18756
10042
30609
43154
61786
4307
3380
8996
1905
47524
663
9654
4578
248
2851
4316
5446
10497
8830
3092
16884
8432
7704
2617
126
9053
23780
9186
57368
530
51
47665
54697
16761
12
38910
0
1280
61908
55465
37666
986
8391
8580
512
5828
1211
25877
63203
6859
4096
544
646
1424
11
7880
52632
5056
8221
5697
8197
14874
277
6570
45142
25001
182
4103
64687
21
16384
16384
248
40576