53049
65504
21
0
49
55484
40992
349
55948
24736
52969
8924
50017
152
44480
117
40385
60367
20511
27633
32760
8240
44500
24726
41096
17903
7693
8473
17932
3490
50889
195
2756
51902
22924
13680
25564
31563
300
16881
56444
137
40992
3215
231
9184
18027
22591
43545
49448
26769
1280
54372
268
6272
2130
31624
32
36506
8337
32896
4100
37860
12685
16489
17646
51906
116
48163
16564
48228
27901
784
13394
5423
112
22148
30007
38507
61065
30464
45470
31790
5221
8222
169
878
22929
496
33583
34142
30041
1103
433
38732
29983
12385
17864
29858
594
18806
305
20324
43001
61004
2709
34991
5043
19906
50860
40474
3074
40683
17104
673
40656
1399
2508
20465
20778
44011
26981
33011
801
20272
241
16683
561
50232
13568
23867
21242
22226
18944
6077
1842
16577
2209
177
88
33947
3528
53479
29863
1708
38333
12946
54893
4376
32988
37892
2168
21132
60594
9691
8755
48837
34880
131
44666
58176
24191
56622
99
2320
1748
750
42389
12697
15415
61164
28688
32680
4496
10418
17683
3569
44088
24778
299
79
32422
18756
15930
52585
17881
56736
16526
13040
8996
1905
38820
663
28665
4578
26433
10907
12961
32012
10497
8830
3092
40126
8432
7704
2617
126
32812
27108
34180
54296
35512
14087
24369
42963
16761
28644
64176
0
1280
54008
45004
35106
9401
8391
8580
512
19623
1211
45616
60669
39346
4096
59332
20592
1424
23799
7880
39338
5056
8221
2128
8197
54823
25865
6570
33888
36768
182
4103
63669
21
16384
16384
248
49024