57
21
6228
31326
49
55798
808
4538
15872
49058
26928
9918
36864
2303
703
34997
6424
6677
31536
1219
8192
15690
37120
22199
29686
4
40
19491
28518
27823
31259
4356
36864
5156
7167
45125
29824
50478
17512
16760
56832
255
20268
12159
38443
6451
54944
1399
32367
12322
36015
1023
3712
0
4136
49881
5431
4
4872
31312
4
2137
48752
57795
704
2070
48392
27820
49153
336
56704
48618
1124
989
17688
787
31360
52833
2050
255
4192
774
17616
60668
0
4312
26752
56379
32598
47240
54096
15514
1772
64
26488
20694
33280
32
638
21759
28352
27741
16894
6535
16384
55780
54172
458
1778
32900
33632
53435
256
25250
33540
40
55104
5159
17536
28720
18131
167
18
12730
231
59609
39360
14641
26248
30327
5248
21410
61184
44061
11648
56782
0
1030
24060
39838
7304
0
88
20883
16574
3
39984
49862
14309
29194
47232
17406
766
1481
26184
2948
111
766
16448
32481
16
2263
241
2809
498
23525
8574
507
8332
21281
50256
19243
798
25216
22928
18590
52465
13295
10672
502
14656
62705
16384
636
2272
2463
16798
21869
257
414
26781
61188
12504
27051
52421
8700
477
8320
17348
3584
0
383
32409
16616
23860
48896
4096
8640
8398
274
272
37792
12288
792
239
255
28254
16853
3040
55924
191
64
8462
45410
17142
5598
16627
1185
60288
50770
8445
152
22151
21226
40432
8687
34368
9656
12394
52468
498
6000
33839
14529
57344
264
22576
58885
22528
16830
25864
52659
33914
2407
32
3979