313
8200
29
2080
16385
2
32
516
8192
2560
8448
2048
66
512
515
3072
4608
52
16384
6144
1540
8196
16400
1024
10752
16
4384
145
32
0
64
4105
8192
768
0
16896
2
548
16384
12292
2
256
4140
32
38
288
0
100
4617
16392
516
8514
24640
2
16392
520
0
768
18432
10500
66
1281
76
260
1024
2564
610
0
4096
1024
8448
512
1024
20482
2
4352
4232
44
32
2176
13
6336
16448
16392
2177
8
20
256
33
643
38
512
1
16640
1
0
8
138
4
16400
256
1280
513
0
1280
513
80
96
128
128
18440
36
1284
0
8834
8
256
516
2624
16384
4192
2
2112
34
4
4098
200
1344
321
4096
0
17410
8
2048
8192
16
0
32
32
2
36
2128
32
26688
128
5184
1057
324
4096
1024
132
256
4104
256
704
2112
112
32
320
8321
3072
8192
70
68
2112
4
4
0
512
128
1028
9216
1
144
8194
1
513
4104
32
35
18432
32
0
256
64
16400
2048
264
16384
520
1080
4864
2564
800
96
0
1
4096
2
6144
8200
0
72
2
17416
8192
66
1088
514
64
16416
289
24578
8196
66
2
1088
146
137
128
1026
320
1032
320
4610
8225
17408
4096
257
16452
20736
8257
10432
80
9
36
26
8192
10240
33
8192
2128
8
160
112
16384
16904
10368
256
258
12290
24576
768
0
514
1