313
8200
28
2208
49
2
16416
516
8192
2560
8448
2080
74
512
8707
3072
4736
52
16640
6148
516
8196
16404
0
2560
4112
4384
16529
4128
0
72
4105
8193
832
4096
16960
66
544
16384
12292
8194
0
4132
32
38
292
0
100
4617
16392
8708
8514
24642
2
16392
16904
0
768
18432
10500
66
1281
76
256
1024
2566
1634
256
4104
1024
256
512
3072
20482
2
4353
20616
44
32
2184
12
6337
16448
16392
2177
264
20
256
33
643
38
512
0
16640
5
8
8
16522
1028
18448
2304
1280
513
0
1280
1537
80
96
144
128
18440
36
1348
0
8834
8
288
516
2632
16400
4192
258
2112
4130
4
4098
712
1088
833
4096
0
17410
8
2048
10240
20
0
36
32
2
36
2128
40
26944
128
5185
1065
836
4096
1056
132
320
4104
320
704
2112
113
34
320
8320
3072
8192
326
100
2113
1028
4
1
0
128
1028
9216
1
152
8194
1
513
4104
32
35
18496
48
2
258
320
16401
2048
1288
16392
520
1592
13056
10756
800
16480
0
1025
4096
34
6144
8200
8
72
2
17408
10240
1090
1088
514
64
16416
293
24578
8196
8258
130
1088
150
139
2176
1026
336
5128
320
4610
8193
17424
4096
257
16453
4352
8257
10304
16
73
1060
26
8192
10240
2081
8193
2064
8
4256
112
16416
16904
10368
1280
274
12290
8192
768
4
514
1