310
8200
28
2248
49
2
16416
516
8192
542
8448
2080
50
512
8707
1024
4856
4138
16641
6155
516
8216
16404
128
2800
4652
4380
16557
4216
13
88
4209
8223
636
4190
25152
194
552
16640
13368
9218
60
4644
208
43
292
0
122
4617
16392
8708
8514
25154
90
24598
17160
632
824
18440
10740
66
1401
114
320
1054
2648
1788
256
4118
1024
256
516
1054
20722
6
4353
20620
44
32
2184
18
6367
16576
20488
2237
274
108
414
55
627
1062
512
15
16700
8197
136
8
16522
17652
18512
2304
1280
2574
30
1280
1537
95
111
16
240
18672
42
1348
4096
25338
22
976
538
2728
16528
4120
258
2112
4134
4
4124
712
1088
833
4111
0
17436
8
2108
10496
20
8207
43
32
2
36
6224
296
26944
112
7246
1064
436
4100
1112
148
320
5128
256
816
2240
9
34
320
8192
3132
8432
318
612
78
1592
244
1
16384
4224
1156
9216
1
152
8194
8193
557
5128
32
209
2112
72
122
28
350
16429
10270
1332
16392
820
1592
13056
10884
894
16480
0
1341
4216
45
6144
8207
8
48
1037
17648
10266
1090
1168
514
64
32
477
24606
8372
8258
130
1116
136
139
2208
1146
320
21526
434
6718
24697
17422
4382
1
17477
4472
8257
10304
224
70
1628
26
8256
10496
2081
8449
2064
52
4312
8
16412
17928
10488
1280
482
4098
8192
1807
252
558
1