57
8214
28
2248
49
2
16416
516
8192
750
8448
2080
14
752
8947
1024
4736
4118
16641
6199
756
8216
16404
158
2560
4828
4354
16546
4216
49
100
4173
8193
516
4160
25152
194
552
16640
13368
9278
51
4644
32
43
348
15
2
4617
16406
8708
8514
25154
90
24598
17400
614
824
18440
10740
66
1401
114
312
1054
2647
1788
376
4326
1024
256
756
1262
20733
6
4473
20620
35
32
2184
29
6367
16576
20488
2245
362
80
384
56
591
1062
572
15
16691
8437
136
248
16532
17652
18540
2334
1280
2574
30
1520
1537
99
111
16
255
18670
42
1348
4096
25333
22
976
746
2768
16528
4120
258
2112
4134
124
4196
756
1088
945
4215
0
17644
248
2108
10736
20
8207
43
32
2
24
6304
276
27056
112
7222
1064
436
4122
1112
148
335
5128
271
840
2240
9
34
380
8192
3123
8432
288
612
78
1600
244
1
16399
4344
1156
9276
14
152
8220
8206
563
5368
88
209
2112
72
122
28
350
16605
10257
1288
16496
827
1591
13056
10884
774
16408
240
1341
4164
45
6144
8447
8
48
1037
17648
10338
1090
1168
574
64
32
466
24814
8328
8370
190
1120
136
139
2208
1146
320
21614
434
6726
24697
17422
4454
1
17499
4472
8270
10304
16
70
1619
26
8256
10496
2077
8689
2064
196
4312
112
16386
17928
10368
1280
274
4109
8192
1807
252
558
1