47417
65504
21
0
0
11271
16416
516
16392
529
8448
2080
241
15643
11803
28687
60830
4329
45075
6344
24350
20781
16404
39055
13590
27452
21527
16477
18352
206
1977
4274
13598
1018
4542
38243
194
552
16640
13368
9664
5110
4644
19466
43
419
497
16428
4617
16617
16694
56232
25154
90
24598
30013
665
48810
33602
10740
24702
1401
114
198
1054
23274
8254
391
22108
1024
256
22098
1041
20739
6
4486
20620
12585
32
2184
19251
6367
21522
20488
16270
16874
37211
126
36215
945
9856
10873
15
31786
8202
136
30566
16746
17652
18834
2529
10597
2574
30
1295
1537
19974
111
12924
0
18449
32409
1348
4096
51068
22
976
533
2607
24702
4120
4219
2112
4134
49531
32023
778
1088
591
25609
8578
19605
1163
4678
10511
15003
8207
25012
10922
2
486
39147
491
26702
32912
7624
25018
51674
17785
17389
148
7495
5128
241
694
2240
9
34
387
8192
3276
8432
32384
612
78
44808
53056
1
16881
4358
25646
35949
241
152
8674
8688
716
5382
422
9860
12020
72
26268
28
17686
16418
10735
28850
16527
57918
1993
13056
21060
760
49064
24786
1341
4283
11251
6144
8192
8
48
14296
18620
10397
1090
9311
705
27618
32
18432
26853
30795
8524
320
24439
27233
139
2208
1146
320
53359
9105
7096
24697
17422
4248
1
45193
4472
50047
34600
494
70
1708
26
21549
10496
2531
32767
31233
59
4312
30850
16892
17928
21878
1280
493
4338
8192
1807
56822
558
19968