57
21
21
0
49
31500
16416
516
16392
529
8448
34091
241
15643
41527
28958
12718
17402
45075
6344
24350
20781
16404
39055
31534
27452
21527
29304
18352
206
45301
4274
13598
1018
4542
38243
194
552
16640
45407
42216
5110
26446
19466
18519
419
497
16428
8505
37914
16694
56232
25154
90
45644
42356
4049
24348
33602
10740
24702
1401
10416
7429
29790
31275
8254
391
22108
8330
256
22098
1041
20739
6
10705
34520
14710
32
33830
19251
29232
21522
20488
16270
10473
8711
13525
36215
55395
9856
10873
12139
31786
28264
19687
30566
46795
17652
6488
12357
36298
42970
21637
1295
1537
51418
111
27624
18541
18449
32409
1348
4096
29024
29180
976
533
34725
24702
11152
17396
2112
4134
49531
55956
778
1088
1743
25609
40964
19605
1163
4678
16021
24354
8207
25012
26932
2
486
2680
491
26702
32912
31577
25018
51674
17785
17389
148
53109
5128
17034
24400
27638
9
34
24353
14910
3276
32145
32384
612
78
44808
3046
17576
16881
16216
31960
35949
241
152
8674
8688
716
30824
422
9860
12020
7165
26268
45450
17686
47579
10735
28850
45831
57918
23175
13056
21060
760
2410
24786
16385
13440
11251
6144
8192
8
10746
19619
18620
12650
30736
12078
9105
30131
32
21203
26853
30795
8524
320
24439
10003
139
2208
21554
320
53359
9105
19096
24697
17422
6523
1
45193
33630
61286
34600
494
70
35202
45810
21549
10496
2531
32767
31233
59
4312
1642
16892
17928
42093
1280
493
4338
50166
30987
64499
558
19968