56
56
16440
8320
4256
8
1
1025
80
16448
4
3208
2049
3074
272
512
80
1058
0
3080
4
516
2304
9280
49
516
2
24584
96
1
0
8704
1024
2
1
2048
8448
528
336
32
28
9
2
66
17412
4112
4128
1
384
258
0
192
8192
4384
64
514
8
8200
4098
40
16386
0
16648
131
24584
128
0
17411
4
0
8
2176
2052
0
16448
5
8465
16520
1026
96
128
769
4
36
0
8196
0
8192
641
72
256
36
528
160
16
256
1284
136
0
160
65
130
512
2560
1168
512
512
64
3136
16896
128
4
16400
32
4096
2060
576
0
130
20482
197
1025
8192
18
65
17
1282
0
516
1042
2048
16384
4
0
1152
272
2049
516
384
2307
21504
8
64
4
16516
16384
4354
2048
259
18
512
840
7168
512
256
16384
0
8192
96
8
0
4136
18
24576
0
0
1536
4609
4610
4112
16
0
8
17408
16640
44
4096
16
1156
0
257
68
16418
2048
0
1
24585
2440
0
16640
132
4640
128
1
8
256
16386
12288
260
322
1041
20
2050
0
4105
16384
6176
580
8202
112
260
10248
320
8464
160
0
8713
18944
322
0
74
0
8448
1
2
0
16512
1
512
16448
10
0
5120
9
17536
16
32
516
34
0
8224
2056
8194
2112
16720
24600
6
0
64
2049
24592
1056
1312
528
10760
264