4
140
143
4168
256
0
0
32
2048
2
8704
0
256
0
18464
4096
1
1088
1024
10370
2052
0
4736
144
24576
1024
256
0
2096
1056
16384
0
320
1024
2
20480
16912
24
1120
193
132
80
8192
48
256
7168
8228
8192
96
520
32
1056
256
4352
6656
17
17410
48
512
160
0
32
192
16384
16464
16384
2058
8192
8
138
1024
8
44
196
16388
65
16
2
12288
128
1024
9220
128
4128
9
64
2120
4112
0
4
4096
2052
130
0
0
4
4356
3
16388
88
26624
37
2
32
16400
641
8193
0
264
16384
64
2
16424
8704
68
0
65
0
2
34
642
8
1024
4097
8208
64
112
1
256
14
17
260
128
2576
1025
16584
1
0
32
64
688
1024
131
1
68
512
64
4096
260
1025
64
144
4225
10240
12288
512
4096
36
2048
1
128
8204
8
128
2080
5120
80
2080
24576
0
96
12288
1152
6
8192
522
4096
3073
4
1
24640
4096
18432
4097
8
2048
264
16408
2052
0
16512
2
1
528
4096
0
32
0
52
2368
12800
12
1024
4096
2304
16640
256
16384
1024
8704
512
514
0
18944
0
16408
8
16384
4
12289
32
16386
2568
78
1
20
512
4
8
2072
3
0
6148
128
289
20480
1024
16385
1024
4609
8194
6
8192
4096
0
0
258
12290
32
0
8
12
4
16
192
2176