4
140
21
5192
8448
64
2048
32
2176
130
8705
0
2304
8
18465
4128
1
1344
1024
10370
2052
0
4744
4240
24584
1024
288
512
2096
1056
16384
8192
320
1024
4098
20736
16912
88
1136
193
140
80
8192
2096
256
7232
12324
8192
96
520
32
17440
256
4352
6656
19
17410
48
512
160
0
34
1216
0
16464
16386
2186
8192
8
650
1024
8
44
198
16396
577
16
2
12288
128
1024
9220
128
4128
8201
64
2122
20496
0
260
4097
2052
130
8
8192
16388
260
16387
16396
88
26624
37
2
544
24592
643
8201
0
4360
16384
64
2
16392
8704
68
0
577
512
2
34
650
8
1024
4129
8210
64
112
1
256
14
25
260
128
2640
9217
16840
1
0
1056
1088
656
1024
131
1
68
4608
80
4224
260
1025
64
144
12417
10240
12288
512
4096
36
2048
8193
128
8236
10
128
2080
5632
80
2048
8192
256
4192
12288
1152
7
8194
522
4112
3585
8196
17
8256
4224
26624
4129
520
2048
4360
16408
2052
0
24704
8194
1
528
4096
4
40
4
52
2372
12802
28
1026
4224
2312
17152
260
16384
1056
8706
512
515
16384
18946
32
16408
8
16384
36
12289
36
17410
2568
78
17
20
512
36
8
2072
2051
256
7172
128
289
20608
1028
16385
1024
4609
8194
6
12288
20480
2048
8192
258
12290
32
0
8
12
516
16
704
2176