28
140
4307
4182
262
0
96
64
2688
4
8707
0
512
27
18659
4864
1
1098
1072
10382
2052
0
4672
72
24579
1024
704
0
2096
1056
16384
384
344
1030
769
21272
17296
24
1130
161
156
80
8192
60
259
7363
8252
8204
102
568
32
1824
256
4352
6656
33
18178
60
512
160
0
28
198
16480
16464
16768
2442
8192
11
137
1072
16
42
244
16415
78
16
50
12384
128
1024
9988
152
4128
15
88
2126
4124
24
100
4300
2076
130
216
6
775
4380
99
16388
88
26624
37
26
37
16416
689
8194
3
267
16384
64
2
16456
8704
68
6
105
192
98
34
410
8
1024
4109
8214
32
112
2
256
14
10
308
134
2784
1025
17352
7
0
416
64
698
1024
179
7
836
716
472
4576
260
1025
88
144
4353
10432
12288
608
4108
420
2048
49
128
8192
328
128
2080
5120
464
2100
24656
12
160
12288
1088
414
8672
522
4102
3265
388
41
25472
4736
18437
4865
200
2048
456
16411
2436
0
16563
50
25
528
4120
99
35
12
52
2380
12800
9
1054
4486
2328
16832
364
16396
1184
9112
560
513
768
18992
12
16414
4
16384
770
12289
32
16388
2568
78
49
24
608
776
8
2456
771
780
6530
224
289
20540
1039
16385
1120
4993
8290
0
8600
4108
768
48
450
12292
224
48
8
15
199
112
195
2304