57
128
4277
4174
256
40
80
32
2444
7
8899
3
536
24
18467
4888
2
1100
1024
10370
2052
0
4672
136
24579
1030
512
160
2480
1824
16384
640
332
1792
1
21251
16912
216
1894
193
156
80
8288
60
448
7171
8284
8192
96
520
44
1808
352
4352
6656
57
17410
48
256
160
768
8
198
16464
16480
16774
2438
8192
8
137
1024
14
428
248
16415
65
16
770
12384
896
1024
9223
128
4152
15
64
2120
4124
12
100
4288
2052
898
24
54
644
4380
99
16388
88
26627
37
2
35
16416
701
8194
0
267
16432
64
4
16456
8704
66
0
89
192
50
58
666
776
1024
4205
8214
67
176
13
268
2
393
356
128
2768
1025
16968
1
0
416
69
688
1408
128
13
68
704
448
4480
260
1025
67
156
4545
10240
13056
515
4096
36
2060
1
134
8198
8
224
2080
5312
80
2092
24736
396
163
12288
1152
30
8512
522
4102
3265
484
49
25472
4480
18822
4871
200
2144
456
16424
2436
0
16552
818
193
528
4144
160
35
12
84
2368
13184
778
1030
4294
2328
16832
352
16384
1888
9091
536
705
960
19376
204
16408
8
16384
775
12289
832
16388
2616
46
49
116
896
8
8
2840
783
10
6148
134
289
20528
1044
16391
1024
4633
8194
5
8219
4876
768
0
258
12302
38
48
8
12
196
208
207
2944