8192
12
8205
0
0
2
1024
0
0
512
0
0
0
0
0
128
0
0
0
0
0
0
0
0
256
2
8192
2
0
4096
1
0
0
2048
0
0
128
0
8
0
1024
8192
2048
16
0
8192
1024
2048
0
1
0
128
0
0
0
4096
128
0
0
0
0
2048
0
0
16
0
512
0
4
2
0
0
0
0
0
0
0
1024
0
0
32
0
0
8192
8
0
4
1024
128
0
8
0
128
16384
0
4
0
128
0
0
0
0
16
8192
0
128
0
0
0
0
1
256
2048
0
0
4096
16
0
4
0
8
2
0
8
0
256
2
8
32
512
0
0
4096
0
1
4
0
2
0
0
8
128
4096
8192
0
0
8
0
16
512
8
64
128
512
1024
0
512
0
4
64
1
0
0
32
8
256
1024
4096
0
0
256
0
0
0
0
0
0
512
8
2048
32
0
8
0
128
0
0
16384
8
0
0
1024
0
0
16384
0
0
0
0
0
256
2048
128
0
32
1024
8192
0
512
2048
8192
4
0
0
16384
0
64
256
0
0
32
256
8
1024
0
0
8192
16384
4
0
0
128
0
0
0
256
32
4
0
256
4
8192
64
0
1
0
0
2
8
8192
32
0
0
0
128
0