0
65504
21
0
0
4175
49491
6
15744
2052
12764
47036
33504
54976
1692
10605
16922
58227
8451
20174
30400
27581
28338
11505
2087
55964
17338
8223
2168
57664
33565
39774
31968
16564
59878
9026
245
59730
7866
15
48064
1272
42224
5954
7168
2162
20292
23902
17951
62519
5332
5301
38604
3787
33606
27741
17760
26422
5104
50827
4468
20842
8527
40894
0
25060
25934
9678
3056
54992
3328
28769
3401
29069
38552
26999
11558
18580
52302
448
17198
48235
1008
382
46
3186
20295
399
18520
954
19568
21959
19640
12451
8832
9397
39474
9293
271
45613
50093
14141
12306
1362
30224
38177
20672
127
26305
790
4544
164
7155
40188
52362
1052
26918
38350
17972
6122
11296
58254
20927
45840
10016
16682
22336
13781
15388
20784
60826
27791
44288
34885
35541
10606
8250
4822
668
40211
258
13438
40224
16598
3488
9463
5956
888
23112
20869
57824
223
60992
51111
42688
16392
3930
27333
6378
45317
39736
874
31101
2051
63992
257
580
26611
55600
532
3453
30907
330
41984
26665
47953
38901
43726
40038
2432
36480
423
15000
20732
29437
16883
81
43756
12256
1534
21756
31364
6831
54206
221
58835
1155
19816
41756
6064
556
63160
28732
21020
10057
63060
391
20644
2464
16782
2400
56763
36752
34148
14496
46934
24576
8535
19072
41231
2016
1074
4309
27469
35488
47
44904
58239
26743
50263
28064
8783
1584
19671
14874
1073
16896
9152
17112
16123
41482
47259
135
49498
3182
30197
35430
36265
25200
0
135
43173
8446
102
3954
256