35526
65504
21
72
35270
11497
2176
64499
44024
253
512
30888
256
28517
18464
4084
38644
1088
255
10262
4100
512
4608
39266
25339
1024
34
64737
2067
1064
17406
34272
11266
44768
16384
57819
1006
19918
286
193
2538
43431
59860
32
1280
7678
3244
51903
42976
40898
45244
1056
49620
44234
6672
2479
17887
1247
39654
4256
28552
54499
38528
16846
8400
7615
57275
57021
62134
39416
1279
502
268
35711
42928
33
18
55720
4224
2177
1279
1530
42285
26598
41355
44138
10686
4331
34744
43681
1215
2048
60870
10495
4
8
5376
29629
16895
24
18687
218
16639
32
49448
145
42389
3
1023
17663
256
476
16392
9214
8192
8447
34260
639
49287
509
45322
2303
1032
53638
175
510
1120
44159
60799
496
254
257
510
53626
48985
18568
37753
414
94
38085
50015
1024
131
0
8251
33651
320
16
2336
59177
63512
144
20862
8703
13302
767
4606
474
2303
12993
1
8674
74
383
2558
4697
2223
2462
16388
49718
64
61333
1277
70
8193
988
20926
3072
0
513
62092
48331
39819
51274
58192
16384
57680
24
2291
49995
31748
36673
42815
23660
53838
16
52763
4112
1044
2750
47414
72
38198
4606
3328
16895
0
25088
39476
559
48240
514
8446
18942
16635
486
8730
16762
506
64163
40355
65314
40484
464
4607
490
42136
54037
62226
18448
6681
46361
4351
0
511
20480
46116
16895
34866
54806
8194
258
62728
4224
47628
44260
511
8660
34
1006
59918
13
251
64019
49393
1