57
21
21
1023
49
36097
999
41276
98
16816
59838
1011
9420
37355
35578
57792
11470
62917
62972
255
88
159
96
4112
38120
63750
704
54641
54183
36
0
498
4096
487
31204
408
63194
94
2048
200
768
770
44745
505
2367
34317
39891
2174
22
70
966
264
254
54257
61511
7
9
459
15
46289
51162
199
193
49345
8454
2054
16384
1222
36784
192
33159
45257
784
28622
255
61852
63472
37473
3
6192
151
58737
0
0
0
2
11599
2223
16
36966
61861
4
39971
2558
48
48410
196
52701
288
4590
51608
60779
4348
968
18024
1343
446
8588
55026
640
247
499
60052
487
510
253
48529
30530
10252
54663
16434
42372
478
38
55683
120
96
41500
17
48511
510
60348
63
8
62827
35705
572
62311
49282
463
61044
55921
1983
560
38044
2051
8350
512
16885
467
128
39399
48234
457
760
1152
243
62560
40800
50944
24
255
34667
140
59740
386
3
255
24807
34103
2530
60501
45994
35947
388
193
45393
1565
133
384
4478
274
28064
34377
28
59915
61022
33432
191
16411
54594
252
1426
55869
1072
39499
4100
484
48466
280
16639
16
62530
53681
58627
59159
57913
47681
24
191
9215
38670
2048
483
16864
38610
64246
54862
49569
128
16435
0
8296
51245
13348
638
32813
512
62780
16
2558
768
18463
64325
65428
253
27432
60947
8576
118
4196
28936
50158
2072
247
44921
205
510
884
47391
16388
96
510
60931
1510
13058