16408
19982
8301
6273
8452
0
16384
16384
646
24592
193
2048
4104
16384
9224
11264
18481
16393
4618
640
8288
4096
4224
16540
9216
1032
96
1088
6152
8736
9544
642
4928
33
8262
8192
8456
9424
10376
12308
2052
8706
768
2656
10256
17576
544
1538
1794
24864
16536
8200
129
2336
1088
160
5128
8576
2592
8256
8200
96
8265
8
8480
12288
16897
512
3168
8452
1795
22532
136
1024
392
192
8225
4
16512
22566
2050
2
0
4162
290
18464
2
8268
516
259
24584
1025
130
2376
24676
8227
38
2352
608
4124
448
8480
2048
10760
8192
18960
8208
10244
209
16417
3330
352
1028
16525
288
512
17443
4098
2304
4097
24576
2052
8320
16396
4624
8
4096
2
664
5136
260
16640
5120
4114
9224
2082
2560
1536
16648
4480
1
16898
64
548
18464
8195
9220
67
18688
6914
16
32
2306
576
17956
4160
4672
1040
2064
24656
2080
24576
6656
513
18688
2560
784
33
12576
32
129
9288
8704
8208
4132
22528
1283
0
2052
4418
192
146
1065
4612
146
38
521
12288
8192
17
576
160
3584
71
5148
273
4160
2330
1024
96
1088
12428
17537
192
3136
16643
18436
24
18436
16384
8
16640
4608
273
6656
64
48
1044
18
8512
0
4104
8960
1282
1032
8196
24738
326
16512
4608
1100
2049
8
16
0
1792
9
592
8
10249
17480
262
5160
0
16
12418
16420
512
616
4112
274
64
24576
2240
5632
11269