57
18959
9293
6273
256
0
0
16384
644
25616
193
2048
8
16384
9256
2048
2081
16392
4618
136
8288
4096
4224
16532
0
3112
96
1088
6144
8224
12616
2
4928
32
8258
8192
8448
9424
26632
12292
4
4610
784
608
24592
17568
16928
514
1792
26912
16408
8
417
2848
8256
160
4104
8584
544
8256
24576
32
8265
256
8480
8192
17921
512
3136
4356
1283
6148
136
1024
16768
144
8224
4
18560
20518
2082
514
0
4098
292
22560
8194
8204
516
3
24586
1025
130
2314
28740
8225
100
6432
736
5140
448
8480
16
10760
512
2576
20
10240
8273
16929
2304
320
1028
16521
1280
514
17442
4100
2306
5120
24576
2052
192
16392
4624
136
20544
1030
664
4624
16644
256
5248
4099
9344
2050
2560
512
264
4480
257
16386
68
548
24608
8195
9216
67
19712
6400
16400
32
2310
1600
17956
4304
4672
1040
2064
25680
2176
24576
4608
513
6400
2560
528
16421
12320
32
129
13384
8704
8208
4132
16384
3331
0
2308
4416
64
402
17448
512
162
46
41
12288
8196
16
832
2208
3585
195
5140
17
20544
282
0
112
1089
4108
17411
128
3104
16643
18688
16
18436
0
8
20752
4096
276
14848
0
50
276
16
8256
1
8
8704
1282
10
8192
24736
262
136
512
1036
2053
8
112
256
1826
9
16464
9
2313
21576
258
5160
10
18
8322
16420
512
608
4112
274
66
24576
2240
5640
3077