57
18959
21
6369
49
192
6
16384
724
25712
205
2288
11
16384
9240
2816
2082
16395
4810
144
8192
4096
4224
16532
0
3880
102
1280
6336
8208
12920
2
4160
800
8258
8204
8448
9328
26632
12484
16
4612
656
592
24592
17592
16928
514
1664
26912
16408
779
417
2848
8304
187
4496
8520
550
8256
25344
32
8265
280
8384
8192
17921
592
3104
4360
1307
6338
136
1034
16768
240
8224
52
18496
20542
2066
258
24
4098
572
22563
8578
8588
516
43
24586
1025
66
2570
28740
8225
52
6432
748
5140
704
8352
16
10952
896
2568
404
10240
8273
16953
2566
326
1052
16522
1286
514
17826
4488
2306
5120
24576
2052
204
16584
4640
136
20547
1798
670
4624
16900
256
5251
4099
9280
2145
2560
536
712
4504
129
16386
72
580
24592
8195
9219
35
19904
6592
17171
32
2310
1392
17980
4310
4672
1040
2064
25686
2272
25344
4608
705
6284
2752
528
16421
13112
38
153
13448
8752
8208
4516
16384
3355
0
2308
4390
64
402
17480
522
161
78
55
12312
8196
112
64
2211
3681
371
5140
45
21324
282
0
112
1857
4111
17519
128
3856
16643
18736
22
18439
771
392
20752
4120
276
15232
3
50
468
16
8368
13
11
8710
1282
18
8408
24736
256
264
512
1036
2102
4
110
280
1826
5
17238
9
2361
21648
257
5144
442
18
8270
17188
608
992
4115
314
126
24600
3056
6020
3845