0
65504
21
0
0
32
0
0
16
4
1024
0
0
8192
64
8192
32
0
0
0
0
0
256
0
0
4096
32
16
0
0
0
64
8
0
0
0
0
0
256
0
0
0
0
32
0
16384
256
512
1
1024
2
0
0
0
0
1
0
0
0
8
128
0
0
0
256
0
0
0
8192
64
0
2048
0
0
0
0
0
0
0
2048
512
2048
512
1
0
0
0
256
1024
1024
4
1024
16384
16
16
128
0
512
1024
8
256
0
16
0
0
0
512
0
8
32
0
8192
8192
0
64
0
4
512
8
0
64
8
2
256
8192
0
0
0
0
0
0
256
0
0
0
0
0
16
2
1
8192
16384
4096
0
0
0
0
0
512
1
0
16
1024
0
0
32
4096
0
8
0
128
16
4
0
0
8
0
8192
2048
256
64
8192
0
4
16384
0
32
0
0
1024
32
64
0
2
0
4096
0
128
16
2
4096
0
8
2048
2
1024
4
0
0
2048
0
0
16384
4
0
0
0
0
0
0
128
2
0
1024
0
0
0
0
32
0
0
0
16384
0
2048
0
0
0
0
0
4
0
0
16384
0
8
128
1024
0
256
0
16384
0
0
8
0
16
0
0
0
0
0
8
1024
2
0