272
12
333
16640
18432
1024
8
2176
8194
0
144
0
64
146
32
641
268
321
1024
0
128
2
0
1
0
2064
3088
32
2
0
16
1024
16
4096
18434
66
20
4
16
0
8194
22528
64
8192
9216
0
0
257
8
0
34
32
2816
0
96
2
1028
32
34
68
0
0
8
2080
2560
1408
8192
2592
8384
8224
68
1024
2048
516
72
258
8
0
1280
4
2080
0
16384
512
16386
1024
4130
4100
40
20
2048
16384
4096
2
8194
8208
1024
16640
12
576
384
0
128
448
0
2560
640
1
1088
16
1041
2
4
17
8192
5184
3
256
256
16
520
2
0
516
4096
48
74
4096
256
152
128
1040
2060
32
0
0
328
64
8
1
128
4
8705
16896
4100
8
8
24578
5120
48
4100
128
288
1024
16408
2
8200
64
9472
0
2050
2
17408
32
544
2048
192
18432
0
256
259
16384
4224
10240
0
4232
4224
514
4
26
0
8200
1024
0
0
16
36
4096
4096
8192
64
3072
0
4
16416
8512
8208
8256
16
1152
0
32
16385
0
0
16386
8192
136
130
513
0
16384
4
66
4
4
1024
16513
1032
5
768
16
4096
16384
1
8704
3
3072
16384
1280
96
8
2
4101
16416
8704
24
129
640
1088
0
2056
16
1
8448
4128
262
0
48
4102
16385
0
16384
6144
256
2