0
12
13
2048
0
64
0
8
0
4
0
0
0
0
128
0
0
0
0
8
512
0
4
1024
0
0
0
0
512
0
256
4096
0
0
0
0
1024
512
512
128
4096
0
0
64
0
0
0
0
8192
0
0
0
0
128
1024
256
0
0
16384
2
0
2048
256
256
16384
16384
32
0
0
512
0
16384
0
0
0
0
1024
1
1
0
0
512
16
4
0
2048
0
0
128
0
0
16384
16384
1024
16
0
32
4096
0
0
0
1
4096
0
128
8
0
128
512
0
8
0
0
2
0
0
16384
2048
0
4096
512
4096
256
16
0
0
0
2048
64
0
256
1024
0
128
64
0
0
512
4
0
2
0
0
0
8
0
0
0
0
512
32
0
512
4096
128
0
32
0
128
32
0
64
0
8
0
8
0
0
0
512
4096
0
0
1024
8
128
512
8192
16384
2048
128
256
0
256
0
0
64
0
1024
0
0
0
4096
32
0
0
0
0
0
2
64
0
1
128
4
16384
0
0
0
1
0
8
0
0
4096
0
0
4
0
8
2048
0
8
0
0
2
1024
0
8
0
0
2
1024
256
128
0
0
0
0
0
0
1024
256
64
2
16384
128
0
0
0
0
0
8192
256
0
0