57
16388
5
256
18496
0
4104
2176
514
1
16
8192
1089
130
32
8705
260
257
0
64
4096
258
0
0
128
2064
2128
36
130
0
16
0
80
5120
18433
130
8212
4
4176
0
8200
20496
0
8320
1024
0
4
129
8200
0
16416
1
768
64
32
128
17408
32
2080
4
128
0
10
2048
2048
1408
8704
544
8320
33
16452
1024
1
532
0
2
8200
1024
1280
4
34
4
0
576
16384
1088
4128
4096
40
2064
2048
1
4096
2
34
8464
1088
258
20
704
1408
128
256
384
0
2576
640
1
68
80
5136
0
0
17
8192
4096
3
1024
0
16
512
514
0
4
4608
560
72
4112
0
8216
1152
16
2052
0
8192
0
584
64
8
0
16512
36
8712
512
4100
12
16
16386
5121
52
4100
0
32
4096
16400
6
8192
64
8448
64
514
2048
16392
16416
288
2048
8320
2048
0
0
3
16384
4224
2176
0
4224
4228
514
10244
50
0
8192
1024
0
16
16
8228
4160
6144
512
0
1024
32
0
16512
8448
8216
64
16
1184
2
2080
0
4
0
2
8192
136
130
9
0
16416
132
0
64
12
0
16385
1025
5
512
8208
32
128
1
8192
2
3074
2
1280
96
8
2
5
16385
516
28
129
128
320
0
2056
144
0
256
32
6
0
48
4100
16400
0
16384
2048
256
258