57
65504
58371
37629
49
54523
4343
64882
514
47862
35334
8447
1089
380
223
27872
37850
61934
21212
446
4351
38888
45544
510
382
1015
45716
219
130
255
45265
42721
80
51934
18943
130
8682
61663
4176
57560
8694
20974
255
8320
1534
0
4
126
8439
0
16862
511
57036
446
32
382
17663
223
2271
40128
37443
40129
60876
705
2048
1408
63224
544
59452
33
61950
1024
1
532
0
508
8200
1024
1202
4
46034
65193
510
51819
9644
1088
4319
4096
40
2064
2303
61347
4351
31211
55935
8430
1215
42048
490
575
1408
33051
256
383
0
3054
5698
1
39532
35299
5614
510
49551
20493
59277
4351
36495
1024
0
239
767
1020
255
4
54658
974
183
46481
0
54885
1152
38154
2052
0
6778
26610
950
191
8
0
16766
26049
8951
1022
4602
6608
58750
5852
4461
52
42712
0
32
4096
16400
249
30920
64
8448
23810
765
38078
16392
21749
288
2303
8320
2048
0
255
64083
55893
4478
2176
510
4478
4228
1020
54601
65407
50070
45131
1534
0
239
16
8411
56965
63555
50755
510
33154
64096
0
13502
8448
8216
446
239
1184
2
2271
0
4
64563
2
5014
119
130
37479
0
16607
132
45099
191
498
0
55078
59431
55071
512
50450
42562
128
37185
8192
2
51487
32826
1280
159
8
62740
250
16385
41488
59639
126
127
447
23072
2550
144
255
511
32
45584
48135
48
4100
16400
47621
58628
2048
256
509