47673
65504
21
0
0
18417
56561
62052
64762
29677
5116
50932
1089
380
223
37043
37530
58077
42424
446
4351
11731
25042
52711
382
65502
60768
219
56166
60642
31577
60773
38416
32957
18943
130
8682
57786
4176
49329
8694
20974
43733
8320
50130
0
42152
126
61127
0
16862
15974
47768
446
39402
52551
8903
40614
63141
14469
57547
14212
56206
64898
2048
1408
52208
544
45048
39575
41912
1024
48825
37323
0
508
43376
1024
22728
55989
26498
38151
58028
37144
2904
747
4319
4096
40
56503
48037
56045
4351
62420
13507
8430
1215
18302
490
52956
1408
438
54938
50712
44952
3054
10756
1
5416
4982
5614
39712
33311
8265
13993
4351
7451
1024
0
37496
767
1020
45445
59273
38662
974
183
23314
49024
35556
44924
49793
2052
0
41192
53220
950
191
8
0
16766
43290
8951
1022
45418
12718
24776
44067
3801
52
15788
63337
32
41934
16400
30915
53648
55971
8448
24869
765
51163
15974
2665
288
2303
5684
47794
0
255
62121
29866
38866
2176
510
4478
31780
1020
33175
65228
34094
10977
1534
0
43319
45911
8411
18191
55175
35462
510
65284
62624
0
55866
58685
8216
446
23139
1184
2
2271
40246
4
63335
45877
1836
49576
47794
63732
36910
16607
64176
24662
48873
54555
0
27725
52301
10638
512
26933
1926
39106
8833
8192
2
18777
114
1280
159
8
54852
34321
16385
16677
53515
126
63377
34000
61536
2550
144
255
62987
32
25626
5657
48
12306
16400
29706
35336
3
45058
509