51513
65504
491
4414
49
35066
5078
8668
34795
52119
63407
16384
255
49687
20740
8955
9344
618
3304
767
2052
53760
495
37605
55785
64692
64977
18
35
28672
4348
24830
58080
19421
8446
380
1026
6327
2141
2068
34152
39098
2302
1426
17025
255
24
54546
38347
1160
576
1536
2042
64
45220
16448
9224
12654
46070
17
4862
384
511
1534
648
990
39866
1
4316
12670
6527
190
22529
8200
45494
16
1540
45939
10491
2266
9589
382
36
40879
272
36381
4350
59855
3071
40233
64
8225
4602
32582
8740
17664
16389
10142
257
43455
28927
46237
1706
43247
12031
192
2047
2966
53654
1530
0
506
1022
17436
36076
39307
2551
4526
140
63623
4098
30205
2223
17012
49019
18562
64908
53505
1132
189
14596
24949
11264
52603
10556
353
6274
9719
8398
1056
130
2299
544
735
16513
25575
31486
9212
38911
41836
4224
55524
58191
8192
46313
60004
16385
9075
62928
59234
57774
5243
55381
1015
2049
52892
511
25071
53842
52055
751
9647
96
16388
60523
54591
10884
42584
46493
462
2155
52361
32907
9472
0
2303
14071
1271
64
1745
1466
2306
54378
1455
488
1274
47930
47195
63050
49369
56792
544
59444
38945
503
53265
1503
139
8975
34131
50061
4096
45358
407
61482
254
18692
121
2143
366
60545
12799
27578
17480
4
54814
560
635
45320
8718
446
68
767
49358
245
46358
17408
497
5458
42414
763
529
53625
52555
57116
0
10498
44807
62214
17601
498
43631
4599
61185
16762
8615