0
12
16397
8
32
0
4096
0
0
512
1024
0
0
16
0
0
8
0
0
0
0
64
128
8192
16
0
0
0
2048
0
0
2
0
1
8
2
0
256
0
16384
4
512
0
0
4096
2
0
64
2
0
16384
128
8192
1024
512
4
0
64
16384
8
0
0
0
16
16
2
0
0
32
64
0
0
0
0
0
0
256
512
0
0
16
0
0
256
0
2
0
128
0
0
1024
2048
0
2
8
512
0
0
0
0
1
256
0
0
128
16384
0
0
512
0
32
2048
16384
4
0
0
4
0
512
1
1024
8
0
0
1024
0
0
0
512
1
0
0
1
0
0
0
0
0
0
1024
8192
0
8192
512
0
4
0
0
16384
256
0
32
2048
2048
0
0
0
0
4096
256
8
0
1
16384
2048
0
1
0
0
0
256
0
16384
1
1
8192
0
256
0
0
0
16384
0
0
0
256
0
0
0
0
0
0
0
0
1
2048
8
0
0
0
32
256
2
0
128
128
0
256
2048
0
0
0
0
0
512
8
0
1024
0
16
0
0
128
128
512
512
8192
256
512
0
8
0
16384
0
32
8192
0
0
32
0
2048
2048
256
0
4
0
32
16384
0
0
8192
16384
4
64
0
2