256
12
16397
264
32
8192
4224
16
4
512
1024
8192
2
16
16384
8192
8
256
8
8192
64
16448
1152
8256
16
4
8192
1
2048
4
0
2
8192
257
8
2
8192
256
64
16388
4
1536
0
0
5120
514
0
64
130
0
16384
128
8192
1024
768
4
0
4160
16384
8
0
0
2048
16
16
4098
128
2048
8224
64
0
0
0
0
16
0
8448
512
4096
0
16
0
0
256
0
2
0
128
0
0
1088
2048
128
3
8
2560
4096
0
0
16384
0
256
0
0
129
16640
0
32
512
0
4128
2064
16384
16388
1024
8
4
0
512
1
1028
10
0
512
1032
4096
2
2048
512
1
0
0
16385
0
2048
4096
0
1
0
1024
8192
2
0
512
2048
16388
0
2048
16385
384
0
32
2048
2064
2
4
0
1
5120
272
8
0
5
16392
10240
4096
1
64
256
16384
260
0
20480
4097
1
8192
2048
256
64
8192
1024
16384
0
0
0
256
1024
2048
32
512
4096
0
0
1024
513
2048
8
0
1
1
32
256
2
1024
128
640
2048
256
2048
1
64
4
0
512
576
4104
0
1024
2048
272
0
32
128
4224
516
4608
8320
8448
512
0
520
256
16384
0
32
12288
512
16
48
1024
2048
2048
256
512
4
64
1056
16385
0
0
8192
16386
5
4160
8192
18