57
12
16525
264
32
8704
5248
2064
2052
576
1024
8192
66
8208
16384
8192
1032
272
8
8192
80
16448
1152
8768
16
4
12288
1
2048
516
0
1026
10240
273
2056
2
8704
384
576
16388
4
1536
32
0
5152
514
0
192
130
512
16384
128
8224
1024
768
20
2
4192
17408
8
4096
0
2048
18
1040
4098
129
2048
24608
64
16384
0
0
0
16
0
8448
512
4112
0
16400
0
0
272
0
2
0
16512
256
0
1088
0
160
3
10
2048
4096
0
2048
24576
16
8448
0
1024
131
16656
2
32
512
128
4128
2068
20480
16384
1024
16392
4
1
512
1
3076
10
512
512
1032
4608
0
2304
512
0
256
2
24577
4
2048
4096
8192
1
32
1024
8196
2050
0
576
2080
16388
1024
2048
16641
416
0
34
2560
2064
130
4100
256
1
5120
336
8
0
21
16392
14336
12288
257
64
260
16384
268
0
20480
4113
65
8192
2048
256
64
8320
1024
16448
0
0
0
256
1024
2056
16416
512
4096
0
128
1026
513
2050
0
0
1
16385
33
256
18
1024
128
4736
2052
256
6144
1
72
68
0
512
577
4104
0
9216
2050
272
512
32
8320
4224
516
4616
8384
9472
512
0
776
0
17408
0
32
12288
528
16
304
1024
2304
2048
256
512
1028
4160
1064
16385
0
16384
8192
16390
5
4160
8196
2