37945
65504
21
0
0
8959
5248
2287
2554
43319
1279
8192
66
31990
16384
8687
1526
53725
47332
8702
80
55318
1151
9150
16
4
12798
511
2303
57063
48865
1532
10240
273
58001
65247
55003
43830
576
16890
41180
57559
223
58325
5152
765
47314
47119
24605
32924
16384
128
8224
1534
1023
490
2
4510
51140
55169
4096
255
2558
18
51408
43201
383
2048
62684
38778
16384
255
0
37998
53190
510
8448
50867
4590
32608
62623
510
34990
238
510
35496
50602
16766
52984
0
1088
63651
350
3
17742
16514
44446
0
413
22684
16
8703
64921
1024
59924
51111
508
223
1022
127
4319
42149
17808
13965
1024
16886
59271
33676
767
511
3076
56977
41094
40579
38523
5118
34946
2304
512
255
256
2
39673
60031
55674
39801
8192
511
32
1024
8196
2556
0
576
2080
16388
1534
41178
38617
416
510
34
37734
43639
380
4100
62051
62564
5630
38321
247
0
49523
16631
11355
12288
255
64
250
16384
48738
0
20480
4334
56848
8192
2048
47694
64
7117
1534
16830
59210
510
510
254
34373
2295
16416
1022
4096
25216
40383
1026
513
2301
510
510
511
16385
60695
511
492
61747
382
47539
64813
49969
6144
42332
39443
45425
0
512
577
4343
255
4725
2050
61493
34340
32
8574
4478
59172
4616
54750
58651
44600
58651
776
510
17663
510
34548
11029
751
494
36576
1534
41230
40207
40718
41228
1275
47561
21483
16638
510
16384
8447
16633
5
4287
8196
2