1024
12
13
2048
8
66
64
8
0
4
0
2048
2048
0
160
8192
256
16
8
8
514
1
4
1024
0
16384
32
0
512
0
256
4098
0
4
16384
0
1025
512
512
128
4104
32
64
64
0
8
0
4096
8192
2
4
0
32
2176
1024
1280
0
0
0
2
128
2048
256
16640
17408
16384
36
8192
0
640
0
16384
2
256
0
0
1024
1
1
0
256
512
16
0
16
2048
8
8
0
0
0
16640
0
1280
16
0
48
5120
256
512
8192
257
4096
0
640
24
16
128
512
1
264
0
0
514
64
0
16384
2048
512
4097
8704
4224
257
0
32
256
0
2048
64
0
768
1026
256
0
64
2048
2
512
4
0
258
0
0
0
8
0
0
1
4
528
1056
0
512
4096
128
0
2080
64
0
32
0
0
4096
8
64
12
0
8192
2
544
4096
16
0
1024
8
8320
512
8192
16384
2048
128
0
4096
4352
0
1
576
0
3072
0
256
0
4608
32
1
1
0
4096
256
3
64
1
1
128
6
16384
1
2
256
1
0
16392
0
4096
4112
8192
0
4
0
1032
2048
1024
8200
128
64
0
1024
0
8
0
256
514
1024
256
192
1024
0
0
0
128
0
1026
256
64
2050
0
640
4096
0
1
0
128
8448
260
0
64