37945
65504
21
58877
0
8959
5248
2287
2554
19493
65525
42997
66
31990
1266
8687
1526
53725
47332
8702
80
55318
1151
9150
16
4
58084
511
55779
19117
48865
52189
47072
273
28237
65247
55003
43830
20468
16890
21172
57559
223
33194
5152
765
25764
47119
24605
4715
58574
128
50668
52169
58057
490
43210
4510
51140
52038
31368
255
2558
31892
51408
43201
383
2048
57172
38778
62394
40120
0
37998
53190
36712
8448
44134
928
32608
62623
36013
8970
63387
38826
35496
50602
16766
52984
0
1088
63651
19110
3
3986
3012
17470
16861
413
3897
16
56730
46951
50073
37292
51111
42642
223
1022
127
4319
42149
17808
49692
1024
25360
23455
33047
44681
511
36748
56977
41094
15624
38523
5118
3844
2304
512
37246
33406
35967
39673
60031
55674
39801
64888
511
32
1024
57464
46447
0
576
2080
8563
1534
41178
38617
416
510
34
9166
43639
21320
47465
62051
62564
50528
38321
247
0
33745
16631
11355
12288
255
38809
15786
51118
48738
39765
20480
4334
46690
59729
38224
47694
64
7117
1534
9737
48276
25232
510
254
34373
53308
16416
1022
4096
25216
40383
46657
57151
2301
510
510
511
16385
59727
14701
492
61747
63666
24345
64813
49969
6144
42332
39443
45425
0
58411
28053
4343
57383
4725
56360
61493
34340
32
47520
4478
59172
48423
41212
36949
19796
58651
46140
510
59927
510
34548
58922
751
494
13810
1534
11294
40207
40718
41228
1275
47561
21483
16638
45062
16384
45829
57347
5
4287
2566
2