37945
21
21
3
52744
63241
5248
2287
10762
20535
65525
14347
66
42256
1266
8687
1526
41471
9480
8702
80
55318
1151
9150
16
65078
49944
511
55323
53991
18205
52189
44064
273
28237
58219
50979
43830
20468
16890
22276
44923
32051
33194
5152
10673
25764
29293
24605
4715
53754
128
50668
52169
58057
64710
43210
4510
51140
52038
31368
255
2558
50450
51408
43201
19459
12422
57172
38778
62394
55764
0
37998
8282
36712
33688
44134
928
42494
52031
36013
8970
63387
38826
35496
50602
7212
52984
23218
1088
63651
19110
8381
3986
3012
60670
4961
413
3897
16
56730
46951
50073
36988
55929
45114
223
1022
19213
3515
42149
17808
49692
1024
25360
23455
33047
44681
511
36748
13699
41094
15624
13683
36338
23040
2304
37120
4224
64906
52875
5121
60809
55674
44679
64888
511
32
1024
57464
46447
58140
576
2080
8563
1534
41178
38617
60106
510
34
9166
43639
39344
35487
62051
14238
50528
27693
247
21124
42585
8579
11355
61258
43595
38809
15786
38656
48738
44715
44888
4334
9498
59729
38224
43440
64
37171
48334
35699
48276
47102
47982
254
43449
50610
16416
1022
4096
25216
40383
46657
57151
2301
510
510
511
16385
60127
14701
492
22217
63666
24345
24265
49969
6144
42332
45915
20247
0
58411
59713
4343
57383
45607
8156
61493
48604
32
22296
4478
59172
44715
35400
36949
19796
58651
52232
35276
25575
38352
34548
58922
751
54216
34254
988
60926
40207
64726
41228
1275
46003
36823
16638
46582
16384
45829
57347
5
44217
2566
2