4096
8362
16463
108
770
4114
18496
16417
6408
16385
770
0
20
4226
6338
20480
4611
13440
16928
4
16396
3
4364
785
12818
6177
257
4122
2064
17440
2112
24
204
1024
2112
5888
740
520
193
4
16389
8465
2
0
8456
14337
513
10816
4174
0
24736
1026
16394
800
7716
1280
18437
2336
516
4260
4244
86
1090
8488
22544
8577
1042
16898
2
98
10272
32
2
16388
8328
4288
12609
8352
1280
144
516
12305
960
4640
4237
328
152
4098
8257
16898
4196
6288
2065
1
272
2072
8512
17424
20512
16417
2048
34
6
129
4400
1024
10240
6400
24642
16392
17432
274
16400
640
1692
20482
88
66
160
8
4224
208
70
13
672
282
2112
73
130
9
1824
18176
80
2114
17424
2048
17408
1812
24609
8195
340
2064
12362
1107
8273
1
8704
3
770
0
728
2073
4258
9226
8256
1796
12803
20999
16433
5
4256
4098
10666
32
18498
1345
1060
128
34
3072
20548
4609
4097
16642
10402
9472
2
4610
1
4609
16392
4480
2560
16449
4240
3105
8
12
23812
294
4232
140
8204
8404
4226
66
16673
18
41
1024
10432
152
16896
3090
1280
304
16416
514
1040
9238
2056
642
64
896
25088
4672
17420
3116
144
4865
8224
2337
27648
2
393
6146
25
2208
16392
145
514
2056
2
2434
800
177
6147
16897
16
5504
16417
24581
3072
17408
24592
1106
2178
9984
130
152
18444
2566
640
4106
24640
160