4096
8362
16399
104
770
4114
18496
16417
6152
16387
770
0
20
4226
2242
20480
4611
13440
16928
0
16396
3
4108
785
12306
6145
8449
4106
2064
1056
64
56
204
1024
64
5632
740
520
65
0
16388
8464
2
0
8456
14337
513
10304
4174
2
24736
1026
16394
768
6692
1280
18437
2336
516
4260
148
86
1106
8488
22544
385
1042
16898
2
98
2080
32
10
16388
8328
4160
8513
8352
256
16
512
12305
960
4640
4109
328
24
4098
65
514
4192
6288
2065
0
272
2064
320
1040
20512
16929
2048
34
6
129
4400
1536
14336
6400
24640
16392
1048
258
16400
640
668
20482
88
66
160
8
4480
144
66
16397
640
266
2112
9
128
9
1824
17152
80
2114
17424
2056
17408
1812
24577
8195
340
2064
12362
83
8281
1
8704
8195
770
0
720
2077
4258
9226
8256
1792
12803
16903
16401
5
4256
4096
10664
16416
18496
1345
36
0
34
3072
20548
4609
4097
16642
2210
8448
2
4611
1
4865
16384
4352
2560
65
4240
3105
8
12
21764
294
4232
141
8196
8276
4224
66
16672
18
9
1024
10304
152
16896
19474
1280
304
24608
514
1040
9238
2056
130
64
896
8704
4672
17416
3108
144
769
8224
2336
11264
2
393
2050
25
160
16904
17
514
2048
2
2306
800
176
6147
16897
48
4480
33
24583
19456
16384
8208
1042
2690
9984
8322
152
18444
2054
2688
4104
24896
160