0
65504
21
0
0
4114
18496
16417
6152
16387
258
0
4116
4482
2242
21504
4611
13440
16928
0
16396
1027
4100
784
12306
6145
8449
4106
2064
1312
1088
56
204
1536
64
4608
740
8
321
1
16388
8464
6
16
8460
14337
513
10432
78
1026
24608
1026
16394
768
6692
1280
19461
2336
516
12452
144
1110
1106
8488
22544
2433
1026
16898
2
98
2080
32
14
16388
8328
4160
8513
8608
256
144
640
12817
992
6688
4101
328
24
4098
65
1538
4192
6288
2065
2048
16
2064
320
1040
4128
16929
2048
34
4102
145
4400
1540
14336
6400
24640
16392
1048
258
16400
642
17052
20610
600
64
160
8
4480
2192
16450
16461
642
267
2048
4105
1152
8
1824
17184
1104
2118
17425
2056
17536
1812
24577
8195
84
2064
8266
67
8281
2049
8192
8195
17154
0
4816
2069
4226
9226
12352
1800
12802
16901
16913
5
4256
4096
10664
16416
18496
1353
36
0
34
3072
20548
4613
4609
258
2214
10496
10
4611
1
4865
16384
4352
2564
577
4240
7201
2056
12
21764
292
4264
141
12292
8276
4240
74
17184
18
9
3072
10304
156
16898
19472
1024
4400
24608
518
1104
9238
2072
130
64
9088
8706
4674
17416
11300
144
833
8224
18720
11266
514
397
2050
27
416
17032
25
4610
2048
2
2304
800
176
6275
25089
48
4480
33
24583
19456
16384
8272
1106
2690
9985
8322
152
18444
2054
2752
4104
24896
160