252
65504
19
249
49
4882
18866
16449
6347
16483
636
0
4331
4355
2620
21600
4857
13439
17119
0
16627
1411
4299
880
13036
6241
8435
4596
2284
1368
1195
289
972
2040
64
4611
985
310
445
403
16715
8591
486
223
8434
14337
513
10456
125
1265
25054
1148
16586
768
7130
1280
19738
2374
708
12381
356
1494
1106
8919
22755
2847
1666
17277
283
381
2782
477
508
16388
8303
4536
8316
8537
511
915
1023
12941
536
7134
4101
182
0
4220
66
1996
4195
6291
2543
2144
995
2275
326
1271
4542
16935
2276
34
4408
355
4400
1691
14339
6496
25021
16569
1255
514
16861
738
17122
20605
683
446
96
244
4416
2065
16547
16514
666
245
2432
4111
1382
104
2003
16862
1104
2536
17928
2806
17789
1812
24589
8195
167
2415
8373
439
8294
2481
8423
8510
17406
0
4819
2261
4476
9579
12320
1800
12804
17142
17298
500
4204
4096
10410
16679
18878
1225
163
159
479
3135
20603
4895
4862
252
2214
10242
519
4926
1
4601
16389
4601
2819
580
4462
7263
2440
500
22011
234
4264
106
12347
8234
4105
171
16991
368
169
3576
10431
156
17149
19741
1279
4403
24640
248
1096
10006
2303
260
62
8991
8754
4674
17424
11483
240
858
8239
18720
11650
1008
445
2352
27
295
17128
352
4610
2534
13
2496
830
333
6275
24833
43
4504
222
24967
19609
16881
8367
1122
2690
9727
8321
614
18492
2144
3057
4319
24896
350