57
15
13
72
49
2560
256
0
4
0
16640
8704
576
1032
272
64
1024
16384
1
1028
64
128
1024
8208
34
4112
1024
160
132
32
0
256
20480
16
0
5122
4224
8192
64
8208
4096
1536
8200
64
129
128
289
25088
0
2
4353
1152
8224
16512
608
128
256
16388
2240
512
1024
4160
64
0
272
1
12288
128
1
528
20
8192
16384
0
0
8
512
1024
260
16384
128
8
16384
8456
0
320
2048
2560
0
8196
1040
64
4096
512
0
128
2052
256
256
96
4100
9
18944
4098
32
6
2052
32
0
2050
0
4
1
4160
8
1536
16
6144
1024
548
0
8194
0
4096
1024
256
16
1024
16
2176
0
128
2048
4096
0
3
16
8192
1024
0
4096
4096
2112
129
8192
5
128
64
2
576
2048
1024
256
2
4
64
0
0
3072
641
17408
0
72
2336
4608
8224
20544
8192
2
160
1025
0
64
64
16384
256
4616
1538
0
32
2048
1025
4608
2048
16
1
8708
129
5
9
8
0
8200
16388
2
20488
0
12800
3104
1
20
2
0
0
128
8200
68
512
2048
0
0
512
0
0
16
32
8192
4608
16384
129
265
10240
1024
1032
12288
10
8320
0
512
16384
8
8
20484
1
1152
1026
4096
8
512
128
0
8324
64
2080
8
16528
546
2
32
260
2081
4
16
4096
0
288