0
21
0
0
0
0
1024
16384
4096
128
1024
0
16384
1
0
0
256
2048
0
32
8
0
16384
256
0
0
0
0
256
256
0
8192
0
512
0
256
0
1024
16384
1
0
64
16384
0
128
2
0
256
64
256
256
0
0
512
0
8
0
16
0
256
8192
16
1024
0
16
4096
0
0
0
0
0
64
0
0
0
0
512
0
0
16
8
0
512
0
32
0
2
0
0
64
8
8192
1024
128
0
128
2
1
8
0
0
32
0
0
8192
64
64
8
8
16
0
0
0
0
0
0
1
0
16384
2
4096
0
4
0
0
0
4
2048
0
0
0
0
1024
4
0
0
0
2
0
0
512
0
0
0
256
0
0
8
0
4
64
2048
8192
0
0
64
0
0
1
0
0
64
4096
8192
4
0
0
0
4
4096
0
1
0
0
0
0
16
0
2
0
0
0
0
4
0
64
0
0
16
2
0
512
8
4
128
0
1
0
0
0
16384
0
0
0
64
0
4096
16
2
0
0
0
0
0
8192
0
0
0
512
0
0
0
0
16
8
16384
16
8
0
8
8192
0
2
256
2048
128
8
1
512
16
8192
0
0
0
0
8192
256
1
0
0
0
0
512
0
0
0