57
18959
8213
6368
49
193
6
16384
724
25712
8397
2289
11
16384
9240
2816
2083
16395
4810
144
8192
12288
4224
16404
0
3880
102
1280
6352
8208
12920
2
20544
864
66
10252
8960
9296
26632
12356
8208
4612
656
592
24600
17592
16992
514
1664
26914
16408
779
417
2848
8240
179
4500
8520
550
8257
25408
32
8521
272
8384
8320
18177
1616
3106
4360
1051
6338
136
1034
16768
2288
8480
52
18496
22590
18450
258
280
20482
568
22819
8578
8652
532
16427
24586
1281
66
2570
28676
8225
20
6432
748
5268
705
12448
16
10952
896
2696
916
10240
8273
16441
2566
326
1052
16778
1286
770
17826
4488
2306
5120
24576
2054
716
17608
4648
8
21571
1286
670
4656
17924
256
5763
4097
9792
2145
2560
600
8904
4248
4225
16386
328
580
24656
8323
9251
35
19908
7104
17155
4128
2310
1392
17980
4294
4928
1040
2064
25686
2272
25344
4608
1729
6284
2784
529
16421
4920
38
153
13480
8752
8208
4484
16640
3355
1
2372
6438
576
400
17992
522
161
74
567
8216
8198
112
192
2211
3681
4467
5652
45
21316
282
256
112
1859
4127
17519
136
3856
16643
18480
30
18439
771
394
20816
4120
277
15232
3
8242
468
8208
24752
13
2059
8710
1282
8210
8409
24736
257
328
512
1292
2102
4100
2158
344
1827
133
17366
9
2361
21656
257
5146
1466
18
78
804
736
992
12307
2362
118
16408
7152
6020
3845