8249
18975
21
6368
49
192
4102
16384
660
25680
8393
2289
16395
16384
9224
2832
2091
16395
13002
144
8192
12288
4224
18452
0
3880
102
1792
6352
16
14968
2
20545
864
66
11276
8962
9296
26632
12356
8208
4612
657
80
24600
17592
16992
514
9856
26914
16410
17163
417
2848
8240
179
4500
8520
550
24641
25416
96
8521
274
8384
8320
18177
1872
11298
4872
1179
14530
136
1290
16768
10480
10528
20
18496
22590
16402
2306
280
4098
568
22819
8578
8652
1556
16555
24586
1297
66
2634
28740
8225
20
6496
748
5268
193
12450
1040
10952
928
2696
916
11264
8305
16441
2566
326
1052
16778
1030
770
26018
6536
2306
5124
24576
2054
708
17608
4648
520
5187
1286
670
4656
17932
0
5762
4113
9728
2145
2562
600
8920
4280
4225
16402
16712
580
24656
8835
9763
39
19908
15296
17155
32
2310
1392
17964
4166
4928
5136
2064
27734
2274
26368
12800
1761
6284
2788
4625
16421
4924
38
153
13992
8752
8208
5508
16642
3359
9
2373
22822
576
384
17992
522
163
74
567
10264
8198
48
192
2211
3685
4475
5716
47
21316
410
257
1136
1859
4127
17511
2184
3856
16643
18480
30
18439
779
398
20800
4112
279
15232
67
8242
476
8208
26800
13
2075
8838
1282
8210
8665
24752
257
328
512
1292
2102
4228
2670
88
1825
8325
17366
8201
2345
21656
2305
7194
1466
18
74
868
736
5088
12307
3386
119
20504
7152
6028
3845