1025
12
525
2064
4104
64
65
8
16384
4
0
2056
2050
64
160
8256
288
16
8
136
515
1
4
3072
64
16384
33
1024
2560
512
272
4098
128
4100
24576
8192
1
512
513
128
4104
1056
96
64
4
8
0
4352
8208
2
4
0
32
2208
1056
5376
0
16384
0
2
128
2048
256
16640
17472
16388
36
8192
0
640
256
16384
2
2304
32
32
3072
1
1
0
320
512
16
0
16
2048
2056
8
0
0
4096
16640
0
1024
1040
1
48
5122
256
8704
12288
259
4096
128
640
24
1040
128
512
1
264
16
4096
1538
96
0
16384
2064
1536
4101
8768
4224
289
16
32
264
0
2048
64
0
2816
1026
8448
0
1088
10240
2
514
516
0
258
1024
2048
4096
8
0
8192
1
0
528
1056
1
512
4096
160
0
2080
72
8
32
16
512
4104
8
320
268
512
12288
2
544
4096
528
0
1024
8
8384
4608
0
16416
6144
16512
1
4608
4352
0
9
16960
0
3072
0
1280
0
4608
4128
3
9
1024
4096
256
3
64
1025
4097
128
6
16416
1
66
256
257
0
16904
1024
0
4112
8194
0
4
512
8
2048
1056
8264
384
64
32
1536
16
136
2048
256
514
1152
256
1216
1152
8
32
0
8320
16384
1026
272
64
2050
0
640
4096
0
1
2048
192
8449
260
512
64