57
18975
21
4320
49
192
4102
16384
532
25936
8393
2289
16395
24576
8200
3856
2347
16395
13002
2192
8208
12288
4225
18452
0
3880
102
1808
4304
16
14968
2
20545
864
2114
9228
8994
9552
26632
12868
8720
4612
665
4176
24632
17593
17120
4610
9856
26914
16410
25355
16801
2849
8240
179
4500
8520
518
24897
25416
32
9033
338
10432
8324
18177
1873
15394
4872
1179
14530
8
1322
16768
10480
10528
20
18497
22590
16434
2322
280
4106
568
22819
8578
8524
1557
16547
24586
1297
8258
2634
28996
8225
4116
6500
748
5300
449
12450
1296
10952
928
2700
916
9216
8305
16441
2822
262
1052
16776
1094
770
30114
6536
2306
5132
25088
2054
708
17608
4648
520
5187
1282
670
4656
18188
16
5762
5137
9730
3169
2562
600
10968
4264
12417
16402
16712
588
24664
8707
9731
38
3524
15296
17155
33
2308
1360
17964
4166
4944
21520
2064
27734
2786
28416
12800
1761
6284
2796
4624
16389
4916
1062
25
14056
8816
8208
5508
16642
3359
13
2381
22790
512
384
26184
650
163
74
567
10392
8198
48
192
2211
3685
4475
13908
303
21348
16794
257
1136
1859
4127
17511
2185
1808
17667
18480
30
18503
1803
398
20928
4114
279
15233
8259
24626
476
8192
26800
13
2075
25222
1282
8210
8665
24752
257
330
520
3340
2102
4229
2686
88
1569
8325
17374
8201
2337
21656
257
7178
1466
2
4170
612
736
5096
12307
3386
1143
20504
7088
1932
2821