57
19425
21
4127
49
192
4102
16384
532
26031
8393
2062
16628
24831
8200
3856
2347
16395
13108
2414
8208
12543
4225
18922
510
3798
102
1808
4304
494
15238
2
20927
927
2114
9228
8924
9390
27126
13242
9198
4612
665
4176
24632
17735
17182
5116
9855
26914
16613
25588
16801
3038
8240
179
4500
8520
761
25022
25527
478
8887
338
10303
8570
18177
1873
15394
5111
1179
14530
247
1493
16768
10255
10528
20
18879
22590
16589
2284
487
4106
966
22749
8573
8370
1770
16547
24821
1263
8636
2634
29115
8671
4331
6500
786
5300
318
12636
1296
11062
863
2700
875
9216
8305
16582
2808
262
1251
16759
1464
770
29788
6519
2306
5363
25088
2054
826
17463
4648
759
5308
1282
670
4656
18188
494
5757
5137
9730
3230
2813
679
10968
4183
12414
16402
16712
588
24998
8707
9980
217
3130
14910
17404
479
2298
1360
17964
4281
4944
21743
2542
27734
2844
28416
12800
1823
6514
2579
4847
16634
4916
1062
25
14056
9102
8686
5508
16642
3359
242
2227
22790
767
384
26295
884
92
436
567
10343
8696
462
192
2211
3685
4484
14250
209
21348
16794
510
1136
1980
4320
17560
2185
2031
17667
18480
30
18503
1781
398
20928
4333
279
15233
8259
25036
34
8447
26800
499
2075
25222
1533
8429
8486
24752
510
330
759
3314
2249
4218
2686
167
1758
8325
17374
8201
2271
21607
255
7413
1092
508
4277
612
736
4630
12307
3386
1143
20966
6991
1650
2811