57
21
525
2076
49
72
1025
24
24584
2052
128
2312
2
320
2208
8264
8480
48
8202
3208
545
9
132
11328
2
16896
2049
1088
512
576
786
4098
16512
260
24600
8768
1025
2816
1
2176
8
1060
9312
65
12
8
0
4384
14352
18
8192
512
100
2208
1064
5122
0
16388
0
8258
128
2056
256
24832
25664
4
32
8256
512
2176
256
16384
2
2304
33
33
3073
0
3
8
320
576
16
0
20
19456
2048
12
0
32
4104
20736
130
3072
1552
16385
16
5122
256
8704
12296
291
4104
130
2176
24
3088
208
1536
1
264
16
4096
1570
616
32
16896
2066
17920
4101
8256
4228
4385
16
289
296
4352
2064
5184
0
2818
9218
8456
8
3136
10240
6
534
518
2560
258
1156
2048
6145
8
520
8192
0
130
16400
3105
513
512
4096
176
8
2080
73
392
544
16
608
4360
9
320
264
512
12808
2
544
4128
528
10
1024
1032
8320
6657
264
18472
6144
4224
1
12800
4096
16384
9
17088
4
3080
0
1282
0
6664
544
1027
1097
1025
4096
8
3
66
17537
4096
16384
4102
16418
17
2115
384
257
0
25096
1536
128
4104
8194
256
516
512
0
3072
1568
10312
385
64
289
1536
16
392
2081
8512
8710
1666
256
1216
1160
8
32
1028
8344
16384
2
272
608
3074
128
640
0
10
64
1024
96
8448
16644
768
2112