447
65504
21
64601
49
56747
1524
57413
1736
20484
44496
37130
6132
14235
15
2771
34832
17447
16606
1042
17887
195
38063
33712
16417
32
56604
25184
1099
12793
55641
24093
40444
34563
58721
46280
13202
17024
39049
16089
4
1524
10868
21418
31012
12507
6629
3864
1268
61647
3385
64099
4196
4495
33515
65
32352
8297
4741
56052
42767
17573
1239
17681
7364
64195
16877
2115
26352
2260
2552
63472
47451
55174
22577
4167
4557
52655
884
831
56625
1769
530
16299
39478
52190
2452
37483
2116
50866
2798
51390
17936
12967
2731
915
12493
64591
12777
16591
48420
2722
23878
26831
20618
8606
462
17118
19439
25577
16804
59799
20694
4508
4214
59317
17679
3555
16438
20717
37148
48719
41418
13631
16394
42831
38992
43281
41599
8549
49345
10872
582
12699
18926
38290
17
9702
16408
22673
4277
19333
61790
6184
55589
53060
4623
2424
531
7738
76
1755
55464
5120
2039
2
2236
14918
16609
4483
52656
6774
4444
53075
49997
5056
62298
43
60511
27852
52174
55159
587
1056
1314
627
1101
41871
9286
50190
52559
134
19272
4724
2524
724
17063
55308
4157
16218
51441
58274
10496
52545
42774
9524
8576
24801
2809
402
36346
59869
4348
2281
218
16766
2376
50407
60787
8239
16788
4825
16752
16764
8512
59462
54408
16806
287
17354
432
50543
3774
0
10752
60535
14110
1474
8861
47827
44094
4454
17412
1496
3077
462
61883
9581
6773
23495
1857
65419
51880
770
17085
17028
8450
274
16644
24987
19526
39973
63900
59200
2516
607