35526
65504
21
0
0
11369
6272
64483
48120
253
514
28840
16640
28517
18472
4084
40692
1104
16639
10262
4100
520
4608
39266
25339
1024
35
64737
2067
1064
17406
34273
10242
44768
18432
57819
2030
19918
16670
65
2506
43431
59732
32
1284
7678
3244
51903
42978
40898
45500
1056
49620
42186
6704
431
16863
5343
39655
4256
28616
62691
40576
16846
8400
7359
65467
56509
61622
39416
1279
4598
1292
35199
42912
545
4114
55688
4736
2049
1279
1530
46381
26598
41419
42090
14782
4331
34712
43745
1215
2112
60870
10495
8196
8
5376
29693
17919
24
18687
250
16639
1056
51496
145
46485
3
959
17663
256
348
24584
9214
8320
8447
34261
639
32903
509
45386
2303
1032
49542
1199
511
1124
44159
60767
240
238
259
510
54650
49017
18560
37753
414
94
38085
33631
1024
1155
0
10299
33651
2368
8208
6432
59181
64536
146
20862
8639
13302
17151
4606
474
2303
12993
2049
9698
74
351
2558
4953
3247
2526
16452
49718
64
61333
1277
86
8193
972
20926
3328
2048
513
62092
48331
39819
51274
58192
0
57680
88
243
49995
31748
36673
59199
23660
53854
16
52763
4368
1044
2750
47412
72
38198
4606
3328
16895
0
25088
39476
559
48240
546
24830
23038
17147
482
8730
20858
506
64163
40355
65314
48676
464
4351
490
42008
54037
62354
18449
6745
48409
4347
4
511
21504
37924
16887
32818
54802
8194
258
58632
6272
47628
44260
2559
8660
162
1006
60942
2061
255
64019
49393
1