36550
65504
21
8192
4
11369
6272
64483
48122
1277
514
28808
16384
28517
18472
4084
40692
1104
16639
10262
4356
520
4624
39266
25339
1088
35
60641
2067
1064
17406
34277
10242
44768
18432
57819
1966
24014
17182
65
2250
47527
57684
32
1284
7678
3236
51895
42978
40898
45500
1072
49620
42186
6704
175
16895
5339
39655
4258
28616
62691
40448
16846
24784
7359
65467
56509
61622
39160
1247
4598
1292
35327
42880
16929
4114
55688
4736
2049
255
17914
46381
30694
41419
42090
14782
4299
34712
43749
1087
64
60870
10493
8324
8
5376
29693
22015
8216
18685
250
16639
1056
51464
153
46484
3
5055
17663
4352
2396
24584
10238
8324
8447
34197
2687
32903
508
45418
2302
1032
49542
1071
16895
1126
44127
60767
240
238
259
510
54650
49145
18560
37753
414
350
38085
33631
1028
1159
0
10299
33651
2376
8208
6448
59181
64664
2194
20854
25023
5110
17151
4604
4570
2303
12993
6145
9702
74
4447
2558
4955
3759
2526
16452
49718
64
61329
1277
94
8193
972
20910
3328
2048
513
62088
48331
39818
51306
58224
0
57680
88
243
49995
27652
36673
58943
23916
53852
1040
56859
4368
1044
2746
47408
72
38198
4598
3328
20991
0
25088
39540
2607
48208
8738
24830
23038
17147
16866
8730
20858
498
64163
40867
65314
48676
464
4319
490
42008
54069
62354
18449
6745
48409
4219
0
511
21504
37925
16887
32818
54802
8706
258
50440
7296
47620
44132
2559
8662
16546
1006
60942
2189
255
64019
49393
1