17465
65504
5129
3
49
34
223
6639
64
33507
8320
33478
41438
9214
509
1024
56304
20
4488
6208
57284
16388
16814
8565
51126
5573
479
43840
21724
46422
446
16949
8702
766
510
4759
508
51085
8845
12288
35154
256
4502
1373
32386
4128
510
187
53095
16392
4602
47273
24584
45405
438
8
4351
768
16292
10496
322
49191
76
4
1279
2564
546
506
12292
1534
52268
767
57127
31851
514
48159
4598
33516
17078
10368
8442
1739
55240
16392
34437
8
16
256
36823
41010
348
56303
16385
20991
62439
510
255
14
0
48
510
52689
129
254
48294
19397
32640
64
0
4446
18679
63626
51114
2221
20296
39065
15524
19617
58360
510
4129
504
51236
223
506
4610
29012
1471
1
8192
8552
17426
43239
2048
8192
16
35280
32
32
1024
219
494
28980
27646
0
4255
1057
53083
4223
49472
382
510
502
511
576
2240
38651
60967
254
8559
2558
5915
61504
57041
2049
24342
38409
4096
64
61827
35072
9726
52736
50057
8224
16385
515
4598
27402
57618
18687
0
4606
507
68
48
16
34757
25086
512
17639
4736
3588
288
51987
61369
22709
4608
514
52907
8880
494
26626
492
17416
6960
2114
1024
41106
16384
16607
288
29314
32262
185
255
24366
50658
2423
0
1532
58537
1536
447
765
55612
1024
46916
8446
16452
49998
5186
8384
8691
9
48665
4120
8192
10459
206
65327
2283
24
160
49651
14591
759
2422
64990
764
12782
25082
49667
378
3
254