2104
1080
48
4170
256
2048
0
0
2112
2
544
256
256
128
18464
4097
1024
1088
0
10246
4132
528
4736
8592
28676
1024
2
0
2322
17448
16896
80
450
1024
16386
4096
16912
25
232
201
20
208
8704
40
1288
7168
36
0
1088
524
32
1072
264
258
6672
81
17665
32
768
4256
0
32
64
16416
16400
20480
2051
0
2052
130
1024
8
268
10432
772
33
16
1546
4096
2176
1024
1044
128
4132
57
72
2112
4180
0
0
64
2048
384
2056
132
0
12544
1
17408
8280
18564
165
16416
0
8336
129
8192
8195
768
16416
256
10
20488
8704
16384
4
64
128
0
4131
704
2049
1024
2049
208
1024
96
528
258
10
1
16640
128
2688
1057
17544
16385
0
416
64
528
1032
195
16384
452
520
66
4116
288
65
80
144
20608
8704
12296
544
0
36
3072
3
0
8268
10
160
3072
5121
80
2080
16386
0
64
12288
1026
70
8193
544
20480
3072
4
16897
17216
4096
16392
129
2056
18432
264
24
2062
256
192
0
64
16
4112
0
32
20
148
2304
4608
8
9216
4096
11520
16672
4
24832
0
8960
16900
4610
8512
18688
16386
280
16396
16388
4
12417
128
16384
2818
142
4609
20
640
10244
8
2064
16385
16
4096
128
257
20480
260
16385
32
4869
8210
16642
8324
4736
2304
16416
256
8290
546
8208
40
16392
2053
24
8192
2560