63
188
1043
118
49
82
7682
1054
17700
8760
10246
2060
786
8421
592
9290
2464
20489
6504
406
4443
515
4116
11266
4170
24576
567
9756
3912
17984
16632
4293
256
5252
25480
9217
395
880
4617
748
8192
1252
56
1092
2564
2054
512
20768
8208
24799
6300
2272
2848
2700
9218
5905
28
20657
771
1666
1166
18784
12576
16643
19584
19976
16615
8632
8449
392
8595
16640
306
2316
12832
672
19490
4105
49
2608
12620
272
2512
132
2065
2352
6168
1032
960
4254
4097
25393
62
1472
17822
8481
208
5486
268
8776
12416
1835
4168
8357
16770
392
5395
9100
556
21377
1481
4
7376
16389
3174
2048
26304
2322
1728
4613
8259
4224
305
272
544
368
4544
2536
8454
2468
2960
1382
12544
276
18252
11618
6242
850
2564
6
9540
1152
18626
6182
264
356
8284
1
4128
606
17471
8263
161
5144
2370
10
11300
72
824
25044
24
609
4904
16424
796
420
9824
12440
8194
640
0
530
521
25616
283
24800
14944
9228
8512
3078
16560
1033
4736
4354
402
17939
16972
16424
3120
4192
1825
928
4892
4296
8419
5609
1480
20568
20803
2067
248
65
4353
416
12358
17072
417
2242
16644
311
2568
17488
9392
8240
402
8320
25094
276
8448
2123
2063
5157
8270
392
9155
6204
1408
8202
8792
28
38
4614
1265
20973
19969
1190
40
1464
1838
25572
19201
1056
2352
2288
2146
16456
14080
4160
8226
405
2052
470
12514
2304
641
83