63
172
1043
4214
49
4178
7810
1054
17444
8760
10242
2060
530
8421
592
9290
2464
20489
4456
406
4443
771
20500
11330
4170
24576
631
9884
1864
1600
248
4292
256
1156
25480
9217
395
880
4617
749
8224
1252
56
1028
2564
2086
640
20770
8464
24735
7324
2272
3872
2700
9218
14097
16412
20657
779
1666
5262
19296
12576
16643
19584
20232
16615
8632
8457
392
8579
16640
306
2318
12832
672
19490
20489
49
2864
14668
400
2544
164
2193
2320
6200
1032
832
4254
4097
25393
62
1472
17822
24865
208
5482
269
8776
12417
1835
4168
9381
16642
392
5139
9100
524
22401
1481
4
7360
16421
3174
2048
28352
2322
1732
4613
8291
4224
305
336
544
368
4544
2472
8486
2532
2962
5478
12544
272
18252
11618
6242
850
10756
6
9540
1152
18626
6182
280
352
8284
65
4128
606
1087
8263
161
5128
2371
16394
11364
328
828
16852
88
1633
4904
16424
796
420
9824
12440
8210
644
2048
530
4617
25620
267
24800
14944
9228
8512
3078
16560
9
4224
258
402
17939
16972
16392
3122
4192
1825
928
4888
4328
8419
1513
1512
20568
20547
2067
248
65
5377
416
12614
17328
16801
2258
16644
2359
2568
17488
9396
8208
402
8336
25102
276
8456
2123
18447
5125
8270
392
9155
6716
1152
8202
8792
60
38
4614
1265
20973
19985
1206
40
1464
1836
25573
19329
1056
2320
2160
98
16456
14144
4416
8230
413
2052
214
14562
2304
641
339