57
196
21
118
49
82
7708
1041
17707
8760
10298
2164
874
8421
620
9290
2464
20729
6504
358
4443
515
4116
11266
4170
24606
567
9756
3888
17976
16631
4285
256
5274
25524
9217
405
776
4631
720
8252
1252
56
1114
2586
2106
512
20783
8208
24799
6300
2268
2848
2700
9218
6113
28
20657
797
1726
1166
18784
12576
16883
19584
19976
16616
8632
8449
436
8623
16655
300
2316
12828
672
19490
4345
73
2572
12626
272
2540
116
2093
2352
6168
1076
960
4254
4097
25357
32
1487
17774
8481
236
5458
274
8776
12446
1835
4212
8357
16770
392
5423
9091
556
21377
1525
56
7200
16629
3102
2168
26319
2316
1728
4613
8259
4254
303
272
544
368
4544
2536
8574
2388
2975
1400
12544
276
18252
11618
6290
861
2684
6
9547
1152
18626
6182
264
356
8288
31
4304
606
17471
8375
161
5126
2430
250
11288
72
824
25044
24
537
4904
16600
796
442
9854
12422
8194
655
0
530
565
25614
295
24800
14944
9228
8527
3130
16575
1047
4736
4354
413
17939
16963
16424
3120
4222
1838
928
4964
4272
8445
5609
1479
20550
20829
2275
248
95
4353
416
12410
17087
447
2242
16644
311
2568
17568
9416
8384
402
8440
25094
364
8448
2099
2099
5145
8272
392
9155
6178
1468
8202
8774
28
38
4666
1278
20885
19969
1190
40
1463
1840
25579
19201
1071
2367
2288
2146
16456
14080
4160
8226
357
2052
490
12442
2544
641
111