57
1166
2063
72
896
2304
0
0
6144
3
2688
256
0
260
18564
4098
0
1296
20
2082
132
8192
4096
16536
24704
0
0
16
0
1060
256
4096
336
5632
8198
28673
512
16392
32
129
132
24
24576
1072
288
6208
4
8192
16448
40
2096
1028
1280
256
6176
137
16392
32
2560
129
128
0
2144
17408
17424
16416
2090
0
2049
131
1088
520
12
96
16384
129
10
1027
4096
128
4128
1024
148
34
8200
64
704
4176
16
0
4608
2081
1024
64
4
66
4368
9
16388
8274
2049
547
4
32
144
6145
8704
0
1024
16394
16388
10
16394
16384
132
1
64
2056
2050
2082
17024
32
1024
129
0
0
16480
9
0
2
0
2
2048
2568
13313
136
16385
0
16385
64
145
1026
3
4097
140
256
64
1
264
1026
48
144
4736
12290
8193
512
4096
36
0
8208
4098
12
88
1152
2562
9216
16
2100
0
0
81
12288
0
10
0
1794
320
18432
256
33
8256
4096
16640
24577
2
6148
9480
4120
2052
256
640
9
4096
16400
4128
8
548
33
4112
2304
10752
2056
1024
4352
3104
288
1024
16
1024
8196
2112
2562
0
2084
256
136
14
4
2048
9216
4096
1152
2048
8
9
4
513
5124
8
17424
129
2112
4096
544
257
0
0
16393
512
4648
8210
34
8208
256
0
8192
8448
24579
34
16
520
76
1024
1024
1088
2194