0
61408
277
2
64
176
10812
85
58944
20864
15194
61836
21993
47537
26128
42264
536
8675
1
1041
11488
2
36865
1600
55872
480
34016
42380
15344
37792
16440
20534
8530
200
56196
1399
4634
60688
3968
620
65312
55356
12505
0
32836
54180
4508
61816
1421
33827
39808
2952
4148
4192
20226
60057
16589
9352
49700
64192
31268
23312
28964
1069
58628
2931
20856
10475
47760
3428
10946
60960
0
37996
22846
17574
488
516
1039
13303
26880
15202
723
24939
5427
13292
2349
43077
36864
33686
2337
44052
0
17888
34070
16858
12445
704
56004
16384
19456
2520
3936
26922
22682
4758
28260
7647
8256
65526
16901
5096
20488
5038
4505
24622
32000
3127
0
20688
135
14337
28616
13595
44080
4104
58688
14
2048
20939
605
49412
478
33248
64556
8131
234
50075
40532
22816
4204
4557
4768
54118
6500
33854
4502
36090
44432
34267
39434
42160
8192
25601
28456
27465
25088
41966
4480
49152
32769
34833
14788
14062
14976
20345
2060
34683
3363
266
45056
2524
37120
40198
30096
25795
0
55360
2434
303
55616
40198
296
59920
64064
47977
52396
65416
12288
8887
16606
1536
11023
872
33344
21480
256
57352
29962
31554
16864
2368
64748
55673
25424
16784
5636
8566
62080
4145
51862
40856
16624
45847
45792
56907
5464
46656
35264
48
52688
3124
3536
111
26624
1216
20480
7185
16128
29486
45728
4868
18180
22905
60390
260
9153
24624
2145
39826
35840
6560
11273
0
17229
59598
9152
22288
32768
17992
24586
22299
14146
1753
33576
27883