2
21
21
512
0
180
10940
4181
42560
20740
15194
62860
21993
47539
26128
34072
532
8691
16384
1041
11616
16386
36864
1632
55872
418
50404
42372
15344
37792
16440
20534
1362
200
56196
1399
12826
60696
2944
1640
65313
34876
4313
512
32836
54180
4532
61816
396
54307
39810
2952
4276
4160
20224
60057
16585
8328
50724
64064
31268
23314
28964
17453
58625
2931
20856
10987
39568
3428
10946
42528
0
37992
23102
16806
488
772
8207
14071
22784
15202
723
24683
4403
13292
3437
41061
45056
34774
2465
35924
0
17888
33046
16858
12445
8904
56004
16416
19712
2552
12128
26666
20635
4758
28260
7383
8193
65526
25349
5096
20488
13230
4505
16422
32512
3127
0
21200
151
14345
32584
13595
44048
4104
57664
14
0
20875
605
49415
462
35296
62508
8131
110
52123
40469
22816
4220
4573
4772
37734
22880
37948
4374
35066
44432
34139
39432
34224
8256
25664
27944
27209
25344
41964
4224
49216
32768
32785
14532
14030
31392
3961
2060
38763
19715
2314
36864
2396
36868
40327
30096
9411
8
55392
2306
63
55616
39170
416
59928
47680
48107
52652
65408
12288
10935
16798
4608
8463
874
33352
22504
0
57344
28938
27458
16880
2880
64748
55417
25432
17296
5632
370
57984
53
55958
40856
16624
45851
45792
56907
5400
46656
51648
48
60624
3188
3536
47
26656
1216
22528
7313
15120
21294
45280
4868
18180
23033
60398
2308
8897
24632
2401
35734
36352
6432
11401
0
17220
59470
9152
21776
40960
18248
24590
22331
13120
3803
35624
27883