50
21
213
512
384
180
10940
4173
42563
20764
15194
62796
21999
47539
26144
34078
524
8947
16396
1041
11616
17154
36876
1632
55872
418
50388
42375
15344
37728
16446
20918
1362
200
56196
1399
12828
60672
2944
1640
65337
34876
4313
512
33604
54180
4468
61816
396
54291
39746
2952
4228
4163
20236
60057
16585
8328
50748
64067
31652
23330
29220
17645
58817
2931
20920
10987
39664
3428
10946
42528
96
37992
23054
16830
472
796
8207
14071
22787
15202
723
24587
4403
13290
3693
41061
45440
34774
2465
35922
0
17504
33046
16858
12381
8712
56002
16419
19968
2808
11360
26858
20635
4757
28260
7383
8961
65520
25373
5092
20496
13166
4506
16422
32512
3895
0
21200
151
14341
32584
13591
44048
4107
57676
398
192
20875
581
49412
270
35296
62508
7747
110
51355
40469
23072
4172
4829
4772
37798
22784
37948
4378
34970
44528
34139
39624
34216
8256
25676
27944
27209
25350
41580
4992
49216
32768
32785
14532
14030
31376
3961
2444
38763
19715
2314
37248
2396
36868
40327
30096
9413
16
55392
2306
63
55488
39170
416
60120
48064
47915
52650
65408
12480
11063
16798
4608
8335
874
33352
22504
0
57440
28937
27458
16784
2880
64748
55423
25432
17296
5632
626
57984
821
56086
40852
16624
45848
45792
56907
5396
46656
51648
51
60624
3191
3536
41
26656
1240
22528
7319
15120
21282
45088
4868
18180
23033
60398
2311
8903
24638
2401
35738
36352
6432
11401
0
17188
60238
8768
21776
40972
18120
24590
22328
13123
3803
35620
27883