57
21
21
704
384
132
10940
4181
42947
21020
15194
62796
21999
47491
26336
34078
524
8947
16396
1041
11680
17154
37644
1632
55840
418
50388
42471
15344
37728
16446
20912
1378
200
56196
1391
12572
60720
2950
1640
65343
34876
4289
512
33604
54180
4468
61880
404
54291
39746
2888
4231
4160
20236
60153
16585
8376
50748
64064
31652
23330
29244
17645
58865
2931
20920
10987
39664
3492
11074
42912
96
37992
23150
16830
472
772
8207
13815
22789
15202
725
25355
4403
13290
3693
41061
45056
34773
2465
35986
192
17504
33046
16666
12382
8712
56002
17187
19968
2808
11372
26858
20635
4757
28260
7399
8961
65520
25349
5116
20512
13166
4508
16806
32536
3895
0
21168
151
14365
32584
13847
44144
4203
57676
406
192
20875
582
49436
270
35296
62492
8131
98
51331
40469
23075
4940
4829
4770
37798
22656
37948
4570
34970
44540
34139
39624
34152
8256
25676
27944
27593
25354
41588
4992
49216
32768
32785
14532
14030
31376
3961
2447
38667
19715
2310
37260
2399
37252
40375
30096
9417
784
55392
2306
51
55488
39170
440
60088
48064
47947
52650
65408
12480
11063
16798
4608
8323
874
33352
22504
0
57440
29033
27457
16720
2944
64876
56191
25432
17296
5632
626
57984
821
56086
40868
16624
45854
45792
56651
5396
46662
51651
51
60624
3255
3539
37
26656
1240
22528
7319
15123
21282
45100
4868
18180
23033
60014
2315
8903
24638
2401
34970
36352
6464
11401
768
17060
60226
8768
21776
40972
18120
24590
22328
13147
3803
35620
27883