43577
65504
21
39677
49
123
10940
59718
42563
20764
15293
62796
21999
47434
8099
34078
707
58338
16531
1041
65179
728
36876
57575
55975
56659
37646
42169
53716
32361
16589
20815
42081
55463
56162
1209
62712
60672
2919
63983
33949
35139
4263
35537
18968
54180
61254
35145
44380
54291
39610
37922
59926
49479
19005
60057
11198
33302
20482
63752
4655
23325
29220
17645
58817
2931
2563
10788
14696
3428
10946
42687
96
37992
4774
16830
472
796
2725
14071
22787
14748
45185
24824
5069
13204
40254
41061
43304
28624
64327
35922
52546
17504
16986
29450
12704
9200
55870
16419
63900
2808
5177
16397
15411
4968
53392
7383
8961
33155
25443
51061
21230
13166
41000
12211
32512
3913
46474
40777
51743
14341
32577
13551
31256
4338
57776
124
51583
20875
42039
49412
270
35296
62932
7747
42726
42002
40586
23072
4482
1301
4696
10007
22784
37948
1416
34970
29550
34139
39624
6673
44615
3763
27944
27209
22890
3688
1481
29822
33254
33251
64802
14120
9427
64212
2066
38420
20220
2553
37311
2723
17487
52339
5056
9413
16
55392
53328
65
55602
17863
416
60120
45576
41586
52629
65408
12480
11063
16801
4734
8316
874
33352
22504
23416
57734
28937
13078
16784
2943
64748
55423
21132
43510
5632
65215
57984
821
56086
40875
16624
45848
22280
57221
5396
46759
50918
207
43764
39602
37396
279
26656
57158
18974
7319
15080
21228
29242
62131
18180
23033
60398
2311
18501
24793
2401
35689
48672
6342
11401
52229
17090
60238
55729
25
40972
18120
24809
22328
48967
36136
35620
27764