49
142
85
144
53
80
3601
1048
17444
8224
8192
6156
10
340
160
9234
2468
4177
4360
137
583
517
4110
11266
4169
24704
557
1538
4000
576
16408
12297
256
4228
27160
9217
389
784
12809
448
0
1060
32
70
2052
2058
0
20772
8208
8467
6532
2080
2080
2688
9250
5137
0
20497
512
1058
1192
18752
12576
16834
19648
19076
16420
8584
8456
8
8194
16640
690
10508
12321
672
19493
4097
17
2560
12608
520
2096
4
18449
2304
7192
1032
257
152
4096
24833
6
1344
17426
8353
16
5378
256
8776
12800
1318
4432
8337
17026
392
21520
9088
548
16513
265
20
5200
16386
1120
18432
26112
2067
1600
517
8256
4226
305
528
608
284
4608
2184
8448
2084
2912
5378
8464
20
17732
11266
2051
562
2564
4096
9536
1088
18464
6160
8
16644
8292
16
4096
593
1057
24609
1
4096
6178
265
11302
8264
136
16438
20
2625
4136
16552
768
4500
1536
12432
34
672
0
8720
297
25600
24
24768
12800
8192
2336
3072
17536
9222
768
4352
20
17963
16960
16388
3072
0
1313
832
4880
4104
10243
5129
9512
20544
20800
35
16480
1
4361
672
4246
17056
401
2050
268
2353
2320
17992
8336
8192
22
8323
24962
788
8192
2120
2056
5152
8782
392
576
6177
1696
24625
8872
0
32
1542
1161
16737
19649
1152
0
1040
3872
24708
18432
1044
304
2241
2050
16416
13952
4288
8274
8211
2052
80
12945
18788
704
104