561
142
85
8336
49
16464
3601
1049
17444
8224
24576
6284
10
340
160
9238
2468
4179
4424
2185
2631
5
4110
11274
4169
24704
557
1536
4064
704
24
12297
2304
20612
27160
9281
389
17168
12873
448
0
1028
2080
326
2308
2058
0
20772
8240
8451
6532
2084
2080
2176
9218
4113
2048
20497
512
1058
1192
18756
12576
16834
19664
19084
16420
8584
8456
8
8194
256
690
10508
12321
672
19493
4097
4113
2560
12608
2568
2096
1028
18449
2304
7192
1544
257
2200
4096
24833
6
3392
17426
9377
16
1282
4352
8776
14848
1830
336
8337
17026
392
21584
9088
676
16513
269
16404
1104
16898
1120
18432
26116
2067
1600
513
8264
5250
273
528
608
796
5632
2184
8576
3108
2912
13570
8464
148
17732
11266
2179
562
2560
4104
9536
1088
18464
22544
2056
16644
8300
20
4096
597
5153
24609
3
4096
6178
264
27686
8264
136
16434
84
10817
4104
16552
832
4372
1536
12432
34
672
16
8722
1321
25600
28
24768
12800
8193
288
3072
17536
9286
776
6400
532
1579
16968
16388
11264
8192
1313
832
4880
4104
10243
5641
9512
20544
20801
3
16416
1
4361
672
4246
17072
273
2050
8460
2357
2320
17996
8336
8192
150
24707
24962
820
8192
2122
8
13344
8782
394
576
6185
1696
24625
8872
0
40
1542
1177
16737
19649
1152
0
1072
12064
24740
18432
1044
304
2241
2082
16416
13952
6336
8306
8211
2052
80
12945
18788
704
104