57
16526
21
8336
49
16468
3601
1049
17444
8224
24576
6284
10
1364
128
9238
420
4211
4936
2185
2119
5
4622
11306
4169
24720
557
5632
4064
640
24
13321
6400
20612
27160
9281
388
17168
4681
192
8
1092
2208
326
2308
2314
0
20772
8368
8467
6528
2086
32
2176
9218
12305
2048
20497
0
1058
9384
18884
12578
16835
19696
19084
16421
9096
8456
8
8258
256
4786
2316
12385
672
19493
4097
4097
2560
12612
2568
2096
1028
2065
3328
7192
5640
1
2192
4096
24833
22
3392
17427
9377
1040
1286
12544
8776
14852
1798
336
8337
17026
396
21616
9088
676
16769
8461
16400
1112
16906
1120
18496
26116
6163
1600
513
8264
5250
273
560
608
860
5632
2056
8320
2084
2912
13570
8464
144
25924
11522
2179
818
2576
4360
9536
5184
2080
22548
2568
16652
8300
20
4224
1621
5153
24577
3
4104
6178
4360
27750
8264
8
16442
86
10817
4616
16520
832
4372
1536
12432
290
8864
24
8722
1321
25600
284
24768
29184
8193
288
3328
17536
9287
776
6401
532
1595
16968
16388
11328
8192
1313
768
4880
6152
10243
22025
9512
22592
20801
3
16544
1
4361
672
4246
25264
337
2178
8460
2357
2320
17996
8336
8192
151
24707
24962
820
8256
74
8
13344
9806
426
592
6185
1696
24625
8872
0
16424
1542
1049
16737
19649
1152
8
1040
12064
24740
26624
1044
1328
2240
6178
16544
13953
6337
8304
8211
2052
208
12945
18788
720
104