54
16500
97
8552
73
16488
3601
1049
17444
8224
24576
6323
58
1362
227
9238
650
4200
5013
2185
2154
5
4814
12074
4169
24736
575
5870
4064
576
24
13705
6592
20612
27244
9281
379
17168
4640
184
16
1095
2195
340
2426
2570
96
20772
8523
8469
6624
2424
44
2176
9218
12735
2294
20492
102
1438
9446
18882
12634
16859
20446
19072
16422
9200
8816
8
8293
382
4722
2314
12449
696
19493
4223
4103
2560
12604
2604
2096
1028
2077
3209
7192
5648
830
2187
4096
24833
16
3392
17419
9404
1176
1289
12550
9016
14946
1894
32
8349
17026
402
22384
9088
676
17025
8459
17038
1323
17094
1119
18560
26134
6155
1600
634
8264
5250
302
572
607
748
5632
2104
8416
2072
2912
13582
8464
556
25922
11778
2203
50
2592
4342
9565
5248
2130
22627
2571
16883
8444
106
4314
1949
5153
24673
3
4112
6178
4363
27750
8372
52
16390
72
10673
4808
16616
926
4463
1788
12432
575
8870
0
8914
1321
25600
380
24768
29235
8193
288
3388
17536
9351
647
6879
535
1315
16971
16406
11392
8192
1313
792
4880
7126
10243
21913
9512
22560
20789
3
16924
1
4406
672
4265
25216
417
2180
8460
2357
2527
18004
8336
8228
148
24861
24909
820
9103
70
124
13436
10190
422
598
6185
1696
24815
8872
126
16420
1542
1209
16737
19695
1224
179
1808
12064
24740
26630
1072
1334
2180
6149
16612
13889
6471
8670
8211
2052
336
12945
18791
848
104