57
65504
793
177
49
2192
0
3067
60638
508
1653
5811
38618
61751
914
63524
8638
53197
2064
2299
16388
62183
509
20624
24463
19400
60874
26545
16
42021
256
1024
3566
5878
5305
39061
38360
16870
224
46423
55635
64126
24958
21982
54701
32262
63345
6432
7470
9
24655
18906
22062
51145
7168
45504
17878
231
49677
61043
16503
446
2400
25086
16468
16928
2548
4414
6724
16509
24224
671
4594
8415
4460
48298
45236
29979
38568
50320
64575
8
4244
28727
2594
22421
942
49595
6566
1152
4098
6622
12464
20521
264
8692
256
511
16388
44684
48125
48966
61342
59321
2414
19247
46933
49301
54566
62885
59720
34853
20488
20992
51762
44556
5591
2089
255
2086
16440
32
39559
23439
49638
63766
16543
50050
52095
17012
52028
33919
40569
18100
5641
16471
54289
1018
14035
13917
3134
39892
48753
23267
744
24507
53532
32838
16648
53496
8399
37121
5768
44238
39116
57544
53992
1514
40838
30418
2
23243
344
988
25622
42929
30908
2271
15544
35075
428
9301
38674
117
4223
1790
27834
59566
48908
39065
35108
322
4684
17662
252
30866
33921
27264
2180
39745
640
46409
42623
26894
4145
62259
926
383
38440
2294
16216
40657
8328
12649
2287
46849
46698
54050
1280
10244
32933
40291
56108
27345
52482
47891
64539
58569
35357
13027
12290
3439
2561
508
892
537
64060
6011
40474
28230
30081
34538
10823
41707
17399
47253
36903
244
59152
5106
61239
484
8353
39731
32888
59133
13074
61333
98
492
631
1394
16638
9733
16448
2937