35641
65504
21
0
0
2192
39674
3067
58582
508
51051
5811
6606
61751
36740
63524
8638
53197
60414
2299
1500
56786
40423
20624
5751
19400
60874
26545
16
42021
58082
1024
3566
5878
5305
4361
38360
16870
58298
46423
55635
44629
24958
21982
31873
32262
63345
6432
52174
9
24655
18906
22010
20319
47562
45504
17878
231
49677
32450
16503
446
2400
54656
16468
16928
41650
41400
9660
16509
24224
671
4594
8415
4460
48298
45236
29979
38568
50320
64575
57527
4244
28727
2594
1344
942
49595
6566
58997
4098
41512
58964
20521
264
8692
256
511
16388
44684
48125
20860
61342
11755
2414
19247
46933
49301
35514
62885
30060
11335
20488
2590
51762
13465
5591
2089
34323
52399
16440
44981
10509
23439
49638
63766
16543
23299
52095
17012
52028
65401
26613
60975
5641
16471
54289
35441
14035
29511
1458
39892
48099
23267
744
55705
53532
26291
16648
53496
8399
37121
5768
44238
39116
53037
53992
1514
40838
28723
42594
23243
56246
988
25622
42929
30908
50744
15544
35075
428
63402
11194
59848
4223
1790
27834
45821
48908
39065
8048
39821
4684
63815
252
11481
33921
27264
2180
39745
640
46409
42623
26894
4145
62259
60814
42938
38440
53039
16216
45119
47806
12649
1571
46849
38556
54050
1280
59443
32933
31722
33880
24572
25132
22332
64539
58569
35357
50952
12290
3439
2561
508
25788
537
64060
48024
40474
35708
2203
34538
60511
41707
17399
47253
36903
244
59152
5106
61239
484
8353
39731
61340
59133
13074
61333
57706
492
33405
1394
770
9733
16448
59002