63
2060
77
0
49
512
0
0
1
0
2048
4608
512
3088
64
0
0
0
17
9216
0
0
0
16
2
4096
512
8192
4096
6
2048
256
16388
0
20
1057
136
8240
64
8192
0
512
0
4160
16768
2
1025
640
256
32
4096
0
16384
8320
1
1152
32
128
2304
512
16400
6144
72
2048
0
1
512
4224
512
640
1
4
64
8192
2080
32
128
1536
20
4
512
12288
16
4352
2052
0
0
8
0
8192
16
2
4608
16960
8
672
2080
4096
256
8192
2048
3
19456
18
8
256
3072
96
256
2560
512
2084
8
0
8200
544
16
5120
1024
514
8
8456
128
0
9216
0
4112
1024
160
2176
32
2048
2560
4112
0
1
0
8448
2
0
16
16
0
64
0
3
0
4096
16386
0
3072
8194
2048
2
512
2
8192
4097
1024
512
18448
0
81
48
0
8192
1088
34
0
16416
0
265
3
2112
16896
16704
8
576
64
34
256
1
288
0
0
640
68
130
8204
16
256
0
8194
0
1026
4368
0
512
1028
257
8708
642
4128
514
160
8
517
0
2048
0
8
513
16
17
8256
1056
160
5120
2048
0
384
2048
4
8
8212
56
8768
2048
512
17408
2048
12
16396
4096
18
8706
4616
4096
18
0
160
0
192
2080
512
130
6
66
512
4
2080
16
112
16384
24
256