63
2060
13
0
49
512
0
0
1
0
0
512
0
3072
64
0
0
0
1
1024
0
0
0
16
0
4096
512
0
4096
2
0
0
16384
0
20
1025
128
8208
64
8192
0
512
0
4160
16512
2
1025
640
256
32
4096
0
0
128
0
1152
0
128
2048
512
16
4096
64
2048
16
1
0
4224
512
640
0
4
0
0
32
32
0
1536
20
0
0
4096
16
256
4
0
0
0
0
8192
16
0
4608
576
0
160
2080
4096
2304
8192
0
3
18432
18
40
256
2048
32
256
2048
512
36
8
4096
8
512
16
4096
1024
514
0
8448
128
0
1024
0
16
1024
32
2048
0
2048
2048
4112
0
1
0
8192
2
0
16
16
0
0
0
1
0
0
2
0
2048
8192
2048
2
512
0
0
4096
1024
512
18432
0
65
48
0
8192
64
32
0
16416
0
9
1
64
16896
320
8
512
0
32
0
1
32
0
0
512
4
130
8196
0
0
0
8194
0
1026
4352
0
512
1024
257
516
130
32
2
128
8
516
512
2048
0
8
512
16
16
64
1056
128
4096
0
0
256
2048
0
8
8208
40
8256
2048
512
17408
0
8
16388
0
2
514
4104
0
16
0
32
0
128
32
0
130
2
2
0
4
32
16
80
0
16
256