52025
65504
61971
589
49
45869
38765
21899
43027
35208
14712
12410
21774
22926
28950
34
30012
22238
16625
5138
11464
35769
45126
6026
43831
63063
50411
16204
29512
37528
1797
45062
61212
359
56135
1205
13868
60751
2882
43251
64538
10953
4121
4611
30810
5018
39500
45750
43727
46911
25772
10760
11376
48416
64532
6273
8681
9100
50138
57608
17560
60733
62106
7496
58942
2579
2738
6616
62355
23498
52647
4315
230
30675
1719
16769
4457
45621
52795
715
2428
9215
56677
43373
15831
13011
56396
37390
23867
19773
3117
10278
51240
51977
33190
16869
16251
8847
49046
16608
5546
2788
576
58187
20624
4908
28308
61935
9094
32723
25229
64373
21472
55396
52214
57867
32450
44523
798
6009
54575
14355
32577
14056
59122
5066
38295
257
37184
37640
574
53978
32229
21263
10665
40751
16521
41079
46858
26546
41152
29879
30945
16939
12478
11691
46090
34905
44960
34215
9009
34054
1519
25764
25191
63338
24214
45319
42677
59590
22049
22530
41
20550
15004
64788
2038
65415
3163
38714
53608
36766
36833
2742
39417
26121
55602
25190
22842
48145
55326
38924
192
24699
47152
47337
52689
31733
12582
55494
64842
29801
15395
52625
42197
22017
97
59644
1775
15344
16663
32028
20531
27046
25518
14542
43926
1012
57014
830
55694
48810
16662
32845
45058
49086
52540
17984
11058
467
60640
16111
34170
457
20674
11441
3373
3159
14061
5054
62318
47080
61192
22729
60382
2435
10919
18964
2143
35458
58659
42942
11401
48823
21287
47742
22981
21982
41422
28196
25078
61255
24764
51796
35620
27909