0
18444
13
128
256
0
0
16512
0
24576
129
0
5120
0
8
1024
32
8
4098
0
64
4096
128
16400
0
1056
320
64
2048
8224
8
0
4096
32
2
8192
256
80
8
8196
4
2
768
516
0
128
0
0
256
16384
24
8
384
2080
0
128
8
384
2080
0
8192
32
8
0
8192
0
16384
1
2048
4
257
4100
16
1024
0
128
32
4
128
4128
0
0
0
32
32
2048
6
8192
0
2
24576
1024
128
2048
16384
1
0
2080
96
16
0
8192
0
2560
0
513
0
8192
64
32
0
256
0
16385
0
0
1026
0
2048
0
24576
36
0
0
528
128
0
2
24
0
16384
256
1024
0
9216
0
512
512
256
256
8194
512
64
516
32
1
9216
0
18432
4352
128
8
2
0
1536
128
512
0
16
8208
0
16384
4098
128
2048
514
16
4
8224
0
5
8200
8193
0
4100
128
257
0
128
256
192
128
1024
4096
128
12
8
0
8192
16384
512
160
1536
1
1040
16
4096
2
0
256
64
8
16384
128
1024
16386
18432
16
4
0
8
16
0
16
0
1
0
0
4
0
0
0
8704
0
2
8192
16512
4
128
0
8
1
8
16
0
258
0
64
0
2056
8
256
32
0
4112
130
16388
0
64
16
2
2
16384
128
5120