41009
29
85
3
39366
39436
59900
41841
65077
45655
35944
39255
43766
40188
18398
46658
53646
255
20508
2054
20
1295
8708
25916
30985
39642
16
2291
33013
641
3691
46320
41792
54569
2295
18943
3866
34001
396
63154
4446
464
0
28074
53253
59367
205
50781
47232
4602
9161
873
63856
63060
18872
38677
4543
544
343
473
62
49402
36777
116
31589
51125
17280
57398
60354
60075
29588
64836
356
8727
24606
31544
499
51654
168
11721
212
43382
5644
63691
55578
55930
707
4600
65178
51021
252
56976
38336
50460
50907
53040
4518
8253
1946
61366
4160
512
255
24674
51158
47321
3427
54939
762
19
35236
34936
50159
58518
40372
56466
2750
13301
25446
38722
207
18546
56
942
38062
16591
60291
41828
37085
53739
11970
16502
42892
16615
40174
36568
8518
52351
339
13545
1056
58225
441
43895
260
5744
398
39111
766
13
33946
63884
16161
16864
223
2169
52328
35699
37638
3
46798
102
42561
3083
16350
2049
16512
2430
49
67
43942
4
48538
41165
13904
31381
98
38866
47435
29791
58803
27784
428
17033
44022
40057
57097
43461
64292
303
9411
16440
62404
2454
61823
24496
33858
35802
40030
2336
34672
2558
7028
44316
16647
810
59328
14977
42233
25783
34015
49341
5884
24296
50731
45737
33266
0
52140
2382
63267
1246
38404
64099
61528
47075
34718
2462
33346
5107
256
63497
664
21248
308
53719
37831
468
1007
32833
17164
516
28946
26213
2303
8
768
45758
9476
8510
786
18
59649
462
39114
50433