41265
42
21
0
0
39437
59900
58225
65141
45591
35944
39255
43766
36092
18396
46658
53646
16639
20508
2070
20
1295
8708
25917
22793
39640
16
2291
32949
17025
3691
46320
41792
54537
3319
18943
3866
34001
268
63152
20830
8656
0
28074
61445
59335
205
50773
47232
4602
9161
873
63864
63316
18872
38677
4543
544
343
409
63
49406
36649
116
31605
50869
17280
57462
43970
60079
29589
62788
357
8727
24606
31544
497
51590
232
11721
212
43382
5644
63689
55579
55930
739
4472
48794
53069
508
56976
38337
49436
50907
53040
4518
9277
6042
61366
4160
512
255
26722
51158
47833
1379
54939
754
19
35236
34936
49647
58516
38324
56466
2750
5109
25446
46914
207
16498
40
942
40110
16590
60291
41572
37085
53739
28354
16502
42636
16615
40174
36552
12614
52351
851
29929
1056
57713
441
43895
256
4720
398
39111
766
13
33946
63884
16289
16864
223
2168
60520
35699
39686
19
48846
102
42561
3115
12254
2051
16512
2430
51
4163
43686
36
40346
32973
13904
31381
16482
38874
43339
29791
58803
19592
940
17033
44022
40025
53001
43461
64292
303
9409
16568
62405
406
45439
8112
34370
35800
40030
2336
34672
2558
6516
44308
16655
808
59328
14993
42237
25783
34015
49341
5868
24296
50731
45737
33266
0
52140
334
62755
17630
38405
64099
61528
47075
34718
2462
37442
5075
768
63497
664
21250
309
53719
33735
1492
1007
32849
16652
532
28946
26229
2303
8
768
45756
9476
8510
786
18
59649
463
39115
50497