41265
42
21
0
0
39437
59900
58225
56949
45599
52328
39255
41718
36060
18396
46658
53644
16637
21020
18454
276
1295
8708
25917
22793
39640
16
2275
32949
17025
3691
46320
41728
54537
3319
18879
3850
34001
268
54960
20830
8656
0
28586
61453
59333
205
50773
63616
5114
9161
872
63608
63316
18872
38685
4543
800
375
409
191
33022
36648
116
31605
50869
17282
61558
48066
43695
29589
62788
357
10775
24606
31548
241
59782
168
11721
724
43318
5644
63688
55579
51834
739
4472
48794
53069
1532
57008
38337
57628
55003
53040
4518
9276
6042
61238
4160
512
223
26658
51158
43737
1891
54931
2802
19
35236
35448
53743
42132
38196
56466
2750
5109
25446
63298
207
16496
40
942
40110
16590
60289
41573
37085
61931
28290
16502
42636
16615
40172
36552
12622
52335
339
29929
1120
57717
8633
43895
320
4720
398
39111
766
13
33946
63884
16257
16608
223
120
60520
35699
39686
19
48844
102
34369
3115
11998
2051
16512
2430
51
4675
43686
16420
40346
32973
13904
31381
16482
38362
43339
29791
58867
19592
940
17033
43766
40017
57097
43461
64292
271
13505
24760
58309
406
45439
8112
50754
35736
40028
2336
34656
2550
6260
44340
16655
552
59328
31377
42237
26295
34015
57533
5868
22248
50731
47785
33234
1
53164
330
62753
17630
37893
63587
61528
47075
34719
2462
45634
5074
768
63497
664
21250
309
53719
33735
1492
1005
32849
17676
2580
28947
26229
2303
72
768
45756
9492
24894
786
18
59649
463
39627
58689