57
42
21
3
3
39437
59804
58225
56949
45615
52336
39247
41718
36063
18396
46658
53647
16445
21018
18454
276
1295
8708
25905
22793
39640
16
2179
32949
17049
3691
46320
41728
54585
3319
18831
3852
34001
524
54966
20830
8656
0
28586
61453
59357
205
50773
63616
5114
9161
872
63584
63316
18904
38701
4540
800
375
409
167
33022
36648
20
31605
50869
17378
61550
48066
43689
29587
62788
341
10769
24990
30780
241
59830
168
11721
532
43322
5644
63688
55579
51834
739
4472
48790
53117
1532
57014
38145
57628
54747
53032
4522
9276
6042
61238
4224
256
223
26658
51162
43737
1915
55059
2802
19
35236
35448
53737
42260
38068
56466
2750
5061
25446
63300
207
16496
424
558
40238
16590
60289
41573
37085
61931
28289
16502
42636
16519
40172
36552
12686
52343
339
29929
1184
57718
8629
43895
320
4624
398
39079
894
61
33946
63884
16257
16611
223
72
60520
35701
39558
19
48832
870
34113
3307
11966
2243
16512
2430
51
4643
43718
17188
40602
32973
14288
31509
16482
38362
43339
29791
58867
19720
948
17034
43510
40017
57097
43461
64292
367
13505
24763
58310
405
45439
8064
50754
35672
40028
2336
34656
2549
7028
44340
16655
558
59328
31377
42235
26289
33991
58301
5868
22248
50731
47785
33233
1
53148
330
62625
17758
38085
63589
61544
47075
34719
2718
46018
5042
780
63498
640
21250
341
53713
33735
1508
1003
32865
17684
2596
28947
26221
3071
75
768
45756
9492
24894
788
10
59649
271
39635
58689