57
65504
21
16375
49
3838
39664
58254
47747
62927
29324
37964
41718
24085
18211
30003
53619
15306
3536
9430
36352
29157
31695
53752
59889
38591
36854
42952
64274
15204
38263
46095
20160
15047
63463
18497
62929
58429
268
49191
55161
58791
18603
26921
17519
27661
34821
51115
59728
4612
9161
48181
63608
39967
41893
58543
55817
55157
392
41251
51205
32769
36648
58421
13365
40645
17277
60230
39550
43600
58563
58996
49235
50638
24606
31548
28249
59782
168
6632
810
16101
104
63688
55579
51834
61069
4472
48741
53069
35822
49140
38337
26245
55077
41681
4441
43936
824
50790
4160
767
32
26658
51158
28093
42291
54931
45364
49977
6454
19991
53743
17443
38347
41978
29654
896
7970
63298
60992
65436
470
592
39637
16688
35715
59751
10147
54420
28290
12038
42866
16408
40172
21033
12721
9821
339
4819
530
29694
60573
19289
320
56398
38250
29606
766
39112
47417
63859
16257
16608
47288
37597
58875
5334
35116
19
30195
24663
11549
48008
61400
43608
56370
40919
33931
40979
35502
65230
37304
32973
14254
486
16541
38362
53735
29791
2519
62163
56988
17271
14417
27708
20866
9295
51999
16533
8963
64570
47483
37077
28923
8112
43450
21213
40354
2527
34462
58687
6538
44340
11812
54895
59328
26562
41986
64375
33824
57533
5868
18451
15743
12795
36170
56101
53164
437
13095
17441
31260
63644
44039
33794
32638
45211
46012
2285
39450
63991
870
3347
55287
21761
33735
51943
53796
30562
17907
2580
29164
23704
2303
438
27421
45756
44795
2247
786
492
59647
57652
16077
40002