57
78
85
16
41
856
3617
19480
19500
56
24608
2052
4146
16741
2208
10066
2476
4112
4360
153
591
5
6156
3076
457
16384
541
1536
3810
21060
16594
4235
792
4996
25144
8193
1025
8976
5849
200
16
1061
161
68
2212
2062
836
22880
8209
8402
4224
6336
2144
2736
9315
1297
128
21521
518
1058
1192
18712
10530
16594
20416
18724
17060
8320
8483
8
8192
20752
178
2060
4512
672
23591
4621
2057
2648
13168
518
2096
28
6160
2816
6202
1024
1294
152
4160
8449
37
7472
17432
10401
16
5376
257
25288
12336
1319
4176
8405
17282
392
5328
576
32
20609
25
40
3184
17155
1184
18816
25986
2066
17920
4621
8256
4226
561
8992
8736
260
20998
10376
9536
10660
2912
3330
9088
1300
21572
11314
2057
1618
2560
12482
13658
1088
18817
6172
4235
16660
8516
14
4145
594
17427
24675
513
4161
2098
845
11322
9272
16488
16430
18
2561
4153
56
546
4502
9728
12372
46
4768
3072
528
4409
27648
2072
24768
12812
8256
4390
3137
21216
1158
4865
4358
8404
18067
16960
16404
3072
388
161
576
4886
12296
8195
5137
17448
21440
12676
1091
9184
8193
4621
672
4231
17075
4503
2116
260
1553
2832
18248
9232
8192
1138
8339
24866
4372
24784
2152
2088
5152
8264
394
4418
6180
2688
26641
9896
4196
8232
1054
1176
16416
18625
1408
16
1136
1852
24772
18432
17
8528
18752
2242
17120
14216
4800
9234
9363
3100
594
12560
2404
608
2880