0
21
0
0
0
0
0
128
16384
4
512
0
4
0
0
1024
4
0
0
32
0
0
64
0
0
32
0
2
16384
16
0
0
8192
1024
1024
0
1024
0
32
0
128
8192
0
0
256
0
16384
16384
0
0
0
0
0
0
0
0
8192
0
0
0
128
4
64
4096
0
0
1
4
0
1
0
0
0
4096
16384
2
0
1
8
2
2048
0
2
0
128
0
16
0
64
0
0
0
2
64
0
0
512
64
256
0
0
64
64
16384
0
1024
512
4
0
4096
16384
0
0
0
4
16384
16
0
8192
8
2
1
8192
8192
0
32
0
8192
32
1
32
16
0
128
1024
0
1024
16
0
0
0
16
32
0
0
0
0
0
1
0
512
512
2048
1024
0
0
0
0
512
0
0
64
0
0
2
8
32
0
0
0
16384
256
2
0
0
0
0
0
1024
0
0
0
512
128
1
0
0
8192
0
0
0
4096
0
4096
0
2048
0
8192
0
8
8
4
0
0
8
0
8
0
8
0
0
0
0
0
0
1024
0
64
0
512
0
0
0
8192
0
0
8192
4
0
0
0
0
0
4
2048
128
0
64
256
128
256
0
0
16
0
0
1
8
16384
256
0
0
2048
64
16384
64