4152
57
56
0
128
144
2049
4
64
0
4
520
1
2048
256
2048
16
2
0
17408
8
64
0
64
32
4
0
0
32
0
64
512
0
0
1
0
8192
2
144
4096
4
8
0
64
1536
32
6144
0
16640
2
0
132
1024
4096
64
2
64
2056
4096
32
0
2
128
2
8192
0
4
513
4096
16
2048
0
36
1024
16416
33
16640
128
2
72
0
272
0
0
0
0
64
0
128
10
2048
1
16896
132
64
256
0
0
16384
512
64
2
16385
3072
0
4224
256
1
1536
16400
4
2052
16448
32
4096
8200
0
0
2050
0
128
1
0
128
4097
1040
256
1025
2560
0
0
0
0
128
16384
4112
1024
16
640
0
4096
0
65
4
16448
64
4096
6144
2304
16
8320
512
0
528
1024
2048
512
4
0
32
8
4097
4098
0
4096
0
8192
1
1026
4098
10240
8192
8
1025
2304
132
2048
128
1024
1
4
2
16384
0
64
1
16384
1032
16
18432
0
512
1024
8
8192
2052
1024
8320
20
256
528
0
130
16384
8
16400
6144
192
0
32
256
2560
64
257
48
0
8192
8
256
0
64
0
768
0
0
0
16384
0
0
64
8
0
1024
1
1152
8192
0
256
16384
512
256
2048
8224
0
0
264
0
64
0
0
16384
48
256
0
2048
2048