4152
57
56
1
136
146
18433
4
64
0
4
520
1
2052
256
2048
144
2
0
17408
10
80
32
64
2080
4
0
64
544
256
72
512
2
8192
65
0
8192
34
144
4096
4
8
0
64
1536
160
6152
0
24832
2
16384
132
1536
4096
64
2
64
8
4096
8224
64
2
8320
8194
8208
16384
4
513
4096
16
2048
0
36
1025
16418
8225
16640
8320
2
72
64
16
0
16
0
256
64
4
0
138
0
17
16896
4228
64
272
0
0
16896
4608
64
16386
20481
3072
0
4224
1280
1
1568
16400
4
2053
16448
32
20480
8200
2
0
2050
4
128
8193
1
128
4097
1040
256
1025
2048
2
0
256
0
160
16385
4112
1024
16
128
16384
4097
0
577
4
16450
64
0
6144
2304
272
8328
528
256
528
1024
10240
513
16388
256
32
8
4097
4099
8192
5120
0
8256
4097
1026
4098
10240
8192
8
1024
2336
388
2056
640
1024
8193
1028
3
16400
1
64
1
16385
1032
20
18433
16384
512
1024
9
8196
2308
1024
8336
148
0
528
4
146
16384
16392
16400
6144
196
0
32
260
2560
64
261
48
256
8192
8
264
16384
4160
8192
768
1024
1024
0
16392
0
0
68
8
64
5120
1
1152
8192
0
256
16384
512
768
2048
8225
0
1024
264
0
64
16384
0
18432
48
768
4096
2048
2048