136
12
13
68
1024
512
513
0
0
8192
24
10240
0
8192
2052
16
2
19
16384
144
0
4610
4100
2304
896
32
2304
6144
16
2
2320
128
512
2178
1024
32
64
2560
2
24
20992
16960
64
4224
1040
16384
12304
384
528
0
8200
0
256
1088
10240
0
128
4136
0
0
24576
64
18464
8
256
20
0
2560
4096
16385
64
768
8192
6
256
2048
16400
8192
0
0
0
1
72
16384
1
8193
16386
16
48
130
2
516
1
0
0
40
8456
129
16644
4384
96
17536
1152
1024
0
256
8320
17408
512
8224
128
3072
8192
4
1024
1024
6144
0
0
592
24832
0
1
516
16
16386
2176
1040
0
512
0
1282
5
528
12320
9224
128
8192
4132
768
9220
32
4096
0
24576
168
0
512
256
0
32
2048
0
3104
1
0
16
256
16512
2048
2048
512
0
0
0
24592
1088
6
18432
48
513
8
128
0
4112
8196
32
256
144
64
0
520
0
48
16384
1024
4
256
0
1
768
8192
258
128
16400
2066
258
640
1024
16404
16384
256
104
1056
32
9218
8200
18
1027
1040
130
0
1
2320
4
2048
16392
128
8194
0
130
8192
4096
1
8192
8208
16896
128
1
257
544
2560
32
16386
2048
258
4640
2304
1280
0
80
4
1024
72
516
12
3072
8
1024
4096
8256
2112
2048
514
4
9216