0
12
77
128
0
0
0
0
0
0
0
1024
8
0
0
0
16384
0
16
8192
0
2048
16384
0
128
0
16384
0
64
0
0
16384
0
16384
0
0
0
0
1
16384
128
4096
0
0
0
8
64
1024
8192
1
0
4
0
0
0
0
16384
0
2048
4096
256
8192
0
0
1
1024
0
0
0
256
0
8192
0
0
0
8192
512
2048
0
4
0
0
32
0
0
0
128
16384
0
512
0
0
1
0
16
512
0
128
0
0
0
256
0
16384
0
0
64
256
0
0
0
0
0
2
512
1024
0
0
0
512
4096
2048
0
0
0
4
0
16
8
8192
0
512
1
16
0
16384
0
0
128
0
0
0
0
0
512
64
2
0
0
256
1024
0
0
0
0
0
2
0
128
0
1024
0
128
1
0
256
0
0
32
0
64
0
0
0
0
16384
2048
512
0
2048
2048
1
8192
0
0
0
1
4096
0
0
64
64
0
8
4
0
16
0
4096
32
128
1
0
0
4096
0
0
0
0
256
512
0
0
0
4096
2
256
4096
16
2
512
0
512
8
0
512
16384
8192
0
0
0
0
1
0
0
0
0
8
8
0
2048
0
0
2
0
0
0
16384
16384
16
0
4
256
0
256
4096