57
12
13
72
32
516
513
0
16
8704
8
10240
0
0
2048
16
16386
18
16512
128
0
514
4
256
400
4128
2308
4096
8
0
274
1024
512
130
1024
0
64
10240
0
4112
17152
576
8256
8320
1040
16384
4112
256
512
0
8192
0
0
1032
8192
0
8
8232
0
2
25088
128
16416
0
256
4
4097
2560
256
16401
0
257
8192
2054
256
2048
16640
16
0
0
4352
0
8
16640
1
8209
2
16
48
128
0
4612
1
0
2048
8
8448
513
16404
4416
64
16512
17408
1024
4096
256
8320
5120
8192
8224
0
2048
0
20
1536
1024
6152
0
0
80
16640
4096
4097
524
0
2
2176
1104
0
512
0
1282
5
16
4128
3080
128
4096
20512
768
1028
512
4100
0
8256
44
32
512
0
0
36
2
1
2080
32
0
16
256
16384
2048
2048
0
0
0
0
24576
1024
38
18560
304
1025
9
192
16384
4112
8192
544
272
128
1
2048
516
1
16
16385
1032
4
256
32
1
512
24576
258
0
17
2064
3
0
1024
276
18432
256
104
1152
8224
3074
520
0
1025
16
160
0
1
2304
68
3072
16384
128
8192
8192
132
8192
4160
4097
8448
8192
18944
128
4
384
8224
514
34
16386
2056
2
4130
2048
1280
0
80
0
4
72
513
8196
11264
72
1024
4096
192
96
2048
2
8196
1024