57
12
21
72
49
516
543
0
224
8734
8
10360
240
0
2048
224
16386
18
16496
248
0
514
4
256
400
4128
2308
4096
8
60
274
1024
752
190
1039
0
64
10240
0
4112
17212
606
8256
8320
1248
16624
4112
256
752
30
8222
0
0
1272
8192
240
8
8232
240
2
25088
128
16412
0
256
244
4217
2680
256
16401
0
270
8192
2294
256
2048
16640
31
120
0
4472
60
248
16640
121
8209
2
16
12
128
0
4619
1
30
2108
52
8448
513
16404
4416
124
16542
17408
1024
4096
496
8320
5120
8312
8224
60
2048
0
20
1536
1054
6256
0
0
160
16880
4336
4097
524
0
62
2236
1104
120
632
120
1293
10
16
4124
3184
128
4096
20542
783
1028
632
4122
0
8316
16
32
512
0
0
212
122
1
2110
32
240
16
316
16384
2078
2078
60
0
60
15
24576
1144
56
18560
268
1265
53
222
16384
4112
8207
544
360
128
31
2048
636
61
31
16445
1032
124
316
32
1
512
24576
258
120
17
2064
3
0
1264
276
18432
271
152
1152
8239
3074
624
0
1085
16
160
15
61
2319
75
3102
16384
248
8312
8312
139
8192
4160
4127
8448
8192
18974
143
244
444
8220
634
34
16386
2056
2
4130
2048
1400
0
95
15
244
72
543
8196
11264
72
1039
4126
192
96
2048
2
8218
1144