57
21
8223
132
49
144
1025
164
1856
16513
1024
4105
5120
128
32
6144
528
130
8192
1538
16384
386
1024
64
2080
1
2096
9352
2048
32
16416
21184
160
16640
529
257
9344
5632
5648
16384
16900
266
1
2112
9216
10241
4352
10248
20736
4102
304
2176
24576
6144
321
72
0
8
4612
97
516
1026
2120
10
8196
3104
0
33
128
1280
2
8194
6182
32
22656
33
18688
912
8454
2120
2080
19712
521
8200
132
2192
16386
16385
128
2088
7170
17
26114
0
4160
16641
8706
1576
18432
2
2112
594
16384
2048
19456
4481
260
8
3076
16392
20
20
16384
41
152
8488
2048
2080
26
24608
144
265
96
1280
129
20
256
129
8708
512
8
80
9
512
1024
16
4128
1024
128
6240
4097
1
320
12294
16448
16
4632
2081
257
16657
192
512
8258
3584
1056
258
8320
0
73
20544
4112
6144
17474
5
0
2112
10240
5
7
4100
3593
1026
1032
17536
8964
548
1
0
9216
2048
517
512
16512
4640
32
1
16384
136
0
18689
4128
1536
8196
16
4096
8196
128
9216
2564
260
1074
32
4358
1152
1032
16640
18688
224
2048
33
24832
6176
1104
2880
51
0
13060
16388
265
0
64
8386
1280
1
12288
148
16640
3072
8209
104
8196
0
5120
16385
9220
4432
0
9220
146
512
16385
0
9219
528
320
136
8192
8290
6
16416
18432
5152
128
4096
2080
0