0
42
21
0
0
4115
19520
16385
6144
16395
258
512
4372
4482
2246
21504
4611
13442
17184
8192
16396
3
4100
17168
12306
6177
8451
4104
10256
1312
1092
184
16588
1600
80
4608
740
72
321
1
16404
9488
6
16
8460
14337
513
10432
79
5122
24608
1282
16394
768
6692
1280
19525
2336
516
12452
656
1110
1107
8488
22544
2433
1026
16898
16386
98
2080
40
14
16900
8360
20544
8513
8624
256
4240
640
12817
996
6688
12293
328
24
4098
65
1538
12384
4240
18449
2048
2064
2064
321
1168
4128
16928
2048
32
12294
145
4384
516
14336
6400
24640
16424
1048
290
24592
650
17052
20482
592
64
224
8
4480
2192
16450
16461
674
259
2048
4107
1216
8
1792
19232
1105
2118
17427
2120
17540
3860
24577
8195
92
2066
8266
67
9305
2305
8192
8199
17162
0
4816
2069
4227
9226
12352
1832
12802
16965
16913
5
4257
4098
10632
16416
18496
329
100
4
16418
3072
20548
4613
513
266
2214
10496
2058
12803
1
4864
16384
4352
2564
2625
5264
7201
2056
12
21765
292
4264
141
12292
24660
144
74
17184
18
8201
3104
2112
668
16898
18448
1024
4400
24576
518
1104
9236
2072
1154
192
9096
8706
4706
17416
15396
146
833
8736
18720
11267
514
397
2178
26
8608
17032
9
5634
2048
2
2304
801
144
6275
25089
8240
4480
545
24839
3072
16384
8272
17490
2690
9985
130
152
18436
2052
2688
4104
24640
1184