41017
42
21
31220
49
4589
564
16638
50160
16395
509
1022
4330
4482
17437
21504
4611
61497
42427
30425
16396
44505
4100
43234
12780
6177
8451
4104
20406
53478
1211
2682
43084
1600
175
35770
794
3362
42229
254
16619
15550
29534
15290
8460
14337
766
47202
79
34720
24608
1282
16394
13972
21944
1535
19899
2527
516
12452
27552
46894
1107
8488
22767
56063
6262
17149
16892
7128
2271
470
14
51817
8279
20671
1830
33558
254
4240
31200
13038
795
6688
12293
55966
24
15188
65
2044
12702
4240
18927
2558
3924
2287
63038
58540
4128
41306
21816
478
12537
145
15440
763
64812
28712
25022
16424
19772
290
4400
884
55934
20733
592
65132
42546
8
4222
2192
16450
16562
47204
508
33800
11021
55232
42758
6140
24019
1105
2118
17901
2120
17540
13017
17643
8195
61484
2540
32920
45982
9305
2305
8447
26849
17397
255
4910
2069
59219
53464
12479
1832
13308
44299
17134
507
4257
4349
10615
16607
22575
183
39607
4
16418
17756
25959
18852
1023
41024
2214
10494
22676
12803
1
4864
16384
65430
57231
3007
35326
7390
2056
12
21765
292
59743
19987
12539
52776
38759
12484
17375
18
8438
56978
2112
668
59241
18926
1024
4400
24831
57448
1104
9706
55874
1149
63
43998
24150
15540
31832
30505
146
15113
8736
18911
11773
1020
115
14523
26
8608
17015
246
5885
39984
508
46637
54605
111
6525
25089
8399
31426
991
61492
3582
7706
38342
17836
2940
58149
130
152
31248
2554
2942
4104
24767
34401