41017
65504
21
3
49
4589
564
15586
50160
19961
3049
1022
20690
10062
17437
21504
4611
31733
42427
30387
22500
43439
24536
41140
12780
6177
8451
35740
20406
53478
1211
46652
17420
1600
37415
34676
794
48856
36957
254
16619
43628
15114
15290
36444
14337
766
50692
79
34720
24608
19612
34618
4138
59212
1535
52443
10093
43804
23598
27552
46894
1107
8488
22767
27261
6262
17149
16892
45902
2271
470
14
51817
8279
20671
11406
33558
254
4240
21824
13038
795
49364
15885
55966
24
15188
24977
2044
12702
54052
42111
55108
1176
2287
63038
58540
4128
56468
21816
478
38753
63939
15440
763
64812
28712
26342
16424
19772
60996
4400
48786
34714
20733
592
59266
42546
8
4222
2192
2894
16562
47204
508
33800
11021
55232
42758
6140
15815
51017
2118
17901
2120
17540
13017
50371
8195
61484
2540
32920
23394
9305
2305
8447
26849
17397
43989
4910
10169
40179
53464
12479
1832
13308
44299
12210
38271
4257
4349
57395
16607
22575
17773
39607
17078
16418
16394
25959
18852
1023
41024
2214
10494
22676
12803
1
4864
16384
65430
57231
3007
54414
2042
2056
1174
2445
292
995
34453
12539
52776
38759
12484
58967
18
63454
56978
2112
61706
60373
18926
16488
4400
24831
41674
1104
9706
53918
18225
63
5172
24150
15540
31832
33655
46302
30035
8736
18911
11773
1020
9907
55095
26
39386
36527
44844
5885
39984
508
46637
51621
111
6525
30759
8399
31426
18943
42578
3582
47156
64478
17836
36752
32055
130
28838
43036
44568
2942
4104
24767
7267