40
108
8221
0
644
130
513
1060
64
0
548
1
3
2184
16640
18496
2064
20482
16384
1352
0
128
1040
64
160
36
32
16512
128
4128
136
520
4104
320
517
0
10272
20480
16432
1024
4
2
0
584
1024
24576
4128
16
10497
258
72
4736
16384
12304
321
4
512
520
5440
5120
16388
8192
0
32
8192
0
1024
2053
1088
32
4352
36
4
0
16388
33
1281
20608
67
1088
132
264
160
576
512
8
4096
16384
1664
8200
769
16384
576
128
20544
2304
8
20480
256
8
2112
4162
16640
10242
2304
384
256
0
9216
16384
97
32
16384
160
2
2056
1040
0
2
16464
8320
5
32
12288
5
20
8448
8197
545
512
1041
1
2
321
1032
1040
132
2112
4224
18433
6400
3
8256
16388
20481
256
4096
2048
2304
16432
386
1537
3200
768
17416
2
2
4
16
16384
2048
6144
17410
0
256
1568
12288
4101
10
4097
10241
17409
12296
1028
256
516
2304
4224
9216
4112
0
8192
26624
8208
130
2049
16640
16393
1024
16704
192
8960
18432
17408
128
1028
1088
8736
4
128
18
256
514
288
9224
17664
2048
16704
128
1024
4353
2560
8208
320
56
392
8256
4096
2304
5
1248
1
320
1024
4224
2304
16392
1088
2048
64
104
264
1024
161
0
16384
70
0
1
16
224
8704
9216
0
320
2056
8256
576
260
392
16648
4640
36
0
2560
8192