40
104
8213
512
644
130
515
5156
64
0
548
1
4099
2184
16640
18496
6160
20482
16388
1354
0
640
1040
8256
160
37
32
16512
136
4128
8
524
20488
16704
517
128
10272
20512
16432
1024
0
2
0
600
1024
24576
20512
16
10513
8450
72
640
16384
12288
4417
12
516
552
5440
5120
16388
8192
0
0
8192
8
3072
2053
1092
8224
4416
36
516
0
16388
1057
1313
20608
67
1088
132
4360
160
576
512
10
4352
16384
1665
8232
768
17408
580
128
20544
2308
9
21504
256
9
2112
4166
16644
10242
2320
384
256
8
9216
16400
99
16416
16392
32
4098
2312
1168
0
2
16464
8321
4101
8224
12288
4
20
8448
8197
673
512
1045
1
66
321
1032
9232
148
2112
4224
18433
6400
3
8256
16388
20485
256
4096
2176
2304
16432
386
1537
3200
896
17416
3
2
132
80
16512
2048
14336
17442
0
256
1568
14336
4103
2058
4609
8193
17921
12296
1028
256
516
2306
4224
11264
4120
16
8192
27648
8216
162
2065
16640
9
1024
16704
448
13056
18432
17408
128
1284
1092
8800
20
160
18
1280
514
288
9224
17664
2048
16704
128
1024
4361
2592
10256
320
4152
396
8256
4096
10496
16389
1252
257
352
1024
4224
2304
16392
1088
2048
80
104
264
1024
161
8
16384
70
16384
33
16
224
25088
9216
0
320
3080
12352
16960
260
392
16712
4648
36
16384
3584
8192