40
40
21
516
644
130
2563
5172
64
1
550
2049
12291
2216
16641
18496
14352
20482
16388
1354
0
512
1040
8384
160
16421
32
17024
138
4128
8
524
28680
16708
4613
128
10276
20512
20528
1056
0
2
0
600
1024
24576
20516
48
10513
8450
72
640
16384
12288
4417
268
516
552
5448
5120
17412
8704
0
1
8448
8
7168
2053
1088
32
4416
36
4
1
16388
1056
1313
20608
4163
1088
132
4488
162
576
512
4106
4352
0
1664
8744
2816
21504
708
4224
20544
2304
73
21504
257
41
2128
4166
16652
10306
2320
384
256
12
9224
16400
99
16416
16392
32
4106
2312
1170
1024
0
16464
8321
4613
8224
12800
4
20
8448
8261
681
16896
1045
257
70
257
1032
9232
144
3136
4224
18435
6400
7
8256
4
20485
256
4096
2176
2304
16433
384
17921
3201
17280
17416
2
2
132
80
20608
2048
14336
17442
0
4352
5664
30720
4111
2056
4611
8193
19969
14344
1028
256
644
2307
4232
11264
4120
16
8192
27648
8216
160
2065
16672
16393
17408
24896
449
12544
18432
19456
4224
1300
1092
8800
28
672
82
3328
514
288
9224
21760
2048
16706
128
3072
12553
2592
10258
322
4152
398
8272
4096
11520
16453
3300
257
352
1024
4224
2816
24584
1088
18432
84
104
264
1024
16545
8
0
70
16384
35
16
224
25092
9216
512
832
3080
28736
16962
276
424
16713
4648
36
16384
3584
8192