57
215
21
516
644
125
2563
5172
64
511
550
2049
12540
2135
16641
18496
14830
20988
16388
1461
0
512
1040
8255
160
16421
32
17024
138
4128
8
524
28680
16570
4613
382
10714
20703
20942
1502
255
508
255
600
1534
25086
20954
462
10734
8450
72
639
16894
12798
4542
242
763
552
5559
5120
17914
9214
255
254
8448
502
7168
2053
1088
32
4543
474
251
1
16890
1056
1313
20608
4163
1088
123
4471
348
958
1022
4106
4352
255
1918
8744
2816
21759
571
4224
20544
2302
439
21504
510
41
2478
4166
16652
10306
2320
126
254
12
9718
16400
99
16607
16631
32
4341
2312
1170
1534
0
16464
8321
5115
8670
13055
251
20
8448
8635
681
17151
1045
510
70
257
1526
9232
144
3136
4224
18684
6400
505
8256
4
20730
256
4606
2176
2304
16847
126
18431
3201
17279
17910
2
508
378
175
20607
2048
14336
17442
0
4352
5855
31230
4336
2056
4611
8446
20479
14344
1028
254
635
2307
4232
11519
4582
16
8447
27903
8216
160
2065
16606
16630
17918
24896
449
12542
18432
19456
4223
1258
1211
8800
482
672
428
3326
514
288
9224
21760
2303
16706
127
3072
12790
2783
10732
445
4152
112
8272
4096
11520
16453
3354
257
158
1024
4224
2814
24823
1088
18942
426
406
246
1534
16545
8
0
70
16384
477
494
224
25092
9216
512
832
3574
28736
16962
276
424
16713
5078
474
16384
4094
8192