57
21
4173
4224
2
0
2
32
264
9
26624
4368
513
64
6
33
3072
4
20480
2560
2048
6
0
4098
257
4
8
0
24576
5136
8706
0
32
16384
1041
16
3073
2066
2560
2052
2064
8256
4096
2049
18464
20480
530
0
5
392
140
0
1040
32
162
8192
4
5124
16
128
12288
8208
0
0
1
8192
1
1
13312
0
34
18496
11265
4104
16384
0
4132
0
18448
5
6
40
0
2065
8192
4
16640
288
16944
128
32
96
4136
20480
8704
128
1
0
0
16420
16385
32
5124
7
512
128
9252
1296
40
64
36
1
2
8
1
514
4140
20480
324
512
4110
1028
2051
514
0
4
2
128
64
2050
6144
16516
128
17408
18688
24704
16
24
576
848
16416
264
265
1664
4096
1544
36
2704
4096
392
0
9216
529
4864
1
6164
3084
16
132
2
592
0
0
0
5
64
8960
16417
136
320
528
4353
4104
100
2
6209
8712
512
4104
4096
2308
64
16456
8261
544
8192
12320
8
4672
66
32
18432
2048
64
4610
384
6208
136
2
304
138
1028
32
1024
0
1040
18
224
256
25600
2
258
5120
0
6144
8192
128
4225
1056
8368
2052
8
2048
536
1280
0
32
4224
2
20
34
8288
16384
72
0
0
1024
2056
2048
16416
128
1
257
528
16
4096
268
512
2112
4224
6
384
0
4
0
2064