57
65504
13
43385
49
247
1024
17408
18928
44862
12543
704
1
36864
8208
5523
0
25022
35704
18432
128
256
5118
1024
17536
64494
32
2550
25088
0
26864
14368
11552
50558
44860
0
16384
52566
8
0
32
9
22304
38272
0
255
49408
254
41888
8510
41984
0
56832
45554
45056
38943
33216
15045
12560
37159
63360
510
0
20106
0
0
37920
39662
16384
10486
18872
52665
251
26770
45992
247
32112
247
0
4096
45056
15624
32768
49696
511
55978
255
27520
0
4849
16384
933
508
18184
10512
44991
18432
24223
703
510
55552
61952
4606
4096
37824
4
0
42126
498
0
32768
494
16384
4420
2
0
52608
358
57620
3072
512
438
2316
0
49136
10222
39928
30704
0
51454
53184
247
4606
1024
251
54514
511
27272
59904
35431
0
14023
0
46590
51424
60449
46144
29092
25856
0
22528
51264
0
647
47500
0
0
1168
0
44614
528
2048
0
16384
36
22784
16894
31610
0
8702
61526
63316
64
508
16384
255
46592
54590
8192
16894
23040
2303
52064
63112
0
21663
512
510
40000
0
15864
38140
1
2050
43260
25600
0
0
7738
35385
57968
0
1022
4598
4096
2270
0
0
27744
27831
22976
0
58368
251
508
44254
1028
32
39294
16512
510
63279
16
31744
0
1024
0
2487
16384
223
256
3582
144
65247
0
253
4606
0
320
48348
45072
0
16384
0
510
41742
0
16448
8702
2
8
11289
0
13559
30584
512