1024
60896
4373
2
64
432
10812
85
58880
20896
15194
61852
21993
63921
25616
42392
24
8673
65
1049
11488
3
36865
5696
55872
2528
34016
42380
15344
37792
56
20534
8530
200
52100
1399
4618
60696
3968
588
65312
55356
12504
0
32836
54180
4508
57720
1423
33827
39840
2952
12340
20576
20227
60057
16589
9384
49956
64200
31268
23312
28964
1133
58628
2931
20858
10473
47768
3428
11202
60964
0
46188
22846
17574
488
516
1039
13303
26880
15200
755
24939
5427
13292
2349
43333
53248
33686
2337
44036
0
17632
34102
16858
12441
704
64196
16384
18432
10712
3936
26938
22746
662
28268
7391
8256
65526
17925
5096
20488
21422
4505
24622
23808
3127
0
21712
391
12289
28616
13595
44080
12296
58432
10
2056
20939
605
49428
478
33248
64556
8135
234
50075
40534
22816
4220
6605
4769
54118
6500
33854
6550
35066
44432
34259
39434
42160
8192
25601
28448
27469
25088
42990
6528
57344
32785
34832
12740
5870
14976
20349
2052
34683
11555
8458
45056
2268
37120
40198
30080
25731
512
55392
18818
303
55616
40230
8488
59920
64064
64361
52652
65420
12288
8759
16602
5632
11023
872
33344
22504
256
57352
29978
31554
16864
10560
64748
55673
25424
16784
5636
8566
62080
4145
51870
40856
240
45847
45792
56907
4440
46656
35264
49
52688
3124
3536
111
26624
1472
20480
7185
16128
29487
45728
4868
18176
6521
60390
260
9185
24624
2401
39834
36096
6576
11305
0
17231
59598
9152
22288
33792
16968
24586
22299
14147
1753
33576
25835