1026
65504
4373
2
1088
432
10876
84
58880
20896
15192
61852
21993
63921
25616
42392
152
481
65
1049
11496
3
32769
7744
55876
2528
42208
42380
15344
37792
24
20502
24914
200
52100
1399
4616
60688
3968
588
65440
55356
13016
0
32868
54180
4508
57720
1423
33827
39840
2952
12340
20576
18179
60057
16589
9384
49958
64232
31268
23312
31012
1069
58636
2675
20858
26857
47768
3940
11202
60452
16384
46188
22814
17574
1000
532
1295
13047
26944
16224
755
24931
5427
13292
2349
43333
49152
33718
2081
44032
1
17632
36150
16858
12441
704
63684
16384
19456
11224
3936
26938
22746
726
28284
23775
8256
65526
17925
5096
20488
21422
4505
24622
23810
3127
2048
21712
391
12289
28618
13595
44048
12360
58432
10
2056
20939
605
49428
476
33249
64556
8135
170
50075
40534
22816
4220
6605
4769
54119
6500
33838
6534
35066
44434
34259
39434
42160
8192
25601
28416
27597
25216
42990
6528
57344
32785
34832
12612
6126
14976
20349
2116
34683
27939
8458
45312
2270
33024
40198
30080
29827
516
39008
18818
303
39232
39974
8490
59922
64064
64361
52652
65420
12288
8767
16602
5632
11055
840
33600
22504
256
57352
30106
31570
16864
10560
64748
55673
25424
16792
5636
8566
62080
4145
51742
40856
248
45845
46816
56911
20824
46144
35264
49
52688
3124
11728
111
26624
1472
20608
7697
16128
29487
45728
4932
18176
6521
60390
324
9121
24624
2403
39834
36096
6576
11305
0
17231
59598
9168
22290
32768
19016
25098
22299
14147
1753
33592
27883