1532
65504
21
2
1726
432
11138
909
59161
20574
15014
61795
20783
63521
25808
42420
152
449
17223
17529
11287
502
35297
8126
56157
2528
42015
46515
13200
37798
678
20776
24914
72
51820
1929
5102
60895
3649
893
65494
55748
12879
414
33690
53863
12697
57776
1154
33827
39775
2369
12745
20878
17570
60167
16846
9390
49990
64232
31707
19447
31012
1202
58382
1005
20822
26761
63896
3742
11214
60452
18689
46265
23011
21669
996
8991
5396
13065
18831
16128
5
24988
5427
13858
2259
43301
49909
33610
2081
36137
711
17694
36617
16858
28778
830
56250
17279
19966
10789
3958
26789
22746
680
28391
22767
8256
56456
18170
4887
21065
21486
4103
24622
24423
3127
2279
21834
1463
12596
28454
14309
44287
12468
58553
10
2056
28980
832
49621
476
33217
64978
7737
149
49926
40785
23331
4421
6195
4769
49889
6185
33838
6264
35082
48300
34259
39432
42160
9296
25854
28416
25537
25470
42158
6528
57599
41449
36057
12612
5879
15224
19197
438
34181
27939
8436
45393
2501
49504
40417
30076
30078
327
47512
18754
4396
39745
40102
8267
59629
64096
64169
52398
65420
12606
9185
18519
6016
11039
872
32909
30680
792
57608
30077
31700
16434
10458
65297
55753
25503
17055
5765
9136
62230
4412
51871
40879
414
45803
46816
54607
20824
46589
35005
41
36332
3492
11744
136
27007
1633
21638
8175
16383
29399
45790
4899
18383
6752
60372
9077
9145
24632
2388
39785
36222
6587
11478
462
16495
59650
9168
22027
33137
19382
25098
22269
14013
1831
33478
28053