1026
21
234
2
1726
432
10876
627
59366
20896
15192
61852
20689
63521
25902
42420
152
449
17336
17529
11496
8
35102
7744
55971
2528
42208
46412
13200
37721
678
20776
24914
72
52114
1929
5102
60895
3774
898
65494
55748
12879
414
33380
53912
12646
57776
1404
33827
39840
2239
12745
20878
17756
60167
16689
9297
50105
64232
31707
19208
31012
1202
58609
531
20822
26742
63896
3742
11057
60452
18942
46265
22812
21669
538
9184
5354
13047
18800
16383
5
24931
5427
14300
2349
43227
49909
33610
2081
36310
711
17632
36617
16858
28821
704
56250
17279
19456
10789
3958
26714
22746
680
28391
22767
8256
56456
17925
5096
21174
21265
4103
24622
24472
3127
2279
21684
1463
12490
28454
14309
44032
12468
58553
10
2056
28980
959
49621
476
33217
64556
8135
149
49926
40878
23516
4538
6605
4769
49889
6185
33838
6534
35317
48466
34259
39926
42160
9646
25601
28416
25537
25216
42320
6528
57344
40983
36057
12612
5897
15224
19197
72
34181
27939
8458
45486
2362
49504
40417
30076
30078
440
47206
18620
4396
39615
40102
8372
59410
64096
64169
52305
65420
12606
8735
18600
5758
10977
872
32909
30680
792
57608
30077
31700
16844
10532
65263
55753
25503
16992
6011
9039
62230
4547
52065
40784
96
45845
46816
54607
20824
46589
34882
214
36115
3492
11551
136
27007
1694
21638
7697
16128
29399
45790
4899
18383
6815
60372
9098
9030
24632
2475
39785
36222
6587
11305
462
16495
59644
9168
22517
33166
19016
25098
22269
14147
1753
33592
27755