1026
21
234
5
1726
59578
21378
627
61422
20896
15192
28327
20689
63521
25902
42420
152
449
37578
17529
30716
4893
35102
29527
55971
2528
42208
46412
30636
2422
678
20776
33906
25193
6836
1929
5102
60895
3774
898
11302
60653
12879
11465
33380
6853
21396
57776
1404
33827
39840
2239
12745
35523
64308
60167
54689
9297
50105
64232
40983
19208
60514
3313
59185
531
51162
26742
63896
32483
11057
60452
18942
51970
22812
52720
538
36141
7224
13047
50624
16383
29271
43446
10887
14300
2349
45618
12453
40611
2081
16780
29311
17632
36617
30777
28821
704
56250
25314
19456
33162
3958
26714
22746
2065
32337
22767
8256
20213
17925
24919
21174
52723
4103
24622
24472
3127
2279
21684
49063
40003
28454
14309
44032
20529
58553
21385
2056
28980
959
49621
476
44870
6834
8135
25629
49926
40878
49255
4538
37978
4769
49889
30905
336
6534
35317
48466
104
39926
44871
38622
57804
28416
25537
25216
42320
6528
57344
40983
36057
12612
37036
33052
19197
18068
34181
27939
8458
45486
2362
49504
40417
62506
30078
17000
9239
18620
4396
39615
40102
8372
59410
64096
14946
52305
65420
41142
15580
50790
5758
10977
24873
41551
30680
792
59853
30077
31700
16844
10532
65263
55753
25503
16992
17993
9039
19686
4547
52065
61987
96
45845
46816
54607
20824
9608
34882
23473
58095
18561
37083
12647
27007
1694
21638
7697
17124
48572
45790
16650
18383
37000
35240
37493
9030
6655
2475
39785
36222
6587
60415
25281
25443
23281
21436
22517
33166
19016
52222
22269
14147
1753
33592
27755