57
21
234
5
1726
15039
31624
4986
61422
36521
15192
28327
5097
63521
25902
3779
152
449
37578
63135
48204
4893
59700
58990
55971
2528
63738
46412
30636
24211
678
20776
33906
25193
51192
1929
23314
60895
3774
898
11302
60653
32633
27380
33380
6853
21396
12255
1404
9398
39840
23282
58929
35523
20586
60167
10313
9297
3315
64232
62803
19208
8352
27184
59185
531
51162
26742
63896
55080
26999
60452
44102
51970
22812
19771
31666
36141
7224
13047
53264
22864
29271
15452
10887
16177
32643
45618
39165
40611
2081
46823
29311
43581
36617
30777
28821
704
3198
25314
19456
50159
3958
26714
22746
2065
58299
37317
8256
20213
48499
38197
47910
52723
4103
24622
24472
18348
14685
33067
60823
40003
56992
14309
44032
20529
58553
21385
2056
28980
959
11096
24160
31312
6834
8135
25629
1935
54072
51698
4538
61671
4769
49889
30905
3553
6534
35317
48466
104
39926
46302
38622
57804
28416
42076
25216
42320
6528
10655
1111
36057
12612
64335
54208
19197
18490
34181
31947
8458
2904
23269
55564
40417
62506
30078
17000
27355
45422
34015
39615
4187
40042
59410
64096
38939
8715
65420
41142
15580
50790
5758
10977
24873
41551
50331
792
59853
44867
52635
16844
10532
41037
18068
25503
35373
17993
64749
19686
24980
52065
18166
96
45845
46816
19238
20824
9608
1308
23473
16843
18561
50617
33350
44127
1694
21638
31220
35784
48572
45790
21233
20151
37000
35240
37493
9030
33516
19865
59736
36222
20140
60415
25281
25443
23281
29106
22517
33166
19016
52222
22269
30271
1753
33592
51562