43321
65504
21
256
0
16862
2099
45561
41208
4766
10752
59699
236
35146
16787
45811
2032
1241
38639
28599
482
43376
20492
18576
17896
751
4289
35876
61311
9766
258
2577
2158
41949
9730
20706
844
16678
65224
129
375
16730
5783
60197
746
6208
4
8319
1469
368
8458
44044
16653
257
35732
35538
17719
55777
50766
50122
4542
2
1180
16767
16400
16546
6186
2749
2304
368
1040
878
34462
22734
48
43030
2050
54965
35602
6517
55214
1152
1172
2094
49524
462
41938
20878
2080
8608
6958
34104
60035
65377
404
706
4541
220
17648
157
2561
58362
359
21083
41511
4233
63639
50839
2817
16386
16870
130
454
19151
6649
17045
64
2815
38732
49723
17144
65258
1023
54405
60516
254
42840
60812
40050
2
16827
4344
3570
54625
5185
13297
13497
16734
25
56629
37848
43633
40042
58370
76
4355
294
88
58621
258
56
130
47585
40249
36350
861
12979
1068
3184
8673
42082
1038
48226
128
36897
1152
528
2466
1
1032
9688
12532
402
2168
50024
17698
825
53920
256
58990
57004
4394
48804
1072
60993
49739
33511
20992
12428
973
4224
1259
1407
16
4811
258
479
36229
4246
2515
9728
2460
1338
4996
3570
20714
719
12930
1346
3029
640
55601
3
3196
173
52459
411
16644
1895
9982
4549
17808
11136
49547
2366
49451
516
1030
375
16400
39795
2112
4129
36
58388
37573
51730
16778
766
6792
12429
16884
37148
39437
49228
18804
16594
8285
447
4371
47042
6834
35026
830
41663
2097