2048
28
8205
0
0
32
1024
0
16
0
2
4096
0
0
32
128
2
64
32
0
1
2
8
8192
0
0
0
0
8
0
256
0
256
1
0
0
0
64
2048
0
0
512
8
2048
2
2
0
0
64
0
32
16
0
2
16384
2
256
8192
0
0
256
0
0
1
64
0
0
0
0
16
4
0
0
32
8192
0
0
0
0
2048
1
0
0
0
0
16
16
8
64
0
0
0
16384
0
0
0
16384
0
2048
4096
1
64
4096
64
2
16384
2048
64
8192
0
2
2048
16384
0
0
16
0
32
0
0
0
0
0
256
0
64
0
0
1
0
0
128
0
0
0
0
0
0
0
0
0
16384
0
0
4096
256
4
64
0
8
0
4096
0
16
64
16384
16
0
2048
1
0
0
16384
16
0
0
8
16
0
8
8
0
16
0
16384
2
2
1
16384
8
64
512
0
0
0
1
0
0
16
0
8
0
0
1024
0
0
0
0
8192
0
0
2048
4096
0
0
1024
32
1
0
8192
16384
2
128
2048
512
0
0
4
32
0
2
0
128
1024
0
2048
128
1024
1
8
2048
0
0
4
4
2
0
512
0
0
0
0
128
0
0
8192
8192
64
0
128
0
2
0
4096
0
0