43321
65504
21
0
0
16846
2163
45561
41208
4766
10752
59699
748
35178
16787
45811
2032
1497
37615
28343
482
43376
20492
18576
17896
751
4289
35876
61055
9766
258
2833
2094
41949
9728
20706
844
16678
65224
161
375
16728
5783
59685
714
6144
4
8319
1469
368
8458
44044
269
289
35732
36562
17719
55781
50766
50122
4534
4098
1212
16751
16400
16546
6184
3005
2304
368
5136
878
34462
22670
48
43031
2050
54965
35346
6517
55214
1152
1172
2094
49524
462
41938
21390
2081
8608
7022
34104
60035
64353
276
722
4533
220
17656
221
2561
58362
359
21083
41511
4233
63635
50839
2825
18434
16870
128
454
19151
6649
17045
64
2815
46924
49723
17144
57066
1022
54661
60452
254
42840
60812
40050
2
16827
4280
3570
54625
5185
13297
13465
16734
1049
56629
37336
43633
56426
58370
8268
4355
1318
90
62717
266
56
2178
47585
40249
36350
4957
12979
1068
3192
8673
42082
1038
48226
132
38945
1152
656
2434
1
5128
9688
13044
402
2168
50024
17698
4921
53920
264
58990
57004
4394
48804
1072
44609
49737
33383
22016
12428
973
4225
1259
1407
16
5067
274
479
36229
4502
2387
9728
2460
1338
900
7666
20714
975
12930
322
2901
640
51505
3
3196
165
52459
411
16644
1863
9982
4549
17808
9088
49545
2358
49195
516
3078
359
16656
37747
2112
12321
36
58388
53957
51762
16779
17150
14984
12301
18932
37148
39437
49228
19316
17618
8281
415
4355
47042
2738
43218
894
41663
2097