43325
65504
21
32
4
16846
2147
45561
41208
4798
10880
59827
748
35170
16787
41715
1968
1497
37871
28343
482
43376
22540
18832
17896
17135
4801
36004
61055
9782
266
2897
2094
41949
9736
20706
844
16678
65228
161
375
16720
5783
59685
714
6148
4
8287
1469
352
8456
44108
16653
801
35796
36562
18231
53733
50758
50122
4530
5122
1212
16751
16
162
6440
3005
2304
368
4112
878
34526
22670
49
47127
2050
54967
35346
6517
55214
1152
1204
3118
49524
462
41938
21390
2081
8608
2926
34104
60034
64353
277
722
6581
220
17660
221
2560
58354
359
21083
41519
4233
63635
50839
2857
18434
16870
128
454
20175
6649
17045
576
2815
46924
49723
16632
40682
1022
54661
60468
254
42328
60804
40050
2
16831
4152
3442
54625
5185
13265
13457
16730
1049
56613
38360
60017
56362
58370
8268
4355
1062
1114
62717
266
1080
2186
48097
40249
36286
4959
12979
1068
2168
25057
42594
1039
48226
132
38945
1152
656
2434
1
5128
9560
12980
402
2168
50024
17698
4921
53920
265
57966
57006
4394
48804
3120
44611
51785
33383
22016
12444
973
4225
1259
1343
144
5067
274
479
36229
4498
2391
9792
2462
1338
4996
3570
20714
973
12930
322
2903
640
51505
3
3452
165
52427
411
16644
1863
9982
4549
17808
9088
51593
2358
49195
772
3086
295
16656
37746
2240
12321
548
62484
53957
51762
17291
17142
10888
8205
18934
37148
39433
49224
19252
17622
8313
447
4355
47042
2738
43218
894
41647
49