65460
42
21
509
4
16846
48727
45561
41208
25372
52586
59724
786
35229
14160
41715
59280
1063
60875
55403
482
43376
22540
18799
17896
16912
40077
35931
27151
9782
244
2990
21486
41949
9736
20509
2308
60636
65330
12371
137
16720
5783
45103
3698
6650
59551
8609
1091
42813
56466
58445
47269
990
35796
36562
55495
53733
50758
734
48084
5122
9423
15634
42384
17371
6615
2882
56952
39654
65378
913
11342
22670
49
47127
2556
55113
35346
6538
54864
1152
1204
64810
31459
48
41938
21104
39806
8543
2926
11280
60029
64414
277
53780
6581
26456
17660
34
2560
58125
359
21083
61791
4471
35263
50839
20049
35912
59965
382
56
20175
6151
52357
958
9237
47027
49860
11784
32547
512
13956
60468
254
20060
62844
40050
2
16449
3009
33898
54625
19765
13102
23118
16730
1254
56613
38360
60017
56533
29924
8268
47295
1062
27150
10890
30390
1223
2186
48097
40135
35904
14901
12252
1235
39228
25057
8482
1039
48226
132
38945
6636
34116
2434
1
5622
62128
12980
5908
2168
49814
17698
12647
54110
4517
43784
57006
26986
46392
3120
35027
51785
47859
22526
12387
42067
4479
29809
1343
111
20039
56838
288
36229
4498
30234
1582
25100
422
4996
16604
20501
563
28126
32636
2729
894
51662
3
3452
90
52533
411
16644
1863
9982
4549
17808
9087
51593
2358
49195
772
3313
217
16622
37746
37618
12321
64357
62954
53957
52172
28096
16905
10871
46866
31764
37148
61969
7654
55114
828
38552
65
37898
47042
2738
43218
640
42837
47316