57
42
21
51703
4
3990
48727
45561
41208
25372
61476
40516
786
35229
14160
41715
59280
1063
60875
61937
482
38448
33032
61177
34240
16912
40077
14251
164
9782
30872
44590
4544
41949
9736
38135
2308
19404
48492
12371
137
21968
57468
45103
65056
6650
34706
8609
47872
51117
56466
58445
64388
62198
35796
36562
55495
61181
50758
734
48084
8314
9423
15634
42384
17371
6615
9798
56952
39654
65378
913
11342
22670
15658
47127
2556
37621
22908
6538
54864
1152
1204
64810
31459
19568
41938
29712
39248
12951
2926
11280
23020
10342
42678
53780
6581
26456
26744
34
2560
58125
13578
21083
50072
4471
35263
50839
3116
35912
27702
10658
56
29055
45854
21695
958
23705
6018
41244
11200
14219
62464
13956
60468
48878
20060
62844
40050
2
53506
54467
33898
20089
19765
8514
26480
16730
9212
52247
27168
60017
27412
29924
8268
47295
1062
27150
10890
5614
1223
2186
48097
40135
7808
59671
53504
8295
39228
25057
51008
1039
48226
36772
38945
6636
65048
2434
1
5622
62128
12980
5908
2168
49814
17698
51408
54110
4517
43784
57006
54370
46392
3120
20392
51785
47859
22526
27696
42067
4479
29809
1343
111
20039
56838
288
36229
4498
30234
1582
25100
33496
4996
52048
20501
45834
28126
32636
2729
894
51662
11388
3452
90
52533
14024
16644
30332
9982
4549
17808
9087
51593
43328
49195
772
3313
217
16622
50440
20862
20968
64357
26596
53957
35856
28096
29432
10871
46866
31764
37148
61969
7654
35834
14248
38552
65
9146
47042
46726
43218
38528
22102
28460