57
16452
349
1280
18440
128
8
2176
16386
5
16
0
1089
8322
608
512
270
259
8
64
1024
10
1
4
512
2068
11280
34
266
8704
24
0
16
4104
16384
2
148
16388
81
0
9216
20624
8192
8192
3088
16512
0
1
12
4
1064
0
8960
1024
32
0
17408
8224
608
4
4096
1024
2056
0
2048
9488
8192
2592
8192
1056
324
1024
8192
520
64
2
8
4096
1312
8228
544
1
0
512
16406
1024
4136
4100
552
16
2048
32
4100
4098
8226
10256
1056
257
8196
512
392
0
4
416
4
2560
1668
1025
65
16
1296
0
64
80
8192
20544
515
16
0
656
0
74
33
10244
4098
56
1352
4112
400
8280
136
16
2060
512
32
0
16460
80
8
32
128
4100
512
512
4356
8
4112
16402
5120
176
4100
0
40
64
16384
2
8258
96
256
0
514
4096
16384
16424
304
2312
130
3072
12288
8192
7
24576
5248
3074
32
4736
4225
2562
8196
16
8
16384
1024
2048
0
0
16421
13312
4096
17408
4
1024
0
16512
16392
256
8336
1120
144
1168
8
2080
16896
0
8192
16
9216
1160
146
65
8194
16384
4096
6
2056
1028
0
16385
1056
16389
516
8208
16384
0
4097
8200
2
3072
256
1856
96
74
1026
1029
16896
2561
152
16513
192
320
8208
2312
18
0
128
552
4
1
48
4100
16392
32
16384
2560
16640
16418