514
22572
285
128
1312
264
72
24960
4160
24736
2241
32
5120
20480
18440
1025
1056
6156
4226
0
66
4224
16512
18456
512
1124
834
320
2058
24864
650
516
4360
2081
3
8200
272
80
8
24598
20
50
17152
524
1024
1024
4224
16388
16640
16520
24
1032
1408
6184
32
8384
16392
912
8240
2050
24576
36
8456
0
12296
16386
18560
33
512
645
1
4132
272
66
4
384
1121
4100
8192
4096
2560
2052
192
36
32
2086
260
8193
8194
1034
24576
1033
8384
2562
28672
65
2048
2084
64
18
0
10244
32
2624
32
16929
0
8449
2120
42
0
328
48
16519
8193
16
1298
32
2176
130
28674
292
4104
17536
528
18560
16416
10
17
8208
20484
258
1028
0
9984
2304
8704
768
324
4864
9234
520
16450
16916
160
8209
9504
32
18432
12544
1168
392
642
8
1608
0
514
512
16
17
32
16448
4354
640
2144
523
0
516
26656
516
389
8193
8257
4168
4614
9344
5
0
4272
257
192
1
5248
4098
2560
524
648
1030
10248
16384
515
1184
1568
0
3096
464
4096
6
16642
4097
1216
12
16393
152
1152
17410
18432
1042
1541
3072
10
0
4112
16
16
4609
40
25600
2309
4096
1024
0
8704
4112
514
9344
16832
20
168
1
0
8193
2058
12304
1024
262
4
4160
256
2568
298
8448
32
256
4240
130
19972
1040
322
16
512
16514
24576
1156
5378
20