642
22568
8477
384
1312
328
72
24960
4160
24740
2241
36
5122
20480
18568
1057
1056
6156
4226
64
194
4226
16512
18448
512
1380
842
832
2058
24864
714
516
4360
2081
3
8200
336
80
8
24662
20
50
17152
8716
9216
1152
6272
16388
16672
16520
280
1032
1408
6184
32
8320
16392
912
48
2050
24576
32
8456
2
12288
16402
18560
4129
512
645
1
4388
272
194
4
8576
1121
4100
8320
4224
2560
2068
192
36
32
38
260
8193
8258
1034
24640
1033
8320
2562
28672
577
2048
2084
16448
18
0
10244
32
2624
32
16937
0
8449
2112
554
0
2376
48
16519
9217
2064
1298
32
2432
8322
29186
292
4104
17538
528
18568
16416
10
17
8208
20484
258
1028
32
9984
2304
8192
768
324
4864
9234
520
16450
17940
1184
8241
9472
16416
18432
12544
3216
2440
642
40
1608
0
512
512
16
16401
32
16448
4354
1664
2144
651
0
516
18464
516
389
24577
8257
4168
4614
9344
5
0
4280
257
192
9
5248
5122
2560
540
648
1542
10248
16384
1539
1184
1568
256
3096
208
4096
38
16386
4097
1216
268
16393
144
1152
17410
18688
17426
1541
3073
4106
0
12304
18
0
20993
41
25600
2308
4096
1024
0
8705
4116
514
25728
16848
8212
172
4097
2048
8193
2058
12304
1024
6
4
4096
256
2632
296
8448
96
256
4241
138
19972
1040
322
1040
512
16514
24576
132
5378
8212