57
22568
8477
416
1313
328
4168
24960
4160
24708
2241
2084
5122
20480
22664
1569
1056
7180
4234
64
202
12418
17024
2064
512
1380
842
832
2058
24864
714
4612
4361
10273
35
12296
336
80
264
8278
21
50
17152
8716
9220
1152
6288
16384
17696
24712
280
1032
1920
6200
48
8320
16392
17296
48
2050
24576
544
8457
258
12288
16402
18560
4129
16896
641
33
292
272
130
516
8576
3169
6148
8328
4224
2816
20
192
36
544
38
8452
8193
8262
1034
28736
5129
8320
2562
30720
2625
2048
2340
16448
19
0
10246
288
19008
32
16937
0
8451
2112
554
4
6472
16
16515
9225
2064
1298
48
2944
8322
29186
292
4105
17538
592
18568
16416
16394
145
8208
20484
258
1028
2080
9984
2312
12288
768
452
4864
9242
2568
16458
16916
1200
10289
9216
16384
18433
12544
3216
3464
130
44
3656
256
512
512
16
24593
544
16448
4354
1664
2160
651
0
524
18464
516
389
24577
8257
4168
4614
9344
5
0
4280
257
64
9
5264
5122
2560
1564
648
1542
10504
16384
1539
1184
1572
256
19480
240
4096
38
16384
4097
1216
268
16393
144
1152
17410
19200
17938
1541
11265
4106
512
12304
18
0
23041
57
25600
2340
4096
1024
256
8705
4112
530
25984
16848
8214
236
4097
2048
8193
2058
12304
1024
6
132
6144
260
3656
297
8452
224
256
4241
138
19972
1042
323
1048
512
16514
24576
133
5378
8244