57
22582
21
463
49
191
4411
25086
4103
25452
2229
2091
5124
20480
22672
1596
1086
7251
4988
64
243
12418
16704
2076
572
1368
842
892
2068
24916
902
4636
4357
10657
35
12464
364
160
534
8282
173
842
17152
8734
9307
1263
6280
16624
17577
25080
296
1400
1932
6584
798
8378
16392
16528
54
2050
24576
999
8465
630
12480
16430
18572
4129
16542
369
814
319
272
154
708
8605
3165
6916
8324
4208
2811
24
184
92
576
214
8324
8223
9024
1135
28742
5521
8320
2681
30972
2369
2078
2584
16688
16
12
10614
320
19108
56
17114
183
8340
2172
562
248
6508
109
16628
9226
2061
1569
452
2904
8221
29518
348
4321
17781
684
18568
16524
17162
248
8220
20693
258
1028
2092
9999
2700
12312
1008
858
4334
9271
2444
16546
16914
1192
11165
10047
17210
18439
12784
3216
3512
45
200
3768
704
527
512
44
24977
718
16472
4380
1693
2112
647
0
761
18608
516
394
24637
8270
4210
4728
9390
33
120
4280
373
137
245
5425
5134
2560
1580
632
1542
10608
16480
1539
1486
1626
716
20248
12
4111
41
16786
4223
1184
268
16384
144
1164
17489
19130
17925
1637
12102
4101
499
12335
51
828
22691
9
25600
2596
4139
1150
524
8957
4124
530
26243
16840
8236
339
4127
2048
8193
2058
12295
1216
777
326
6288
278
3940
486
9076
446
496
4329
242
20030
1426
343
1407
744
16514
24718
69
5618
8428