45824
65504
21
0
0
64
664
25086
65472
25452
47880
28633
5626
20480
22672
62046
1217
7251
26760
64
12
37546
16831
16004
962
44086
842
899
23472
24916
63278
4636
4602
10657
220
12622
403
350
745
4022
82
47834
17152
51466
43684
1263
6263
65426
17577
24839
296
22248
63272
6584
22612
13814
31168
8208
54
58162
24576
537
65310
23306
12480
34256
59416
4129
16542
42822
720
319
272
16874
708
23807
3234
6916
8570
4494
2564
65304
1688
9945
958
296
8324
8416
8894
62992
58032
5231
8320
2681
30723
2369
2528
2791
42080
16
498
10633
52480
19108
40640
17114
72
8340
2434
562
16642
6290
403
62068
38824
2061
2015
2178
18648
8675
29617
22674
4383
17802
850
23976
16754
32758
262
8220
21332
258
1028
59260
10224
2675
12312
783
858
4368
27920
2162
16732
16914
1366
33410
3584
17210
18937
12302
11360
3512
47232
200
3910
704
41948
37376
64412
24977
718
3672
4579
21495
50176
647
0
29033
44336
516
25778
25027
8624
4210
24852
9297
33
55270
12272
975
375
245
15988
5361
32768
1580
10774
1542
25600
16480
39994
1329
1701
818
12336
51225
51136
214
56968
4223
56120
268
310
144
1164
37854
19268
18170
1637
12217
4346
62025
12335
24209
828
32795
1176
25600
17064
4565
1150
524
8963
4124
749
26493
16840
8658
29420
10309
12288
8193
2058
12295
31488
777
441
35542
12004
3738
52864
9076
446
14
4118
268
20030
13790
343
24185
790
47990
24944
69
5132
8428