1089
140
13
2064
4104
80
1
24
17408
36
0
2060
2
320
160
9280
2336
16
4104
136
531
5
12
3072
4160
16384
37
1024
3584
16896
16
4098
128
4228
24576
9216
1
512
4609
128
4104
1056
96
64
132
8
0
4352
8208
8194
4
0
32
2720
1058
5392
0
16384
0
2
128
18432
8448
16768
19520
16900
164
8448
256
512
0
16384
130
2308
8224
160
3073
1
1
512
320
512
2064
4
2064
2304
2072
1032
0
0
4096
16640
0
1280
1040
33
16
5122
256
8768
12352
1283
4112
144
640
280
1040
8320
516
129
264
20
4112
1538
96
4
24576
2066
1536
4101
8768
4224
289
16
32
264
4096
2056
64
2048
2816
1282
8456
0
1088
11264
2
514
516
4096
258
1024
2048
4096
8
0
8196
17
0
592
17440
1
512
4096
160
0
2082
8264
8
48
16
512
4104
40
324
396
1536
12288
2
544
0
8720
256
17408
24
8384
12800
0
32
6144
16512
3
4864
4480
0
11
16960
0
3072
0
1280
512
4608
4096
3
4105
1032
20480
4352
3
64
1
4097
160
6
16544
1
2114
256
257
256
16904
9216
0
4112
8194
8192
260
0
8
2048
1056
8264
384
64
32
1536
16
168
2052
288
514
1152
16640
17600
1152
8
32
1024
8320
16384
1024
272
320
2050
16384
4736
4096
0
17
2048
192
8193
2308
512
72