45824
65504
21
46330
33276
54843
664
63991
65472
25452
47880
28633
54254
20480
15746
54863
1217
7251
23158
47642
12
37546
16831
16004
962
46571
54806
104
23472
60983
63278
4636
4602
10657
220
12075
42095
350
51907
4022
82
47834
17152
21727
43684
38082
6263
65426
12921
24839
296
59061
35316
6584
22612
64191
31168
8208
56572
45815
24576
537
65310
23306
12480
3471
59416
56542
2582
34049
34558
319
47048
16874
64378
23807
3234
6916
8570
4494
57268
65304
37958
9945
958
38611
8324
4489
8894
57271
58032
43796
58404
2681
30723
41954
48768
2791
42080
16
498
51903
52480
19108
40640
17114
55006
8340
53270
562
59942
6290
37667
59907
38824
2061
52587
2178
45548
64876
64705
22674
4383
61711
850
23976
16754
27255
262
8220
21332
258
1028
59260
41444
2675
5008
783
858
50565
27920
2162
52686
1923
1366
33410
3438
17210
18937
12302
11360
47905
47232
40495
3910
40330
41948
23238
44798
24977
22414
25110
4579
21495
20828
647
0
29033
24032
516
25778
64024
58372
4210
24852
42995
35697
35893
12272
975
375
50496
18514
5361
32768
1580
10774
48715
25600
16480
39994
47986
1701
818
12336
7888
51136
49228
56968
56760
56120
268
310
39109
48064
37854
19268
18170
25541
46615
4346
62025
12335
24209
828
32795
1176
25600
57550
4565
42146
4690
8963
4124
41485
26493
16840
8658
29420
59488
12288
8193
2058
12295
64556
37406
441
35542
1270
54187
52864
9076
446
14
4118
268
20030
54512
343
24185
790
47990
24944
36939
51470
57070