4193
300
20
78
49
152
5131
8340
1106
18464
16417
8201
4097
2400
17408
4
20496
6
24
9282
3264
4098
4112
16656
48
0
4097
8256
4352
2080
1057
4674
2080
8450
16897
2049
8192
512
1040
25092
132
16386
1027
352
25632
8193
256
72
18818
4099
352
2176
1026
4129
8265
260
128
138
4164
96
4
1036
1
9218
16
2176
2048
513
0
260
4
8226
2054
8225
19008
7457
16770
648
2
8320
1025
8464
4608
8474
1088
528
18944
1
1168
1
19716
513
17920
2176
84
17664
12292
8224
8224
66
1090
4162
16384
2048
22560
129
16640
8
3076
16904
4132
8452
16392
16384
72
296
256
1056
2370
24584
640
1281
40
5320
513
150
4384
1
576
256
4100
1026
1537
20992
132
784
16389
1028
17024
2113
5376
40
4673
4116
2128
2080
12312
2060
2833
8
212
896
6145
576
1248
802
2208
2080
4224
704
8256
6272
66
16
1024
68
4096
8205
2
4162
7186
8
10
1792
2
580
1
33
9216
8
136
12
16392
560
36
513
8
4300
32
18448
16512
9860
8704
17
4240
36
8192
8200
2052
65
16642
384
4610
448
4107
16384
18464
2113
16520
32
272
6176
1040
8576
1024
512
12388
0
257
96
5336
1280
4352
8192
144
9348
18688
1037
0
4708
8204
6144
5137
17409
1284
260
1
10257
1024
3200
1025
136
8194
1024
384
2185
8273
8258
68
16416
16928
10272
8584
513
2088
16384