0
44
28
1024
128
128
1
4
64
16388
4
8200
1025
18432
32
2080
16
2
2
1024
8192
2
0
64
288
36
0
256
8192
1
0
768
0
0
513
0
8704
0
4112
0
20
16
256
320
9216
16
5120
0
256
2
0
16512
4096
4096
64
0
2
2056
4098
160
0
64
0
2
8200
512
256
0
1024
0
0
128
68
0
16384
8193
256
128
2
0
4
256
8192
4096
0
0
0
1024
2176
4104
8
2
512
128
192
256
2
0
0
0
64
1026
16384
18432
0
1152
272
8192
9216
16640
32
4
18432
544
0
264
8192
1024
2
0
136
513
8192
0
1
16
256
2049
513
1024
0
128
256
0
16
16
2048
1
2176
3072
4352
0
64
4
16384
4
6144
18432
256
80
128
16896
8192
512
9216
4096
512
0
0
16
0
0
34
0
0
0
8200
1
130
4096
2048
8192
8
1028
257
20
1024
0
1024
256
1024
0
20480
512
0
1
16512
10
16
16416
0
2560
4
512
8
4
0
8192
20
256
0
0
3
1
9
16384
2048
0
0
0
256
2050
2048
8448
8224
0
9216
0
2304
0
96
0
256
1
1
4096
16384
64
2
64
4104
0
1024
1
1024
0
64
0
512
64
512
0
8192
0
256
136
8192
64
64
0
16416
8224
768
0
2048
0