8
42
53
1
0
128
0
12
65
16900
0
8200
1281
16384
1056
2081
16
3
6
0
8704
258
0
1089
304
548
40
258
8448
1
8
17152
8
1024
512
0
8720
264
5392
1040
30
16
128
320
11264
2072
5192
0
4864
8
4
16768
4128
4384
68
144
130
10248
4106
224
256
64
64
66
8264
512
256
0
1088
4096
0
128
68
0
16384
8201
2304
196
3
16
6
16644
8448
6144
0
16388
2
5120
192
4168
16392
130
544
128
196
128
2
2
0
4
96
17410
24576
2048
32
1184
384
8193
9728
16642
288
6
19456
16928
16
264
10496
1088
258
16384
8200
513
0
66
2305
16
256
2053
513
1088
16386
384
5376
32
8272
16432
2048
1
2177
2048
6464
0
576
4
16384
18436
6160
18466
388
592
129
16904
8196
544
9736
4097
512
0
2050
24
2
8
34
4096
0
8320
9256
129
9346
6144
2176
0
8
1024
129
20
1024
512
1024
258
17408
0
21520
768
16400
1
24704
8234
16
16428
2080
2560
16388
512
16392
516
8192
0
8214
256
5120
4
1027
65
9
16416
10256
64
64
512
288
2
2176
8192
32
0
9216
8192
2304
0
1120
0
4352
2049
1
4608
16384
8256
2
68
4096
1024
9217
65
1024
768
65
640
0
80
512
0
24584
16384
2
8328
8192
8258
1104
40
16672
9248
769
1
10256
32