200
26
821
2
0
128
3
15
66
17092
0
8200
1537
16384
1056
2273
16
3
102
6
8728
514
0
1473
304
548
72
258
8448
1
8
17164
8
1024
536
0
8736
456
5488
1424
6
16
224
320
11276
2168
5195
0
5056
11
772
16768
4128
4396
68
160
132
10248
4106
248
256
64
64
66
8264
512
256
0
1088
4096
0
128
68
0
16384
8202
2316
4
0
400
6
16740
8544
6240
0
16484
50
5312
160
4168
17160
130
544
128
196
140
2
386
0
772
96
17422
24576
2048
800
1952
432
8194
9731
16642
544
0
19456
16928
16
264
10508
1088
258
17152
8206
513
48
114
2317
16
256
2053
513
1112
16398
396
5382
64
8278
16464
2048
1
2177
2048
6720
0
576
4
16384
18440
6544
18468
484
656
153
17096
8196
556
9928
4098
512
768
2052
27
2
8
34
4120
0
8448
10024
177
9394
6912
2176
0
8
1024
257
20
1024
704
1024
260
17420
0
21904
768
16416
1
24704
8230
16
16436
2112
2572
16388
512
17160
516
8192
0
8230
256
5126
4
1027
65
9
16448
10262
67
88
536
288
14
2182
8192
32
0
9216
8198
2304
0
1120
0
4352
2061
1
4608
16384
8256
2
836
4096
1072
9223
65
1024
792
65
768
0
464
512
0
24680
16396
770
8328
8192
8260
1120
48
16704
9232
961
2
10262
32