57
28
821
770
0
256
3
15
130
17096
48
8200
1537
16384
1056
2177
8
27
102
6
8734
516
0
1474
304
551
120
354
8448
1
104
17260
8
1024
280
0
8742
456
5494
1424
0
16
224
384
11276
2232
5191
0
5056
13
772
16864
4112
4396
132
163
132
10251
4106
248
262
64
112
66
8272
512
262
3
1088
4864
0
128
116
0
16384
8394
2508
2
0
336
6
16740
8544
6252
12
16484
50
5280
160
4136
17160
130
544
131
4
138
2
386
0
796
80
17422
24576
2048
800
1952
384
8194
9731
16834
544
0
19480
16940
112
260
10380
1088
258
17248
8398
513
48
882
2315
16
256
2053
513
1112
16494
396
5382
64
8278
16464
2054
25
2177
2048
6732
0
576
8
16432
18536
6544
18468
488
659
89
17096
8580
554
9928
4098
512
768
2052
24
2
8
34
4504
12
8448
10032
177
9394
6912
2176
0
8
1408
257
20
1027
704
1024
260
17420
384
21520
816
16800
1
24800
8614
16
16468
2115
2572
16580
896
17160
519
8192
48
8230
256
5126
2
1123
833
15
16448
10261
67
88
728
272
8
2182
8192
32
3
9264
8198
2176
48
1120
768
4352
2109
385
4656
16384
8256
2
836
4096
1078
9223
71
1216
792
65
780
6
464
512
0
24680
16396
770
8328
8195
8260
1024
816
16710
9232
961
2
10262
44