43833
65504
1172
770
49
49147
43005
14185
48250
17096
26070
12376
48117
58099
1502
33634
37880
52217
29976
6
8909
14655
37480
51725
62800
728
120
354
43490
10211
35714
17042
8
56799
23180
23737
58880
43496
38704
617
510
239
25068
384
44260
2119
46730
54225
49152
64893
38662
16864
4112
2938
39448
92
378
32340
51780
7
52353
446
35616
189
8272
767
54199
58560
1470
4864
0
43876
29904
58295
60598
60988
2355
2
60438
336
6
54547
51622
6291
37791
9762
205
14578
30464
4311
46074
35362
196
48791
61085
39958
44962
124
0
36820
25831
22640
65436
51607
800
1887
51606
53143
30060
16834
544
0
25760
37228
398
260
3327
1215
258
2299
9216
51663
59104
17732
16380
56689
256
4741
766
1191
31520
17060
49432
64
17904
28475
32048
230
30826
2048
58560
0
33828
54632
49776
599
6511
18906
56396
50170
51268
12959
8314
554
9783
4098
512
55040
41434
73
2
13911
47604
53956
12
8703
59689
17122
1848
54016
65026
0
9568
1408
41810
20
50928
50959
1534
11724
52312
54475
21520
11769
16800
1
24862
32816
11720
9157
43141
7410
49530
54142
32758
519
54332
48380
8230
256
5126
55698
37071
51317
39948
61426
54045
60420
61399
50951
41790
502
1202
24107
32
33580
44032
8441
2176
30233
640
15651
43298
35422
127
38926
32768
8256
17722
955
2842
55994
9721
71
1342
792
42988
52485
65208
51455
45328
510
3236
16627
14540
51939
32246
53547
1024
14768
55900
22709
59589
2
59114
36141