63
2060
77
0
49
512
128
0
5
64
0
16896
0
3072
68
2
0
0
1
1025
256
0
16384
16
64
4096
512
256
4096
34
0
0
16384
2048
532
1027
128
8208
96
8320
0
2560
4096
4160
16516
18
1025
17024
768
32
20480
0
2048
128
0
1156
2048
128
2048
516
16
4096
192
2048
48
129
0
4480
640
1664
0
132
0
64
34
1056
0
1536
532
0
0
4096
16
384
260
512
0
16384
0
8194
16
0
4608
1600
0
160
2080
4096
2304
8192
1
3
18464
22
40
256
6144
32
257
2048
640
164
8
4112
8
512
16
4096
1024
514
64
9472
128
0
1032
0
4112
1024
40
2064
0
2112
2048
4096
0
1
0
8192
2
0
8208
16
0
4096
0
257
0
1
2
64
2048
8192
2050
130
544
0
0
4096
1152
528
19456
0
65
48
0
8194
66
36
256
16416
0
9
1
64
16896
64
1032
512
2048
288
1
1
32
0
0
514
4
130
8196
8
128
0
8194
8
1282
4352
8192
8704
1032
289
516
130
288
2
132
8
548
8704
2052
4
1032
512
16
20
1088
1312
130
4608
512
0
256
2048
2
9
8720
32
8256
2048
8704
17408
16
12
16388
0
2
578
4108
0
16
4
32
0
144
32
256
134
4098
2050
0
4
32
16
208
0
80
256