5185
140
13
2192
4104
80
1
16408
17472
36
16384
2060
2050
448
224
1088
2304
16
12296
136
539
5
8
3584
4096
16512
8229
1024
3588
16896
16
4130
129
4230
24578
9216
4097
512
5633
128
4104
1056
96
80
4
2056
64
4352
16
2
8196
0
544
2720
3106
5392
1
16388
0
258
160
18432
8448
24960
19520
16896
164
8480
256
516
4096
16392
2
2308
10272
4256
3105
1
1
512
320
512
2064
4
2064
2304
2056
1032
32
0
4096
16648
1
1408
1040
33
16
5122
256
8768
13376
1299
4096
144
640
24
17424
8320
516
129
268
16404
4112
1538
96
4
24576
2578
1544
4101
8768
4226
289
16
4128
264
4096
2056
1088
2064
2816
258
8456
0
1024
11264
2
522
516
4096
258
1028
2048
4096
8
1024
8196
17
0
592
21536
33
2560
0
160
0
2082
8265
40
48
16
512
4104
168
324
396
1536
12288
130
32
0
528
384
17408
280
8385
12832
0
8224
6152
16512
16387
4872
4480
0
8203
16960
0
3104
0
256
768
4608
4097
1
4121
1033
20480
4352
67
64
257
20481
160
22
16512
1
2114
256
257
4352
16968
9728
0
4624
8194
8192
260
0
8
6144
1056
8264
384
64
2080
1536
16
680
2052
288
514
1152
256
17600
1024
4104
8224
1024
8322
16384
1024
272
832
2058
16384
4736
4096
0
17
2056
196
8193
2310
512
74