57
21
30
118
49
450
7708
1045
17689
8760
10298
2164
874
8421
620
9290
2979
20729
6448
358
4155
515
4116
11266
4552
24606
767
9756
8176
1588
16631
4285
256
5265
25524
9217
407
5064
4631
9040
8252
1220
56
1114
2334
2618
512
20783
8208
24799
4348
10476
832
2700
9218
6081
156
20657
797
2014
1166
18784
13280
18943
19584
19464
16616
25048
8449
8580
9135
16525
812
2316
12828
672
19508
4345
73
2572
14686
272
3060
2932
6381
2352
2264
1087
196
6290
4097
29645
32
1407
17790
10541
236
5451
785
8776
12446
1835
4212
8357
16690
420
5423
9091
556
4225
1534
56
7200
16629
3102
2168
25815
2316
1728
5635
8231
4254
425
272
544
8432
4480
2856
8574
2900
11183
1400
12544
276
18252
11636
6558
861
2620
6
9547
1152
18946
2278
264
428
8288
519
4304
606
17446
8383
8481
5190
2426
250
10008
16
824
25332
24
681
6948
16600
796
1468
9804
12422
8194
655
0
530
565
25798
291
24944
14944
9412
8527
3498
16564
1047
4736
4354
413
17939
16963
16424
3120
4466
686
928
4964
4280
8445
5609
1525
16478
20973
2279
248
95
4353
16832
12401
17062
443
2242
264
502
2568
17635
9416
8384
402
24728
25094
364
8448
2099
2099
5145
8272
392
9155
6178
1468
8202
630
1436
38
12810
1278
20885
19969
3242
40
1463
1840
25579
19329
1453
2367
2268
2146
16971
14124
4160
8226
1379
2052
490
13482
2144
4673
11