1088
0
524
0
32
0
8192
128
512
64
0
0
4360
20480
32
0
641
16416
2048
0
288
64
16
1024
257
1152
544
32
1088
2048
16
12544
65
64
8
1024
3
8
12288
528
514
4480
17408
257
96
4096
4610
512
516
0
264
32
130
16512
6144
18
256
3080
16
0
3072
2048
258
0
0
4098
16
0
4096
4096
8208
16896
24608
128
16
16416
4224
6656
256
0
4128
1024
2
128
0
1
1537
24
128
160
8192
0
0
0
4096
34
4228
258
65
256
17408
16400
4096
0
16640
8194
2048
8192
40
12289
4128
8192
256
4096
256
32
2048
2
2304
16384
96
65
8192
4104
32
132
20480
640
0
4
66
2048
256
16
1040
1
6144
296
8
0
4112
16384
264
2184
4096
68
130
8448
4116
16
80
2064
5120
8200
1090
4
8192
128
3
8
4
64
16384
4
513
1024
4100
40
72
0
2
16
16384
0
2048
32
16
128
1088
0
0
16384
10
16384
0
19
24576
16
2048
512
0
256
3
320
0
1
256
2048
128
320
4096
2048
0
16384
4
16384
0
64
258
16384
0
2052
3
2
4096
336
8
2049
8
2048
10272
16384
128
544
68
21
16640
0
0
0
34
16
144
9216
8320
1026
512
1
2
65
129
514
8
16384
80
832
2048
19456
24
1216
4096
64
8
4224
16384
0