1088
8192
524
0
1056
0
24576
8320
576
320
8
2
20744
20480
32
8
641
16416
2048
0
288
1088
24
1032
257
1152
544
8224
1088
2112
528
12544
1
64
8
1025
3
264
12288
528
2562
4481
17408
385
96
4096
4610
512
516
8
1288
96
130
16512
6144
19
256
3080
2064
0
3328
3072
2306
0
1
4096
4112
4096
4096
12288
8208
16896
26656
128
16
16416
4228
6672
256
0
4128
1024
2
128
0
17
1537
24
128
160
8320
0
1024
64
4096
162
6276
2
65
272
17408
16408
4096
8192
16672
8450
2052
12288
40
12353
4136
12288
2304
0
272
34
3072
4098
2304
16448
96
73
8192
4104
32
132
20488
640
8
4
64
2048
16640
24
1040
1
6144
808
0
0
4120
16385
8456
10376
4097
1092
642
8448
4116
20
80
16
5120
8200
1122
4
8196
130
4099
8
4
64
16384
4
529
3072
4100
8
200
0
34
4112
16384
0
2560
34
8208
128
1120
256
8192
16388
10
16448
32
19
24704
16
2048
513
512
264
3
320
0
1
256
2560
160
320
0
2560
16384
16384
516
16384
8
96
256
16416
0
2052
2
2
4352
320
8
6145
24
2048
10272
16386
144
800
100
53
256
0
0
0
290
20
152
9216
8192
1026
512
513
514
65
8321
514
8200
16384
84
848
2048
19464
24
1217
5120
64
2056
12416
16384
0