57
8192
556
2048
1056
4096
24576
8336
576
352
8
2
20744
28672
36
16392
673
16424
2048
1
288
5184
24
1032
1281
1152
1568
10272
1088
2112
528
12544
1
64
8
1024
3
4360
12288
532
2562
385
17408
417
8288
4096
4610
768
644
8
1288
96
4226
128
4096
3
272
19464
2064
0
3360
3072
2434
1
5
4352
4112
4224
4096
28672
8210
16960
26660
0
4112
16416
4228
6672
16640
16
4144
1024
0
128
32
81
513
24
130
168
8320
0
1032
192
0
162
6276
1026
65
336
17410
16408
4096
8192
16672
8962
2052
12416
1064
12353
4200
12288
2304
4096
16
38
3072
4098
2304
16448
104
201
8192
4120
32
132
16392
644
264
68
66
3072
20736
25
1040
1
6656
296
16384
2048
4120
16385
8520
10888
4097
1094
642
8448
4116
20
80
8208
5120
8712
1122
4
8196
130
4097
8
4
96
16384
516
529
3072
4096
40
456
0
98
4112
16384
0
2560
2082
24592
128
1120
8448
8192
16420
8202
16448
8224
27
25216
16
3072
513
512
264
3
320
32
513
4352
3584
164
832
0
2560
16384
16384
4612
16392
8
96
1280
16420
1
2054
34
16386
4352
320
8
6145
8
3072
10280
16394
128
816
2148
181
256
128
0
0
802
20
144
1024
8192
1026
512
641
514
16449
8321
518
8204
16384
68
848
3072
19464
25
1217
5152
320
2312
13440
16384
0