57
8192
21
2816
49
4099
24576
8352
576
364
8
2
20744
28678
40
16488
685
16432
2048
2
288
5248
24
1032
1153
1152
1574
11040
1088
2112
528
12544
1
64
8
1048
3
4552
12288
628
2562
409
17408
673
8294
4096
4610
864
772
8
1288
96
4225
896
4108
387
144
19460
2064
0
3616
3072
2436
193
101
4448
4112
4230
4096
28684
8226
17024
26664
384
4104
16416
4228
6672
16896
32
4150
1024
384
128
800
73
519
24
258
171
8320
0
1040
240
192
162
6276
1074
65
400
17412
16408
4096
8192
16672
8986
2052
12544
1070
12353
4203
12288
2304
4288
112
42
3072
4098
2304
16448
112
249
8192
4136
32
132
16584
648
360
92
114
3078
20760
1
1040
1
6680
488
16396
2144
4120
16385
8528
10891
4097
1142
642
8448
4116
20
80
8224
5120
8904
1122
4
8196
130
4145
8
4
864
16384
708
529
3072
4108
72
424
0
162
4112
16384
0
2560
2094
25360
128
1120
8454
8192
16452
8586
16448
8230
3
25240
16
3120
513
512
264
3
320
44
514
4355
3632
168
896
0
2560
16384
16384
4636
16584
8
96
1286
16424
193
2102
802
16482
4352
320
8
6145
392
3456
10288
16402
176
822
2916
309
256
134
0
0
826
20
136
1072
8192
1026
512
689
514
16417
8321
262
8972
16384
452
848
3456
19464
1
1217
5920
576
2308
13568
16384
0