57
65504
21
3047
49
38142
2554
8798
576
41059
8
26319
20599
28678
343
54640
685
3615
52924
37050
41672
5248
24
1518
1214
1152
1816
11207
36722
2112
910
12670
1
127
506
1159
204
4552
48052
5375
2557
409
9672
43539
57402
16356
49364
50737
666
8
60873
96
4225
896
50108
387
54002
19866
2064
0
228
1219
2436
57986
101
38938
4112
4230
4510
28917
8226
17024
26664
384
4104
16583
4426
56482
57778
42351
4150
1024
377
446
985
33439
33713
225
258
357
61453
243
1502
399
57698
49475
46235
1237
65
400
51872
5043
56474
8701
15798
8986
2275
64914
35522
64591
4203
51855
2463
54925
112
37989
3558
54395
59176
16448
46967
249
8192
65197
220
63461
44878
30024
246
931
57584
12271
20961
505
54410
13553
7166
283
16396
62933
4120
11636
45281
11029
4097
1142
642
42202
4116
52438
80
8224
5438
8904
24878
4
8674
50643
22261
36969
4
766
16384
708
59757
3390
4331
470
20312
60077
162
44389
3412
39921
2878
2528
25134
376
31740
8446
970
11758
46548
16448
8230
507
9644
16
43704
927
39489
198
57667
189
60266
514
4347
3657
34018
889
0
2560
16384
60725
41366
16584
8
13665
1286
16424
25237
2102
748
16517
50899
39644
494
6145
59310
883
10455
16402
176
970
2842
35306
256
134
0
50203
826
492
61325
53861
2326
1026
575
64708
1008
52175
65425
62997
8972
16798
452
848
3966
1855
1
51206
5920
576
2274
60322
16384
498