33593
65504
21
0
0
56526
38696
49470
36864
36899
800
31191
38360
28678
59465
38768
685
1998
22750
11850
36020
5248
24
4759
58534
33895
31584
11207
36722
39488
910
13822
56256
21567
48856
1159
19456
34440
25424
50959
49944
54400
9672
43539
40960
3620
36518
59554
0
56023
60873
20320
38221
61003
18800
30652
6104
63354
61654
0
228
1219
51782
16770
46629
54615
42380
40515
45212
28917
58056
31360
26664
62519
57484
16583
4426
49525
57778
13856
56496
33792
377
446
46981
33439
33713
49290
51882
37900
61453
13947
1502
399
13866
49475
45472
1237
38946
400
40960
10171
57410
8701
51992
8986
35705
52652
35522
14951
24720
52113
12032
54925
13760
63405
63090
54395
59176
16448
14847
37424
8192
65197
220
43368
44878
30024
246
931
58304
12271
20961
505
54410
10602
7166
49554
63874
62933
35956
56039
9669
134
33648
36662
19550
42202
29868
44305
55226
8224
31616
57928
24878
8036
8674
17318
22261
60298
21600
51293
9054
708
3328
42484
4331
36911
9728
60077
162
31613
28564
6911
2878
817
23166
46358
31740
52910
41784
35358
43546
16265
8230
62274
53234
16
43704
927
39489
198
14656
4669
57062
514
4528
3657
43464
8873
0
2560
16384
60725
62976
53256
8
17138
1286
16424
45972
2102
748
49309
10816
15109
64534
2808
61854
883
10455
50722
23778
970
2842
13608
33792
11741
51484
50203
34132
22828
45221
53861
2326
65047
575
64708
1008
46048
53921
42020
58686
16798
21580
848
2440
1855
43336
51206
5920
65088
2274
60322
16384
63987