84
65504
19
17152
0
51
4171
434
48
896
112
4289
16384
4384
2856
102
9600
18
4480
0
8
2823
0
388
193
934
44
2816
8192
64
110
456
0
10342
705
0
5315
66
2816
803
2060
16512
86
276
16390
800
8
0
16388
792
390
152
1216
16384
581
5123
8432
24
1040
67
12337
4096
576
2248
520
0
8240
262
5923
0
72
8240
1
198
12
3
1027
2048
3008
4
4
32
0
528
8462
2056
8
0
518
224
52
228
4096
2072
516
1024
5
4120
16384
1552
0
268
4632
18
8583
0
1048
448
160
0
3
857
0
4
512
2822
136
16390
213
192
4128
17548
2459
1126
259
25344
4896
0
400
50
4184
18534
16608
0
3459
1024
4
776
142
256
0
98
1120
537
4864
536
0
17138
0
2316
4120
176
540
608
2145
2187
712
16
144
2828
22
1032
1038
224
8
8256
56
16640
4
8448
19200
0
11
580
1074
2060
24
518
4098
96
24
1408
16652
8224
200
0
4492
8
67
0
642
12
139
64
2754
256
4140
256
48
17184
48
1792
524
128
80
1536
0
131
0
3132
288
0
5323
4096
13168
0
16397
128
1440
66
0
2051
8192
25
8204
390
600
8326
256
4
56
0
0
72
515
1024
672
384
272
34
64
0
3
288
0
3
8376
0
100
128
0
2
48
768
800
80