57
21
21
0
0
35341
59900
58225
56949
45599
52328
39255
33526
36060
18396
46674
53636
16605
21020
18454
404
17679
8708
25917
22793
35544
16
18659
32949
17281
3691
46320
41728
54537
3287
18878
3978
34001
268
63152
20830
8528
2
28458
61455
58309
461
50261
63617
5106
10185
17256
59512
63316
18872
38685
5055
864
375
408
16575
33278
36648
116
31093
50869
17282
61558
64450
43695
29077
62788
357
10263
24606
27452
113
60294
4264
3529
725
43062
5644
63688
39195
60026
611
12664
48666
53068
1533
65200
38081
57628
54875
53040
4518
1084
6042
61246
4160
512
159
26722
51158
60121
1891
54931
2290
17
35236
35384
53735
42132
38180
56470
2814
5109
25446
62274
2255
18544
40
942
40111
16590
60033
41701
37085
61867
28291
17014
42636
16615
39148
36488
12622
52335
1363
29928
17504
57717
8601
43891
320
4688
16782
39109
766
269
33946
63756
8065
16608
223
632
60520
35699
39430
83
48845
102
33345
3114
12254
6147
24704
2366
16435
4611
43686
16420
38298
32973
13908
31381
98
38362
43339
29791
58865
19584
940
17033
43766
40021
57089
43461
62244
271
13505
24760
41925
406
46463
8112
50754
33688
40284
2464
34656
2550
6772
44404
16655
552
59328
31377
42237
26291
34015
57533
1772
22249
50731
47789
33234
1
53180
330
46369
18142
38405
63555
61528
47075
36767
2446
45635
5074
768
63499
664
21282
309
53719
50119
1492
3053
32849
17668
2580
28947
26229
2303
72
768
45748
9620
24894
914
19
59648
463
37579
58689