44089
64480
21
32
0
2556
16384
51476
4612
8381
4095
9993
256
52250
19584
20000
51354
1408
54360
2268
1557
20567
6652
43687
3005
37970
8
32
6876
1502
6650
55127
54224
11173
50048
35979
9803
16912
12754
147
52984
230
40059
3438
479
20077
250
50206
4288
2252
8208
1534
16642
17654
6911
11399
46838
32523
2816
60522
24281
37500
51784
24576
37616
96
59328
13154
37030
60747
5375
27617
31221
20315
4
29586
10641
1347
4096
64372
53921
2044
33332
33857
10742
9964
6078
4302
3068
4938
3432
28017
15707
15540
191
8515
4112
27331
54684
24759
2065
62633
42704
29108
61412
34940
33421
4467
31960
55327
24667
59129
45177
31024
9078
55097
576
58187
17907
2516
17024
255
1040
16638
2080
22381
33278
2278
256
42623
8966
11020
49680
5395
5153
34593
17956
5508
34204
15333
20970
57608
35647
6169
48180
256
90
26118
62221
266
463
22278
639
38182
61004
17716
31544
90
4796
233
4134
17874
4940
16507
18876
1024
222
37
255
14505
22519
44985
4351
46361
15194
25440
33892
30036
9462
27765
25588
4598
0
16861
17411
2159
1495
30122
16578
7353
649
9
17664
54993
12672
26561
64681
15046
13782
25943
9215
33379
6034
33182
49403
511
256
25097
3263
8204
28082
4611
42150
18637
1278
25574
14348
62111
53100
11630
16092
11924
11136
12788
507
3023
2832
3815
56939
49310
27717
42574
21686
288
9213
25451
39639
33762
256
13110
12370
578
21954
16630
97
23220
9470
42481
10554
2064
8418
44034
1022
24701
45592
59256