44089
65504
21
0
0
2556
16512
51604
4628
8377
3071
9997
258
52762
17536
18976
51418
1408
54360
10460
1557
22615
6652
43655
2877
37970
8
32
23260
1502
6650
55127
37840
11173
50048
36043
1611
16912
12754
151
36600
238
40059
3438
479
19565
1274
50334
12480
2252
8208
1534
18690
17910
6907
11399
46838
32515
2816
60778
24265
37501
51784
24576
37617
98
59328
13170
37030
60747
5375
27617
29173
20315
4
29586
10641
1347
4096
60276
53921
2044
34356
34369
2550
9980
6074
4298
3070
4938
3436
28017
15707
15536
2239
8515
4120
27339
54684
24759
2065
62633
42704
29108
61414
34940
33423
4467
31944
55839
26715
59133
45177
31024
9078
55089
578
58187
17907
2516
17026
255
1048
16638
2080
22381
34302
2278
8448
42623
8966
11020
49680
5395
5153
42785
17956
5504
38300
15335
20970
49416
35647
7193
48180
2304
90
26374
62221
4362
463
30470
767
38190
60996
17716
31032
90
4860
4329
4134
17906
4940
16475
18876
1028
222
37
2303
14761
22519
44985
4351
45337
15194
25440
42084
30036
9470
28277
25588
4598
2048
18909
17411
6255
1479
30122
16582
7353
521
9
17664
54481
4480
26577
64681
15044
13778
25951
1023
33379
6034
33182
49401
510
320
25097
3262
8268
28082
4099
42150
22733
5374
25574
14348
61599
53100
11626
16092
11924
11136
12788
491
3023
2896
3811
57195
57502
27717
42574
21654
4384
9149
25451
39639
33762
288
13110
12370
586
21954
16631
353
23204
9982
42481
10554
2048
8418
44042
3070
24697
45080
59000