44057
65504
53
0
0
2556
16512
51668
4692
8377
3071
9997
258
53018
17536
18976
51418
1408
53336
10460
5653
22615
6652
43655
2877
46162
8
32
23260
5598
4602
57175
37842
15269
50052
36043
17995
16916
12754
151
36600
8430
40059
3374
479
19565
1210
50334
12480
2252
8208
17918
26882
17878
6907
11399
46326
32514
2816
59754
24281
37501
52040
24577
33521
354
59328
14194
37030
60747
5375
27617
29685
19803
4
29586
2449
5443
4096
60272
53793
2046
33844
34369
2546
10236
6066
4298
3068
4938
3436
32113
15707
13488
2239
8515
4632
10955
54676
24759
2065
62633
42192
30132
61414
34940
33422
4467
31944
55839
18523
59133
45176
31024
9078
55089
578
58187
17905
468
16514
2303
1050
16574
2048
22381
34286
2286
8448
59007
8710
27404
49680
5395
4129
42784
1572
5568
38300
15331
20970
49408
35775
15385
48180
2368
74
26375
45837
4362
463
30470
766
38188
60996
17716
31032
90
4860
4329
4142
17906
6988
16473
18876
1036
222
37
255
14761
22519
42937
4343
45337
14682
24928
42212
30044
9468
28213
25588
4598
2560
18653
17419
7279
1479
30138
16582
7353
537
8201
17664
53457
4480
25553
64681
15045
5586
25951
5119
33379
6034
37278
57593
510
320
25353
3258
8268
28594
4099
42150
18637
5374
25590
14380
61599
53101
11626
16092
11926
12160
12788
16875
7119
2896
2787
57195
41118
27749
58958
5270
4896
8637
25451
39639
33250
288
13238
8274
586
21955
16887
865
23204
9983
42993
10298
2080
8426
44042
3070
24697
45080
58488