44153
21
54
3
0
2556
16640
51668
4695
8377
3065
9997
260
53034
17536
18976
51418
1411
53304
10460
5653
22615
6640
43679
2877
46162
776
32
23068
5598
4554
57175
37844
15269
49284
36043
17995
16916
12754
151
36504
8414
40059
3374
473
19949
1210
50350
12480
2252
8208
17534
26882
17882
6907
11399
47094
32562
2819
59756
24282
37489
52040
24577
33521
354
59296
14194
37030
60715
5363
27618
29493
19803
52
29586
2449
5443
4108
60272
53793
1662
34228
34370
2546
10234
6002
4297
3071
5002
3436
32113
15707
13491
2227
8387
4824
10951
54676
24759
2065
62633
42184
30132
61398
35324
33421
4467
31944
55839
18491
59121
45176
31024
9082
55089
962
58187
18161
468
16513
2207
1050
16574
2060
22285
34286
2286
8448
58983
8710
27404
49696
5651
4897
42784
1572
5592
38300
15355
20586
49420
35391
16153
48180
2380
74
26399
45709
4410
463
30470
766
38220
60999
17588
31032
90
4836
4335
4142
17906
6976
16479
18876
1036
222
38
255
14761
22519
42937
4343
45353
14746
24992
42212
30044
9466
28211
25588
4597
2944
18654
17419
8047
1503
29754
16582
7359
537
8585
17664
53457
4480
25553
64681
15013
5578
25945
5116
33363
6034
37272
57545
510
323
25353
3258
8268
28594
4099
42144
18637
6142
25590
14380
61575
53101
11690
16092
11926
11776
12740
16875
7119
2896
2915
57203
41118
27750
58958
5270
4896
8613
25435
39655
33234
288
13238
8274
586
21979
16891
865
22948
9983
42609
10298
2080
8426
44042
2302
25081
45848
58491