44153
25
21
3
3
2172
16896
51668
4695
8353
3061
9998
260
53034
17548
19168
51546
1435
54072
10588
5653
22615
6256
43615
2909
46162
776
416
23164
5598
4554
57172
37847
15269
49284
36043
17963
16914
12562
167
36248
8222
40061
3566
473
19949
1210
50350
13248
2300
8200
17510
26882
17498
6651
11399
47094
32562
2867
59756
24282
37489
52040
24577
33521
366
59232
14206
37024
60715
5363
27618
29493
19803
84
29588
2441
5443
4108
60264
54177
1662
34484
34114
2546
10233
6004
4305
3071
5098
3436
32113
15707
14259
2227
8387
4824
10951
54676
24763
2066
63401
42184
30130
61366
35324
33469
4467
31992
55839
19259
59121
45560
31027
9082
54321
1010
58155
18161
472
16513
2207
1242
16574
2252
22273
34280
2286
8448
58967
8710
27412
49680
5648
4897
42784
1572
5568
38300
15307
20490
49676
35135
16025
48180
2380
74
26399
45697
4412
463
30470
894
38228
60999
17588
31032
92
4836
4239
4142
17906
6988
17247
18852
1804
222
62
255
14762
22513
42943
4343
45609
14362
24928
42212
30044
9466
28211
25588
4597
2944
18653
17419
8047
1491
29946
16582
7311
537
8585
17676
54225
4480
25553
64681
15013
5577
25945
5116
33363
6034
37368
57545
510
291
25353
3234
8316
28586
4099
42150
18637
6142
25590
14380
61575
53101
11698
15900
11926
11968
12740
16875
7119
2896
2915
57267
41054
27750
58958
5270
4896
8614
25499
39463
33226
288
13238
8274
970
21976
16891
865
22948
9983
42609
10330
2092
8426
44042
2296
25057
45848
58491