57
25
13
3
3
2940
16920
51668
4695
8353
2293
10190
260
53033
18316
19168
51802
1431
54072
10844
5669
22619
7024
43612
2925
46154
776
416
23164
5214
4554
57170
37079
15269
49284
36043
17963
17106
12562
167
36248
8222
40062
3566
489
19757
1186
50344
13251
2276
8200
17414
26882
17497
6648
11399
47098
32562
2867
59759
24258
37489
52008
24601
33513
365
59232
14206
37024
60715
5363
27618
29485
19803
88
29588
2377
5445
4106
60264
54177
1662
34484
34114
2558
10185
5956
4306
2303
5098
3439
32017
15707
14256
2227
8387
4824
10951
54292
24765
2258
63402
42184
30130
61365
35324
33467
4467
31992
55935
19259
59127
45176
31019
9082
54321
914
58151
17969
478
16513
2207
1238
16510
2060
22285
34088
2286
8472
58967
8454
27415
49686
5744
4897
42016
1316
5568
38288
15307
20490
49676
35327
16031
48180
2380
842
26399
45721
4410
719
30470
870
38484
60999
17580
30904
92
4836
4239
4142
17905
7052
17119
18788
1804
210
62
231
14762
22513
42895
4343
45609
14362
24931
42210
30047
9466
28163
25592
4597
2880
18669
17467
8047
1107
29946
16582
7311
729
8521
17676
54225
4480
25553
64809
15013
5545
26201
5116
33363
6034
36984
57545
318
275
25353
3234
8316
28582
4483
42150
19405
6118
25590
14380
61579
53099
11698
15900
11926
11980
12788
16875
7119
2896
2912
57267
41822
28518
58958
5270
4902
8613
25475
39447
33234
480
12470
8274
970
21944
16891
769
22884
9791
42353
10346
2076
8426
44426
2296
25057
45851
58491