198
8680
142
12
463
64838
45493
63719
1648
35790
64168
37642
18629
41194
55730
2060
56984
46539
14428
22165
44655
508
33660
52823
3367
25058
33558
8859
56858
2783
1409
30314
36816
6965
37373
2817
8407
47926
49257
40498
4590
31898
38930
59404
64502
59354
8440
488
18969
15716
34181
42847
64878
1908
60139
29013
53910
218
7058
17382
494
1195
34240
5628
110
42699
64333
56711
25558
39632
54524
10666
29984
32833
18720
36187
10903
366
40708
62446
13168
8681
33560
8404
58528
29800
10618
46292
64885
56745
24555
4164
54682
45820
37103
5605
8696
8592
12316
4493
45376
30864
6500
2224
11030
3592
17388
55180
37970
50344
4290
56534
53105
62788
232
60775
65187
36301
10365
129
37103
49523
63900
64008
12166
60797
12463
48769
12659
250
53821
51592
7
17395
37870
28761
5354
48511
22160
2113
54084
45550
40438
59675
50513
43530
36525
55644
42028
39620
16532
33953
41410
6705
49183
53491
54670
6896
45128
42338
19113
36222
14574
44086
5577
17100
60806
52308
38770
36597
42992
30908
47776
17340
57613
62283
11
2031
17425
44760
60498
912
18092
35538
35768
508
4812
12017
8664
340
17401
1801
54797
35740
61428
35168
191
61105
21584
96
38057
48914
42606
54649
13479
6483
60404
28757
48278
60798
13548
793
17704
8512
64998
753
14708
1809
43123
39606
62500
62747
56901
8702
2653
61060
55014
1349
60647
26663
6037
35603
5080
56992
50300
46587
65270
23427
31223
51283
8880
6951
8458
50967
46178
34065
8539
31193
12092
37638
52481
62036
11290
11979
15274
1802