8249
16396
5
0
2048
0
2048
4
0
2064
4096
704
4097
16
8320
544
0
272
8320
2112
4096
8456
512
1024
256
1024
800
3088
32
1
520
2084
0
2048
8
2560
128
256
144
512
4128
520
4096
192
16
544
8256
4
2050
4097
10240
8196
4
2048
10240
2
1280
0
2048
8192
4098
64
0
8
2304
2
4
64
5120
32
1184
1
16388
24576
4
1032
0
32
0
4100
8
8192
16384
160
9
24578
10
16384
2048
8192
0
768
640
520
12800
16
64
8448
16896
0
96
512
18432
0
1088
516
16384
2056
2084
1
8192
24
64
0
32
544
80
64
2048
1090
513
577
1026
2176
16
16432
136
4144
8200
2
0
521
0
4
6
1024
1280
5128
2048
4096
32
17
4104
64
3200
1
8208
68
0
17408
2
576
8
8192
32
1024
528
16
16
580
4112
2048
16384
16480
4
272
24580
0
1152
4096
4096
256
8192
16514
24576
516
32
2048
13312
20480
0
512
144
521
128
1024
520
0
256
64
0
4
1
10240
2112
16
16896
4
512
18432
8192
6160
3
6144
1040
4352
320
0
256
1096
32
0
4100
12
32
9216
0
0
5
640
0
0
16
256
16464
1024
16
0
16384
32
388
9217
16384
4096
65
16386
20480
32
65
2096
2048
0
2048
64
8192
64
64
16384
8208
16418
16388
8
0
64
8192
512