8249
16397
1
0
49
0
18432
516
0
2064
4098
704
4099
16
8320
544
0
4368
8320
2113
4224
10504
0
1024
256
1026
928
3600
32
1
520
2340
0
2048
4104
2560
8320
272
176
8704
4128
520
4100
192
16400
608
24640
132
2051
4097
10240
8228
8196
2176
10368
2
1280
64
2052
8320
4098
8256
2
8
2368
130
4
192
5120
32
1184
1
16644
24576
4
1032
512
32
1024
4100
1032
8192
16384
160
1033
16386
10
0
2050
8192
128
832
641
520
12864
16
96
8448
17024
0
96
514
19456
0
3136
644
16384
8
2084
257
8192
536
64
0
16416
2592
2128
65
2048
1122
513
581
1058
2177
272
16432
648
4400
8328
34
16384
521
8192
20
6
0
256
5128
2112
4112
48
17
4104
8256
3200
1
8212
580
0
17408
2
8768
8
8200
32
1024
528
18
144
588
4112
2560
16384
16736
16388
272
24580
8192
1168
4096
4096
16640
8192
16514
28672
512
32
2304
5120
20480
1024
0
656
4617
384
1056
4616
0
256
64
0
16388
1
10496
2113
18
16896
4
512
18432
10240
6144
7
2048
1024
4352
320
16
256
1224
32
128
4100
12
8224
9216
0
0
5
640
0
4
528
256
16592
1026
16
0
16384
0
900
9225
16640
4096
64
16386
20480
2080
193
3120
2048
0
2048
64
8196
64
8256
16384
9232
18466
16388
8
4096
66
24576
0