57
16397
65
16384
49
512
18436
516
0
2064
4096
704
6147
8208
8320
548
0
6416
8320
2121
4240
10504
0
1028
0
1034
896
7696
32
1
776
2404
1
2056
4104
2560
8832
280
176
8704
4096
776
4096
192
16912
608
24640
132
2051
1
10240
8224
8196
2176
10624
18
1296
576
2052
8384
4098
8512
16386
8
2496
130
20
192
5120
32
1056
1
16644
24576
20
1032
2560
32
1024
4100
1032
8192
16384
160
1033
16386
10
0
2050
8192
128
836
673
520
12864
16
96
8576
21120
1024
16480
514
19456
128
3136
644
16384
8
18468
257
8192
16920
64
512
18464
2596
2128
65
2048
1122
521
8773
5154
2181
272
16560
648
20784
136
16418
16384
585
8196
532
22
32
256
5192
2112
4112
48
1041
4104
24640
7296
9
8724
580
2
17408
16386
8768
72
8200
32
1152
16
1042
144
588
4112
2048
18432
16736
16388
1296
24581
8192
17552
4608
4096
16640
12288
16514
28704
512
32
2308
5120
20544
1024
4
656
4633
385
1060
4616
4
256
0
0
16388
1
10496
2241
26
16896
4
512
22528
10242
6144
135
2304
1024
256
320
1040
260
1224
16416
132
4132
12
8232
1024
0
0
5
512
0
68
528
256
16594
1026
16
0
16384
0
916
9225
18688
4096
64
16386
20992
18464
65
2096
2048
0
2048
0
8196
16448
8288
16384
1040
18466
16644
136
4096
66
24608
512