57
16397
21
16384
49
527
18556
636
0
2064
4096
704
6173
8208
8380
604
0
6416
8320
2097
4238
10503
0
1028
120
1034
956
7696
28
1
880
2404
31
2056
4104
2560
8892
262
176
8704
4216
1016
4096
48
16912
536
24670
116
2077
1
10240
8224
8248
2176
10624
106
1296
576
2292
8384
4109
8542
16506
8
2496
130
27
252
5120
62
1056
61
16666
24576
228
1136
2800
32
1039
4100
1031
8432
16504
216
1030
16446
54
0
2050
8312
248
888
673
519
12864
16
96
8591
21150
1024
16480
514
19456
112
3151
651
16384
248
18490
257
8312
16920
94
632
18464
2596
2128
65
2048
1122
521
8778
5180
2181
272
16584
648
20784
136
16429
16399
599
8248
552
22
208
286
5206
2112
4112
12
1041
4104
24632
7296
9
8724
632
2
17408
16386
8880
72
8214
47
1152
14
1070
142
588
4127
2048
18432
16766
16388
1504
24586
8252
17567
4608
4156
16640
12318
16514
28704
512
28
2308
5135
20574
1144
4
684
4841
385
1067
4720
4
256
0
0
16628
1
10496
2241
26
16896
4
512
22528
10242
6204
135
2334
1084
496
312
1068
500
1224
16416
139
4188
18
8232
1024
0
0
5
632
120
68
526
271
16594
1266
44
0
16384
0
916
9225
18688
4096
124
16397
20992
18464
65
2060
2108
0
2288
120
8196
16448
8216
16384
1040
18492
16666
240
4096
58
24608
512