57
14861
21
49152
5572
20307
18802
8516
480
2064
4096
515
6173
23686
8380
15302
0
53777
8320
2097
4238
13715
0
34357
120
1029
861
7966
493
1
690
2531
31
2446
4104
2830
8763
57110
24082
8704
4215
521
40960
64400
15040
10367
7264
27069
8560
8241
10465
9824
8248
2176
10382
106
1504
576
2292
8384
4109
8639
16637
61944
20416
99
27
12
5120
62
1056
46059
16619
24576
260
1136
10272
32
1262
13628
1254
30448
16504
216
31728
50838
46116
240
2050
8447
248
955
31204
23947
31904
16
56320
8269
21102
35840
17792
514
19456
400
3263
651
0
12200
18490
257
60304
61544
472
47992
52318
37317
2480
60030
2048
9468
50360
8778
18388
5212
17344
16718
63036
20542
390
36909
16384
679
8248
687
145
208
13536
18438
2382
4112
12
1041
4104
25022
7430
48665
25096
52024
2
37888
16772
8768
72
8439
47644
1152
14
1070
383
700
4369
2243
36864
16632
63704
1504
30844
8634
17791
7904
4606
16865
12509
16514
28704
512
2560
35252
11886
14606
6476
15417
684
4888
385
1453
40566
19191
256
0
17954
39945
241
259
2241
26
17136
19220
11730
22543
10482
41756
135
63376
43456
50
27408
27540
16896
1224
49010
52113
4188
149
8367
1024
0
0
5
632
120
12644
526
271
16594
1266
44
225
16519
0
8952
9720
18673
4546
124
16877
49708
18464
55662
820
2108
45808
2288
187
8693
18342
8411
37925
1040
18492
48996
374
4546
58
24608
42361