57
65504
21
22269
49
20307
18802
8516
56024
62983
54508
62456
6173
23686
6318
15302
0
53777
8320
60190
47226
13715
10942
34357
45152
1029
33859
7966
493
54756
35672
38596
31
2446
4104
38891
8763
57110
4588
8704
4215
521
40960
64400
5524
10367
7264
27069
8560
46543
53679
9824
8248
2176
10382
106
34672
43726
2292
25418
4109
8639
16637
61944
51008
57122
21655
12
56252
62
39060
24996
16619
22638
40048
59173
10272
60371
1262
13628
1254
2975
16504
216
31728
50838
46116
240
2050
8447
248
955
3464
23947
31904
16
56320
48620
11020
35840
59676
514
2970
400
3263
651
0
12200
4558
37780
60304
48377
472
20487
52318
37317
2480
60030
2048
9468
50360
43729
63456
5212
16964
16718
63036
3775
58630
6572
16384
679
8248
687
145
38473
13536
18438
2382
4112
12
65412
4104
25022
7430
19336
22390
52024
2
37888
43608
57001
57520
8439
47644
1152
58994
58513
41283
700
47985
56610
5470
41394
10640
1504
30844
8634
17791
7904
42324
16865
12509
47144
28704
27810
1872
35252
11886
11099
6476
15417
39414
33450
385
1453
40566
19191
256
0
17954
39945
33073
259
2241
26
17136
8271
64780
22543
10482
41756
60093
63376
61480
63077
13122
27540
16896
1224
2766
32446
37000
41152
8367
1024
0
42279
22609
632
58780
12644
526
36144
12530
48401
44
51198
16519
0
8952
7441
18673
33520
53394
16877
49708
59955
55662
56901
2108
28671
2288
55496
8693
18342
4325
20023
47640
18492
48996
44923
4546
58
24608
42361