0
65504
21
0
0
20307
18802
8516
56024
34367
54508
13224
47452
23686
6318
15302
0
53777
8320
49466
47226
13715
10942
29061
45152
9525
33859
7966
493
54756
35672
38596
0
64270
4104
38891
8763
57110
4588
8704
20416
521
40960
64400
5524
3479
7264
62899
8560
46543
53679
9824
8248
2176
10382
35466
45184
43726
2292
25418
4109
16259
16637
61944
20480
57122
1006
2852
56252
60086
27768
24996
17944
19294
40048
59173
10272
60371
64568
47036
1254
37711
16504
216
31728
50838
56344
240
2050
28583
248
59001
11776
23947
17088
46096
32768
48620
11020
9216
59676
514
2970
400
3263
651
0
12200
4558
37780
60304
48375
46720
20487
25592
20493
2480
60030
2048
48420
56896
60673
63456
5212
16964
18710
63036
3775
32768
6572
16384
679
8248
687
145
38473
13536
38710
2382
4112
25232
65412
4104
30498
7430
19336
48460
52024
20096
37888
61024
57001
47232
8439
47644
1152
58994
18009
61018
700
22688
56610
14716
41394
4160
1504
62568
22102
17791
7904
42324
16865
12509
47144
28704
27810
1872
58740
17020
28833
6476
15417
39414
33450
385
64005
18364
44581
48128
0
17954
48311
20480
17475
56836
11726
17136
6711
64780
22543
10482
41756
30498
24368
61480
29409
5404
27540
40960
1224
48380
32446
47264
41152
8367
1024
0
61199
22609
632
58780
37108
63012
11472
18432
23761
39600
51198
16519
0
49872
7441
18673
33520
53394
16877
49708
59955
55662
56901
2108
28671
2288
55496
8693
2014
49012
20023
47640
18492
48996
44923
30456
58
24608
31111