35328
65504
37395
44797
0
20307
18802
8516
23240
34367
54508
13224
47452
23686
6318
15302
40688
53777
8320
49466
47226
13715
10942
2670
45152
44572
33859
40424
55505
54756
24890
38596
58336
64270
4104
38891
57879
36081
4588
6105
20416
521
40960
64400
5524
3479
7264
46212
8560
46543
53679
813
8248
2176
45144
35466
42824
10332
2292
25418
56017
16259
16637
12410
52608
48865
1006
61153
24184
32625
27768
24996
53200
789
10972
59173
10272
60371
64568
47036
1254
37711
38868
38533
4508
35905
42434
240
35754
28583
248
59001
11776
2094
52834
14513
9888
48620
64426
58781
59676
514
2970
400
3263
651
30252
52434
4558
31271
48162
35976
46720
20487
25592
20493
2480
60030
2048
28077
54984
48264
40806
5212
16964
8857
63036
56001
32768
6572
16384
679
8248
39456
145
18370
856
23725
36036
4112
25232
65412
36844
9363
7430
64247
48460
29349
52972
11883
61024
57001
47232
606
39298
42058
58994
58556
29372
700
58112
34016
7130
26732
4160
15766
62568
22102
17791
7904
21674
16865
62597
47144
28704
27810
62880
15713
17020
28833
64408
49028
36672
33450
42185
64005
5890
44581
48128
54083
17954
48311
20480
17475
56836
11726
17136
60589
48198
22543
2858
41756
30498
11365
61480
6676
5404
2501
40960
1224
48380
32446
29644
41152
8367
1024
0
13405
16503
44701
58780
37108
33350
11472
4928
23761
39600
31515
16519
0
42474
7441
18673
33520
53394
58626
49708
59955
43904
56901
2108
28671
2288
26581
8693
50665
49012
1600
47640
18492
48996
44923
30456
58
65314
8328