88
21
21
39
188
52189
3521
6650
21222
42488
18690
17005
24312
472
1173
10405
8595
15810
8571
36984
34118
48385
32867
56037
23632
16321
55940
7848
10336
8764
24999
4323
8320
24730
24737
8785
180
30250
63599
24896
11792
3377
22467
16842
7379
7014
56312
3666
2526
380
26216
4182
41827
30949
41
5515
1472
16874
8286
8435
59388
2501
30162
8460
17612
20964
2066
47446
7128
40704
24064
41887
785
49211
160
16534
11542
8082
19644
49980
356
994
33597
218
14
5137
14260
61594
19691
948
4330
20792
20203
40977
1031
7435
33200
60736
334
30071
4453
63246
7786
10796
8974
18459
52986
12299
6960
56652
40882
40679
1476
9795
2542
1506
21324
60301
28726
1630
10662
8515
14654
212
3948
16532
65334
12844
4308
64306
2546
26539
8736
4107
11942
42567
8596
13002
628
2289
19942
8575
23712
21431
22757
9471
26540
17195
11254
20227
60895
37230
870
902
238
16812
58643
61953
986
45512
44848
38973
18582
57321
846
60839
44262
2439
30503
651
252
21518
38236
11966
9320
63164
40622
7906
7888
28026
39643
64501
59004
4143
23104
14985
11526
8949
3392
16005
27655
3744
16534
47514
81
34917
47354
6624
332
9899
2793
7014
7442
146
48619
61596
20205
61149
43551
51811
6540
41016
1814
23
63656
56316
33812
189
24358
207
7095
15342
2069
6771
293
16592
26678
53
10271
32002
49987
9007
43479
61919
35860
38490
15792
8254
1540
25684
17613
19754
31384
60028
3281
2297
47232
62477
60063
46
1462
21701
21956
423
705
23770