2088
2152
8213
8704
900
130
515
5158
16448
8192
564
1
4099
2184
16384
18504
6288
28674
16388
1354
0
640
1040
8256
160
37
32
16544
16520
4128
12
2572
20488
16704
1541
8320
26656
20512
16432
1024
1
2
256
1624
1028
24576
21024
20
10641
8450
72
640
16392
12288
4417
12
517
552
21824
4096
18436
8320
0
0
9216
8
3136
10245
1094
32
4417
36
16900
0
16388
1065
1313
20610
16451
1088
132
4360
672
512
0
10
4352
16384
1665
8232
784
17408
68
128
20544
10500
265
21504
4352
9
2144
4166
16644
10242
2320
384
256
8
9216
16400
99
16544
16392
96
4354
2344
1232
0
34
16464
8321
6149
8224
12292
4100
22
8448
8197
4769
512
1045
3
66
321
1064
25616
404
2624
4288
18441
6400
3
8256
16404
20485
1280
4096
2176
2304
24624
386
513
3201
898
17416
11
6
132
4176
16512
2112
14336
17442
16
257
1568
14368
4102
2058
4613
1
17929
12360
1028
384
524
2306
4224
11296
4120
17
24576
27652
8280
418
2065
16644
13
1152
16448
452
13057
18432
17408
128
5380
1092
8800
532
164
18
1280
515
289
9288
17728
2048
16704
128
1280
4365
2720
10264
320
4152
392
8264
4224
26880
16517
1252
273
352
1024
4224
2304
20488
1096
2048
8272
72
264
1024
673
8
16392
582
16896
33
16
224
25088
9472
0
320
3080
12352
16960
260
392
328
4648
36
16640
3584
12288