2092
2152
8221
8704
900
146
515
5158
16448
8192
565
9
4099
2184
16896
18508
6288
28674
16388
1866
0
640
1040
8256
160
37
32
16544
16520
4256
12
18956
20492
16704
1541
8320
26656
20576
18480
1024
1025
514
320
3672
1028
24576
21024
8212
8593
8450
584
704
16392
12288
4449
12
517
16936
21824
4224
18436
8192
0
256
9224
8
3136
10244
1350
32
4416
36
16964
16384
16388
1065
1313
22658
17475
1088
132
264
688
512
0
10
4356
16392
1669
8232
816
17408
68
128
20544
10500
265
21504
20736
25
2144
4174
16644
10242
2352
384
256
8
25600
16408
99
16544
16520
96
12546
6440
1104
128
1058
24656
8353
6149
8224
12292
4100
150
8448
8709
4769
4608
1045
3
16450
329
17448
25618
404
2624
6336
18443
6400
35
8257
16404
20485
1280
4096
2184
2304
24624
1410
8705
3201
9090
17416
11
518
4
4184
20608
2368
14340
17442
4112
257
1568
14368
4102
10
4645
9
17921
12360
1028
448
524
2338
4224
11300
24
8209
24576
26628
24664
418
2073
18692
1037
1024
16450
452
13057
18432
17920
128
5380
1092
12896
596
164
18
1280
519
289
9544
17728
2049
16704
1152
1280
4381
2784
10776
321
4152
4488
8264
4224
26880
20613
1253
4369
480
1280
6272
2304
28680
17480
2048
8272
200
264
1024
4769
16392
16392
583
16896
33
1040
226
25088
9488
8192
1344
1032
12360
576
2308
264
328
4664
164
16640
3584
12288