57
104
8221
8708
900
144
515
5159
16448
8704
565
9
4099
18568
512
18508
7312
28674
20484
1866
0
640
1040
8256
160
5
32
16544
16520
4768
2060
19020
20492
16704
1541
8320
26656
20544
18544
1024
1025
8706
336
3704
1028
24832
21024
8212
8337
8450
1608
640
16904
12290
4449
12
517
16936
21824
4240
16388
8192
64
1280
9288
8
3136
10244
17734
32
4416
44
16964
16384
16404
1065
1313
18562
17475
1088
132
265
656
514
0
10
4356
16393
5765
8488
816
17664
68
128
20544
10500
265
22016
20736
281
2160
4174
24836
26626
2352
2432
0
10
25728
16408
355
20640
16512
96
12546
6440
1104
128
34
24656
8417
6149
8224
12300
4100
150
8448
8711
4769
4608
1045
11
16706
2377
17448
25618
916
2624
6336
18699
6404
35
9281
16404
20549
3328
4096
2440
2304
24624
1282
10753
7297
9090
17416
16395
16902
4
4184
21120
2368
14340
17442
4112
259
1568
14880
4134
2058
4645
73
17921
12352
1028
448
524
2466
4256
11300
24
24593
25088
26628
28760
418
18457
18436
1036
1088
16578
452
13057
18448
17920
1152
5380
1348
12384
598
164
16402
1280
519
288
9544
17856
2049
16832
1152
1280
4381
2792
10776
321
20536
4232
8268
12416
26880
4229
1253
4881
488
1408
4224
2304
28680
17480
2064
8272
201
264
1024
4773
16392
16392
16967
16896
33
1104
226
25088
9488
10240
1344
1032
12360
832
2820
264
1352
4664
4260
16384
3648
12288