63
65504
8237
8804
49
160
515
5159
17216
8864
563
17
4099
18664
632
18496
7440
28674
20484
1866
0
640
1056
8280
160
393
38
16544
16520
4792
2060
19180
20480
16672
1733
8320
26656
20564
18608
1408
1025
8708
208
3448
1052
24928
21008
8212
8439
8452
2040
655
16928
12337
4449
60
261
16936
22080
4384
16468
8192
140
1200
9288
56
3136
10244
17990
32
4384
815
17012
16384
16786
1066
1313
18573
17475
1100
900
73
656
564
0
10
4356
16585
5702
8740
822
17920
836
128
20512
10596
265
22232
20748
441
2112
4174
24930
26722
2608
2531
12
12
25856
16411
367
20640
16536
96
12802
6440
1872
176
804
24662
8225
6149
8208
12500
4100
144
8460
8759
4769
4614
1813
35
16590
2633
17832
25630
1004
3008
6336
18695
6408
227
9329
16407
20573
3408
4144
2372
2304
24624
1922
10497
7257
9090
17800
16415
16997
2
4184
21219
2368
14364
17442
4496
261
1568
14648
4926
2922
4645
87
18017
12416
1412
448
524
2082
4268
11300
792
24605
25292
26626
28800
418
18453
18440
1228
1280
16770
452
13081
18454
18304
1152
5383
1316
12448
592
196
16450
1280
543
547
9544
17472
2061
16454
1158
1286
4369
2795
10776
321
21304
4232
8262
12736
26752
4325
2021
4114
296
1120
4236
2304
28680
17480
2464
8284
215
136
1048
4805
17160
16440
16971
16896
33
1075
226
25088
9744
10260
1344
1038
12360
844
2980
264
1406
4696
4236
17152
3675
12384