464
65504
21
8978
193
282
901
5397
17246
9024
563
105
4114
18543
632
18623
7202
28674
20506
2033
0
520
1056
8400
160
407
472
16464
16504
4680
2197
18972
20701
16672
1800
8380
26832
20691
18496
1408
1265
8844
208
3448
1502
24721
21008
8212
8439
8647
1851
657
16928
12736
4449
60
313
17386
22192
4560
16878
8207
364
1198
9385
55
3136
10501
18007
32
4114
661
17012
16384
16498
1316
1313
18699
17501
1227
582
73
656
685
255
10
4363
16599
5885
8901
516
17935
717
128
20673
10596
434
22472
20618
441
2104
4256
24596
26858
2608
2531
12
394
25854
16629
400
20537
16745
96
13308
6440
1900
55
708
24665
8238
6274
8223
12757
4550
92
8460
8759
4799
4614
1751
31
16566
2955
17832
25855
1004
3068
6366
18747
6452
493
9329
16616
20638
3408
4288
2372
2334
24639
1948
10617
7257
9116
17482
16638
17148
242
4441
21080
2480
14364
17438
4496
501
1984
14843
5072
2970
4633
345
18013
12673
1412
268
515
2456
4525
11288
1017
24851
25283
26626
28799
474
18632
18814
1084
1161
16770
452
13019
18662
18304
1212
5317
1492
12327
672
262
16442
1280
543
819
9621
17472
2511
16551
1145
1406
4369
2587
10984
157
21046
4504
8445
12577
26938
4313
1556
4245
295
1120
4272
2525
28784
17480
2403
8530
297
240
1048
5067
17160
16388
16971
16896
89
1160
18
25208
10120
10455
1214
1400
12360
964
2900
232
1477
4695
4117
17392
3885
12384