65460
42
21
0
0
44855
18212
40700
0
2430
34578
36343
260
242
294
1296
49633
30875
18492
2174
9792
5200
44293
17888
39528
33
46663
20690
513
56125
80
55935
8961
44753
7681
62716
5177
553
16456
12305
52758
2412
12570
64127
15061
41786
383
12404
61402
17241
2844
62692
28196
36252
29228
57078
32063
25210
14930
46417
207
37754
176
133
32958
24126
58848
18176
4356
1083
9537
45270
52664
17282
267
35927
10324
11693
4207
3698
238
4785
33573
16631
103
8
116
4612
23074
2428
55895
26633
2328
19020
1603
3421
59795
500
54837
8
1281
14757
47896
8556
4922
769
65
4542
32
34224
34010
848
51211
4016
13572
39669
13
19199
985
13807
26471
412
26136
35590
36065
53591
56775
1071
24959
16384
64652
17412
64634
2112
26727
16432
2048
45626
40884
30090
52824
8328
1377
26625
5586
4232
50613
18662
4125
504
2072
16384
2299
408
5464
24439
10814
1472
767
39751
2151
21964
2806
18292
22678
19326
31161
59643
53174
29359
5375
9251
233
47
44899
4476
12258
4411
64
615
19102
19634
52194
37017
8567
35959
11963
50564
17564
752
59036
4351
60228
288
7930
383
62144
16267
38171
6441
3992
47738
28196
17615
37298
24576
52419
33739
6302
193
16448
292
48978
8
12144
511
57552
53278
43845
510
1389
18046
11392
40157
26015
61182
48950
4504
54554
3205
52194
50278
509
339
464
72
42756
721
4879
12532
33806
62839
30433
41426
464
16398
47822
41365
16886
563
13054
24684
447
49913
59886
39161