57
43
21
8
512
44855
18212
40700
0
2430
34578
52727
260
242
294
1296
49633
30875
18492
18558
9792
5200
44293
17888
39528
37
63047
28882
513
52029
80
53887
8965
44753
7713
62716
13369
521
16456
12307
52886
2412
4378
64127
14933
41770
895
12404
61394
17241
796
62692
28212
36252
29228
57078
31039
25210
12882
46419
207
37758
48
133
32958
24190
60896
18176
4356
1083
11585
45270
52668
17282
267
35927
10324
11693
4207
3698
8430
4785
33573
16631
103
4104
112
4644
23042
2428
55891
27145
2329
27212
1601
3421
59795
500
54805
2056
1281
14757
47896
8684
21306
833
67
4542
32
34228
34008
784
51215
4017
13604
39669
1037
19198
857
9711
25447
16796
26128
35590
36065
53623
56775
1063
16767
16392
60556
17412
64570
2112
26727
16560
2064
45626
40884
30094
56920
8330
353
26625
5586
4232
50613
18662
4125
504
24
16384
18683
408
5464
24437
10812
1480
255
39751
103
20940
2806
18292
23702
19326
31161
59647
53238
29351
5367
9251
233
43
44387
4476
12262
4539
64
615
19102
19634
35810
32921
8565
35943
12027
50436
21660
240
59038
4223
60229
2336
6906
383
62080
16267
38203
6441
3992
47738
27684
18127
37810
24584
36035
33739
6302
2241
16448
292
48979
8
12128
511
57552
53310
43844
506
1389
18042
15488
40157
17823
61438
48950
408
54554
3221
52194
50278
509
467
472
584
42500
721
4623
14580
33804
62839
30401
57810
464
16394
47822
41397
16886
563
8958
25708
511
49913
59886
39161