2048
12
13
4
3072
0
2
1024
8192
16384
4608
324
4099
0
8256
33
4
34
128
6144
129
257
770
1152
259
32
560
10240
544
16
4232
16416
80
2048
258
2176
0
10496
2048
0
48
16392
1
8320
144
16392
65
528
2048
4224
8224
5120
0
4096
3072
8
32
0
264
8192
2
0
33
0
10242
0
16384
16
4100
2
1040
7
8196
8194
268
8
256
128
0
4096
136
512
26624
2088
9
74
8
20484
10240
8256
0
48
0
528
5136
17
321
8224
640
1024
192
2560
33
4
4
8197
16384
2048
12
18
8192
18
1088
1024
576
8192
96
272
6144
9216
528
64
16384
18
512
16416
32
16656
4
0
2
2056
0
8256
4
0
322
11
0
514
64
560
0
68
128
1027
2068
8196
64
32
1152
576
2048
3
32
8192
512
4112
256
16516
16
2304
32
17408
260
16640
16384
256
256
0
5120
0
0
6
24576
520
8224
0
6400
16384
2050
0
16
8200
8320
6144
514
48
264
128
4
4
256
2048
2048
2064
12
128
16
4
0
4096
0
4096
16384
0
0
0
0
16392
1056
0
4352
64
128
256
4
2
5
24704
0
0
8208
0
24592
16384
17
8192
16392
16384
6400
1153
1152
256
66
514
5120
40
16576
32
16392
4096
2048
16448
1024
2048
0
16416
8320
2
64
513
256
8192
8
512