2048
12
13
132
2048
4096
2
1024
8224
16384
4608
324
4107
4096
8256
33
6
34
136
6144
129
257
1794
1408
275
160
48
10240
548
8208
4232
16420
80
3072
2306
2180
1
10497
2048
16
1072
16392
17
8576
144
20488
8257
16
3072
4224
8224
5376
16384
4096
19456
2056
36
0
2312
8192
66
0
32
32
10754
0
24576
20
4100
2
1040
7
8196
8226
268
8
4352
128
64
12288
136
512
26624
2088
13
74
8
20484
10240
12352
0
50
0
2576
5136
19
320
8224
640
1024
192
2560
33
4
36
8197
16384
2048
268
18
8192
8210
9280
1152
512
8320
96
272
4096
9216
528
64
16392
18
513
16416
8224
16400
4
0
258
2568
8192
8264
4
16
354
11
16
514
1088
560
16
68
192
1027
2132
8196
8256
32
3200
576
2048
2
32
8256
512
4368
258
16532
16
2304
33
17409
16644
16640
16448
256
8448
0
13312
256
2
6
8192
520
8224
1024
6400
16384
2051
0
16
8200
128
6144
546
1072
8456
128
6
516
257
2048
2048
2064
12
128
16
0
256
6144
0
4096
16384
0
8
0
512
16456
1056
16384
4352
64
128
0
4
2
5
24704
0
4
8208
32
24592
16400
17
8192
16648
16384
6528
1153
9344
256
66
515
1024
40
24768
33
20488
4096
2052
17472
3072
2048
0
16416
8328
2
64
513
256
8192
1032
0