57
28
21
4228
2050
4096
2
1024
8224
16384
4608
324
5131
4096
8258
33
6
16418
140
6208
1153
257
1792
384
275
160
4144
8192
548
10256
5256
17444
80
3072
2306
2180
1
26881
2560
20
1072
16392
17
8578
16
20488
8257
144
3072
12416
8224
21760
18432
5120
19456
18440
8228
1
2312
8196
66
0
32
48
10754
256
24576
84
4100
2
1072
7
8196
8194
16652
4104
256
128
192
12800
136
512
26688
2152
13
4170
8
20492
8192
12368
0
50
16384
2064
5136
19
320
8224
640
1024
192
2560
33
0
36
8197
16384
6144
268
2
8448
8208
9280
1168
512
8352
96
256
4096
9216
528
2112
16392
18
577
16416
8224
16384
4
0
258
3592
8192
8265
4
1040
98
11
16
518
1088
560
16
68
8384
1027
2132
8212
8256
32
3456
608
2048
2
32
8264
8704
4432
262
24724
16
2304
8225
17408
16644
18688
16452
2304
8448
256
13312
256
2
6
8192
521
32
1024
6400
16384
2051
8192
16
8264
128
6144
546
1072
8456
128
7
516
4353
2050
3072
2064
12
128
16
32
256
14336
0
4608
16384
16384
72
4096
576
16457
17440
16512
4480
16448
640
256
4
514
5
16512
0
4
12304
1056
25616
16400
49
8256
16712
16386
6528
1153
9360
256
66
519
1024
40
24768
33
20552
4096
2052
17472
3104
2048
128
16416
8328
34
576
513
768
8192
1033
64