61241
65504
21
0
0
45194
39230
1231
13799
16633
10768
443
18944
4867
8282
34
5080
16449
628
6208
1193
270
1819
329
492
606
4311
8678
451
10541
31119
17444
12223
3456
2461
2308
193
26831
27082
59
1832
17928
495
19565
31
57936
56011
147
46176
12793
39952
21760
27442
5335
19462
23186
47410
499
2315
9156
189
9373
478
60
11005
28487
32809
18154
9080
14
55886
16654
8196
8578
16676
4104
767
382
26765
12926
31192
515
27468
2550
397
4166
8
20978
24600
12371
159
16667
19290
2542
5141
7227
32080
8543
31762
1024
14752
2866
216
33101
442
8201
16639
6630
511
22
9088
13126
17687
1104
30736
8287
126
511
4099
10239
1006
23351
23407
31443
30521
16604
10654
16384
253
15
270
3823
8551
12860
205
1424
134
11668
8
1016
1088
565
223
955
32396
17959
5098
8228
45222
8117
3455
896
5431
12978
862
11491
9214
13040
26142
24810
239
28321
8609
17663
34984
50856
27882
2304
8295
830
13726
18091
508
249
24238
17671
67
16560
6400
19455
2099
8624
22
53920
382
6149
5068
25856
8459
128
27077
507
6189
29571
3219
2526
498
115
9954
12569
499
32450
30153
4608
48563
17150
187
4582
576
16841
17841
16451
29530
26769
383
415
6580
156
38058
16518
255
506
12304
1827
25823
47857
1457
8208
16566
16398
6527
1311
9296
512
17000
712
26346
51
25536
29
20954
4606
27510
44982
23218
2048
56937
17175
8311
46
958
45400
63
8966
1033
896