57
21
21
256
49
0
8
2176
2
1
16
0
65
130
32
513
260
257
0
0
0
2
0
0
0
2064
2064
32
2
0
16
0
16
4096
18432
2
20
4
80
0
8192
20480
0
8192
1024
0
0
1
8
0
32
0
768
0
32
0
1024
32
32
4
0
0
8
2048
2048
1280
8192
544
8320
32
68
1024
0
516
64
2
8
0
1280
4
32
0
0
512
16386
1024
4128
4096
40
16
2048
0
4096
2
2
8208
1024
256
4
576
384
0
0
384
0
2560
640
1
64
16
1040
0
0
17
8192
4160
3
0
0
16
512
2
0
4
4608
48
72
4096
256
24
128
16
2052
0
0
0
72
64
8
0
128
4
8704
512
4100
8
0
16386
5120
48
4100
0
32
0
16400
2
8192
64
8448
0
2
0
16384
32
32
2048
128
2048
0
0
3
16384
4224
2048
0
4224
4224
514
8196
18
0
8192
1024
0
0
16
36
4096
4096
0
0
1024
0
0
16384
8448
8208
64
16
1152
0
32
16384
0
0
2
8192
136
130
1
0
16384
4
2
0
4
0
16385
1024
5
512
16
0
0
1
8192
2
3072
0
1280
96
8
2
5
16384
512
24
129
128
64
0
2056
16
0
256
32
6
0
48
4100
16384
0
16384
2048
256
2