37433
65504
146
32768
49
34281
8
2176
205
16637
47833
0
62243
49948
336
952
32228
62448
53604
57372
34438
13256
0
1752
562
10662
58784
446
51253
62435
42717
36444
39914
51101
60536
63129
65000
2806
49786
1008
8327
20904
63602
48099
9425
0
41858
37146
53170
48906
41772
49887
36843
352
32
6
53716
44472
3353
55846
368
252
8
2120
2048
23170
62607
984
23629
43025
135
64924
211
859
45765
48152
20966
6200
2346
46552
48336
243
504
51450
33394
1112
25908
28536
40
406
15485
6
14574
2
14
8365
39862
64159
40998
30545
47659
51755
0
31003
47730
16099
51874
299
8439
63395
62
497
30247
49873
5741
17571
192
16480
213
16
2710
18220
8576
167
6923
34693
13148
42086
23160
57882
132
45247
56385
92
35563
388
44050
463
21586
18979
72
488
20050
50445
45176
99
24562
64073
13327
4236
324
1114
318
64755
4762
61595
8192
944
8661
113
14
52942
20862
1056
340
39697
54715
34550
58299
53954
35561
16834
6368
2528
51297
59361
49440
1540
25266
63337
96
48028
36073
62140
2456
35180
38556
12148
39496
955
19298
59363
15
32989
16568
44039
29592
52247
36416
54073
3359
42105
64739
772
28459
15303
3736
270
224
49851
800
11130
131
402
15690
13654
2173
58481
1223
58375
45256
8134
0
24163
1022
53085
45400
50531
3937
9538
96
55945
44270
4125
58466
8818
21612
142
640
42306
63216
46961
25007
23810
134
44
644
34290
34106
51157
55839
32545
16412
46473
34273
58903