959
65504
17
64729
49
56747
1524
61509
1228
20996
44496
37258
6132
13211
523
2771
43024
25639
20702
3090
26063
3
38319
33680
16545
4130
56732
8800
17483
12665
55640
24093
40828
42755
50497
46794
15250
16912
40073
16120
260
1524
14964
21482
30976
12763
6637
2840
1524
61643
11545
64227
6244
5007
33519
73
32290
8553
14981
56052
42255
17573
1231
17681
7236
65219
1005
2114
26353
212
2298
62968
47579
55238
22577
4423
4557
51631
9076
831
64817
1761
530
16299
39542
53214
18838
37481
6212
34482
2798
51374
17936
12967
2723
21395
12521
56911
12777
16847
64804
2610
23878
26830
20622
8606
462
16990
19439
29673
24996
59799
22742
5532
4722
59325
17807
3555
16438
20733
37150
48718
41418
14111
16398
42831
38994
43281
41533
8485
49349
10872
70
12683
18918
38290
24
9702
16408
22657
4277
18821
61774
2152
55607
52036
4623
2424
530
24122
8269
1626
55464
4096
2039
66
2238
15046
16609
12679
52402
23158
21340
53075
58189
5056
61722
43
58495
27848
52175
55159
8795
1056
17714
631
77
42895
9302
54286
52303
22
25416
4724
6620
9940
18087
63500
12341
16210
51697
58274
2304
52545
42774
9524
8576
16577
761
1430
36218
59901
4344
2281
90
16762
2376
54503
60791
12335
16788
5081
368
16701
8640
59478
54412
16674
286
23498
436
52591
3758
64
10752
60503
14302
1410
8861
46803
44222
4454
1284
5592
3349
4558
57787
11629
6741
23495
1857
60811
51872
4866
25277
16516
8450
278
4
24987
19524
39941
61848
59200
2516
607