49
13
141
64
8256
2560
4352
0
1
0
256
9216
512
1280
260
64
9216
4096
1
1024
64
0
2048
8208
10
4128
9728
2176
8320
544
1
0
20480
16
4
1026
128
8192
64
8208
4100
1537
8192
64
8321
0
257
12800
4
4
4368
128
32
16512
544
128
128
16384
18496
640
1024
12288
320
0
18
257
8192
128
513
560
80
8208
16384
32
34
8
8704
1152
132
0
16
0
16448
8448
2048
256
8
512
0
8193
4112
320
4097
576
0
192
2560
0
16640
32
4096
1
2560
2
32
20
2084
32
1
2048
0
4
0
4096
9
1536
16
4096
17416
516
0
8192
1
64
1024
2304
16
1024
4
2048
1
0
2052
0
0
3
0
8192
0
0
8192
4128
2048
128
8192
1
128
32
1026
512
2048
1024
256
2
4
8192
0
2048
1024
513
16384
8192
328
2144
4096
8200
16384
32
0
176
3072
4096
16448
8256
16400
2304
584
1538
16384
16416
128
1025
16896
8192
8
1
548
129
5
8
1032
16384
8320
36
3
4106
32
8736
1056
1
20
18
32
512
128
8
16452
1
2048
0
640
512
0
1024
0
32
8352
12288
0
128
261
2048
0
8
12288
8200
8384
4
640
16392
8
8
16388
1
1024
2
0
1
528
0
16640
132
64
32
8
16512
2562
0
544
4
2080
4
4112
128
8192
288