2097
13
21
66
49
2560
4864
128
4097
8
256
25600
768
1280
16644
72
9220
12288
1
1024
64
64
2048
8208
42
4130
9728
2176
8320
8736
1
0
20480
16
16388
1090
128
8192
192
9232
4102
1553
8192
64
8325
512
257
12801
4
4
4432
1152
96
16513
544
128
128
20480
18496
640
1024
12288
324
256
274
261
8194
2176
513
16944
1104
8208
16384
32
2082
8
8960
1152
132
8
272
16
16704
8448
2048
256
0
640
0
10241
4368
320
4129
576
4096
192
2568
0
16640
48
4096
1
2688
8194
34
20
3108
32
1
2048
128
132
0
5120
9
17920
8208
4096
19464
516
0
24576
1
576
1026
10496
272
5120
20
2064
9
0
2052
0
0
19
0
8208
0
0
8448
4128
2052
128
8192
129
130
32
1030
512
2056
1024
256
130
4
12288
0
2048
1024
513
20480
8192
840
3168
4224
8200
16385
40
0
176
3072
4096
16960
8384
16401
2432
712
1539
16416
16416
640
1025
16384
0
8200
4097
804
131
1029
8
1544
16448
8320
52
3
6154
32
8738
1056
8193
20
18
32
512
384
8
16452
1
2048
0
672
512
0
1028
0
32
8864
12320
0
128
261
2112
128
8
28672
8200
8896
4
648
16392
8
9
16389
0
1024
18
0
1
528
512
16640
8324
68
34
8
16512
2562
0
16928
132
2080
4
4096
128
8208
288