57
2061
277
98
49
512
4872
1152
4097
8
8448
29696
768
1280
16644
200
25604
12288
1025
3072
64
68
2560
8464
10
4130
9728
2177
8320
8744
1
0
20488
144
16388
1602
132
8192
192
9232
4102
1681
8192
64
9349
576
257
29185
1028
6
4432
1152
16480
20609
544
2176
8320
20480
18496
512
1032
12288
324
4352
274
263
8194
2688
513
16944
1104
8272
16384
1056
2082
2056
25344
1152
2180
8
4368
18
16704
8448
18432
264
0
641
4
10241
6416
8512
4129
576
4100
192
2696
32
16644
16
4096
33
2692
12290
34
148
3172
32
1
2052
128
132
64
5632
9
1536
8212
20480
19976
516
4
24576
4097
576
1154
2304
276
5120
84
6160
9
16384
2052
0
2048
51
0
8240
0
4
8448
4128
2052
0
8192
129
130
32
1094
512
2056
1024
257
130
6
12289
0
2048
1280
517
20482
24576
17224
3172
4224
10248
16393
296
32
176
3072
4096
16960
8388
16465
2432
712
1539
16424
16416
640
1025
16386
0
8204
4097
804
131
1029
8
1672
16456
12416
36
7
2058
34
8738
1056
8193
148
530
33
512
384
16392
16580
1
2048
0
2720
512
16384
1028
0
36
672
12320
0
16512
1285
2112
130
8
28736
8200
8896
12
648
16456
8
16393
16389
16
1280
50
0
1
528
512
16641
8388
324
16418
520
128
2562
0
544
132
18464
2052
4128
128
10256
800