57
2194
109
412
206
41211
4343
1055
5118
5588
27174
29888
754
516
16654
55
47504
34170
5592
3327
32334
50664
37803
12249
44573
19601
9918
2462
8755
24863
9956
41794
20862
57258
16856
1920
53600
64382
38346
45559
3008
1681
908
28898
52886
7641
258
29185
46512
10
3199
38781
15744
20705
5736
2205
50944
20489
12420
256
34777
13059
62122
61181
274
312
8482
25194
40753
24130
1184
8282
50336
63718
2366
2506
64800
60994
41526
59448
22512
46820
42624
56309
18486
41648
55240
577
52544
10357
53372
6736
60329
43667
32204
16712
40256
32868
39236
43722
57233
21859
35870
59751
49208
48939
41242
494
56808
37674
256
60699
862
5672
45237
39357
22660
20990
17466
15560
334
25086
4097
48430
22264
54483
279
5360
168
6199
27368
5693
2059
35691
49899
45029
40992
63775
510
148
47460
4444
60112
486
35440
48093
130
44944
20064
57310
2511
53631
46711
8048
53122
24600
646
25966
60840
49867
4594
58222
27728
3988
55724
10454
47014
7105
39300
47319
20726
20528
1860
7623
53250
16511
568
17036
61802
16604
55754
55152
14632
24354
8437
4382
978
44623
40010
21992
44948
16561
3200
62044
121
2293
43
4261
12392
163
38236
28085
2662
63095
480
21441
61336
59490
32608
28374
62346
62857
20956
1083
55456
57571
63280
12502
30508
42196
1192
51750
99
241
28806
8304
8908
503
17504
56479
436
23351
51569
27677
1286
36890
54036
121
43474
44135
32560
22250
38994
16851
526
51634
48376
160
33999
270
10726
2549
5072
59253
10446
35672