57
24544
21
0
0
27879
8650
34521
5118
5588
27174
29888
754
21044
16654
3897
47504
13082
5592
56045
32334
50664
37803
41087
14264
17449
9918
1450
8755
24863
9956
20734
20862
57258
22192
1664
53600
11574
55664
1441
3008
1681
36088
28898
26056
7641
258
29185
12288
25066
8398
38781
32256
20705
5736
60091
50944
3585
12420
256
988
13059
24744
30531
274
28472
16008
33214
26372
24130
1184
8282
60672
63718
2366
2506
1408
60994
41526
59448
23296
46820
42624
36093
18486
41648
55240
12311
52544
10357
24472
6736
60329
43667
32204
35656
40256
29540
39236
43722
57233
55823
35870
41591
49208
48939
41242
494
56808
51426
256
60699
24864
5672
45237
39357
22660
20990
22204
15560
334
6926
4097
48430
22264
5639
21596
5360
52224
6199
27368
5693
2059
35691
49899
21443
40992
63775
17208
29788
47460
58284
28512
1402
35440
48093
50212
44944
3968
57310
11338
53631
46711
51696
23368
21592
646
25966
60840
49867
4594
58222
27728
3988
55724
30190
26020
7105
39300
47319
48988
20528
1860
50811
55644
52433
36480
17036
61802
468
55754
33328
35440
24354
8437
4382
978
44623
40010
21992
5984
1551
3200
57180
121
16413
43
4261
12392
21173
56288
13253
2662
63095
19968
21441
61336
59490
7680
28374
17576
61163
20956
1083
55456
57571
8192
22374
30508
42196
45696
63694
474
43439
28806
8304
8908
503
17504
21763
436
23351
10752
27493
1286
36890
54036
31757
43474
44135
32560
22250
41860
4425
526
51634
48376
47712
33999
270
63644
2549
5072
59253
10446
44200