19257
65504
4981
59901
49
54835
0
262
1023
217
37976
49997
206
64
12
0
27008
510
16
48523
20440
43742
494
23862
48
446
47849
10826
37859
167
131
255
54694
16384
44961
52701
59075
48791
3
642
2546
8
3
4
64611
24
335
27
504
27086
12931
41674
62412
239
16384
62793
498
2099
62169
3
8367
490
40
16767
140
0
960
59521
63560
432
61
262
508
926
99
63277
502
48312
46961
16654
23392
43261
4
45995
255
384
482
46311
64
63109
0
16
50850
63331
6178
42178
52176
41643
766
57759
654
512
63
510
54935
396
774
2558
14159
1022
317
52631
4099
207
510
32778
1149
2096
35401
539
767
766
2
192
56580
358
245
766
0
254
55166
2558
124
49022
1216
18026
60263
64838
5
52060
290
98
368
206
243
510
16384
227
42090
0
53238
38849
384
59190
255
45035
125
2023
8192
39236
768
57439
718
1024
2557
243
19635
5
198
0
413
4
414
36692
62946
18408
496
35
16387
43968
52
485
51554
57353
0
49863
37708
54392
57588
752
16408
8198
2048
64831
252
254
64572
51614
43258
42263
9086
56167
285
15222
28395
192
192
59703
39
44373
4543
5752
2534
509
8441
504
97
510
4
486
506
0
31251
782
10
384
54557
3
774
22773
414
710
408
36935
143
27419
56736
34705
1279
34839
241
510
3
57356
498
62889
41028
63611
2
208
510
6
768
504
510
0