24
9228
8269
17153
16520
16
2058
2048
0
1
80
8576
49
128
16896
513
4
0
0
16
128
16386
608
0
16640
10304
2068
801
1026
512
16
16388
144
4096
24640
18
4
4160
4162
64
12544
0
4352
4
6144
32
2048
8193
520
384
4096
0
1536
24648
40
24580
8320
16424
12384
2564
24608
16384
2048
256
3072
256
16384
536
8592
8200
1028
9220
1040
8712
592
6
8216
17920
9284
16384
36
136
34
16516
16896
1426
36
4352
32
4
18592
0
5152
6
7
8192
2053
264
16384
80
192
8704
2560
192
4352
0
160
385
513
8256
9228
130
8193
17680
8
4160
67
0
2560
80
512
512
4224
5
4100
2052
8193
1
16642
264
16386
274
18
16384
6149
0
20564
0
2312
160
8320
4224
12306
16960
12288
16
16
50
3080
5138
12
32
8225
5
528
177
640
4160
128
4224
4106
64
16912
128
8320
10304
20612
2048
0
0
16402
1026
1668
16402
4608
5184
5184
512
5
96
256
4097
9218
12304
2561
4116
8212
4128
4128
2
32
2082
1056
8200
17536
4368
4112
712
16
132
1
512
0
1024
6152
56
8256
128
13058
4
4100
264
69
3074
4
1284
2112
16912
64
8196
10241
337
2560
8704
8260
128
0
10240
18432
512
2112
10
16640
4
16388
16928
1043
5251
17792
8
12416
513
52
24592
4
4128
10
0
16544
4160
19456
0
24580
10756
1282
4612