57
9228
21
17249
49
48
2060
2816
12
4097
93
8646
8273
160
16899
525
20
48
8
1032
1152
16771
596
4096
16646
2112
2268
801
1250
544
19
4
2195
4096
24640
18
514
4162
4162
80
14598
16
4400
52
6144
300
3072
8193
4616
16768
4192
16384
1922
24648
48
24583
8320
16808
12384
2756
24640
17152
2144
256
3072
352
16480
280
8208
8200
1032
9220
1040
9096
592
774
8216
17920
9284
16396
36
136
34
16514
16896
1426
68
4376
38
4
18598
96
5152
6
391
8192
2054
264
16390
80
960
8707
2560
192
4400
0
928
641
609
8224
9420
130
8193
17680
776
4160
67
384
2566
80
512
512
4224
5
4124
2052
8194
7
16898
360
16482
266
210
16384
6197
3
20532
384
2320
160
8320
4224
12298
16704
12300
16
16
50
3080
5138
12
32
8225
5
528
305
736
4128
128
4224
4106
64
16656
64
8256
10304
20610
2096
0
0
16394
1026
1672
16402
4800
5187
5184
512
5
96
256
4193
9218
12304
2585
4119
8212
4160
4134
770
416
2082
1056
8200
17539
4368
4112
712
16
132
2
536
0
1030
6152
248
8268
128
13070
196
4124
520
93
3074
388
1308
2176
16912
64
8388
10247
337
2560
8704
8264
134
0
10288
18438
512
2080
18
16688
52
16388
16928
1235
5251
17798
8
12416
519
50
24592
2
4896
10
0
16544
4160
19468
0
24580
11140
1474
4612