4096
65504
2069
1
0
128
1
6
192
16388
0
8200
1025
17408
32
2080
272
3
1026
1024
8192
2
0
65
16688
548
8
266
8448
1
40
768
8200
1024
2561
128
8832
0
5136
1024
16406
16
2432
320
9216
152
5128
0
4360
2048
0
16768
4256
12320
100
129
2
10248
4234
160
256
64
64
8258
8264
512
1280
0
1096
4096
0
128
68
2
16384
8193
1280
164
2
0
6
260
8192
4096
8
4
8192
0
2240
5192
4104
162
800
160
204
16768
34
0
64
32
96
1030
24584
2048
4096
1152
401
8192
9220
16642
34
1028
19456
16928
16
280
8452
9280
258
0
8
8705
9216
320
2049
144
256
2069
513
5120
514
384
4096
16384
80
16
2056
8193
2177
2048
4352
0
576
4
16384
2564
6144
18466
384
80
128
16896
8196
512
9732
4096
16896
256
3072
48
0
8
34
2
512
144
9224
513
1154
5120
128
1024
1032
1024
1
20
1536
4096
1280
257
1024
0
21504
768
16384
1
24736
8202
16
16421
16416
2592
4
512
8
516
8192
32
8212
256
4160
6
5123
65
4105
17408
2128
1024
16384
4096
288
2050
2048
8192
40
0
9216
0
2304
64
1120
0
4352
1
1
4608
16416
8256
2
64
4096
0
1025
16449
9216
260
8257
576
4096
64
520
0
8200
0
274
8328
8192
66
1088
32
16480
8225
776
0
2064
16416