0
8204
13
0
0
0
64
128
0
2048
32
0
0
32
0
2048
0
4
0
4096
0
64
0
0
1024
0
16384
128
0
0
256
16
0
32
4096
16384
0
16384
4096
8
0
0
64
1024
4096
4
0
0
0
0
0
1
2048
16
16384
8192
0
0
16
1
0
0
0
0
1024
1024
0
0
32
0
0
2048
0
0
64
0
256
0
0
1024
0
0
0
4096
256
0
0
1
64
4096
16384
256
0
4
0
4096
0
0
0
64
0
0
512
1024
0
0
0
0
2
0
0
0
0
4
128
512
16384
4
0
0
0
0
0
0
0
4
16
0
4
0
0
16384
0
4096
4096
512
512
512
128
16384
0
0
1024
0
0
0
32
0
0
0
0
0
128
4
0
0
128
8192
2
2048
8
512
0
0
2
0
0
64
0
32
32
0
1024
8192
1
0
2
0
1024
8
0
0
16
0
8192
0
32
0
0
0
0
512
4
2
2048
0
32
0
1
32
4
512
1024
16384
0
0
0
0
512
0
0
0
0
0
256
2048
4
0
0
64
0
512
0
8192
16384
256
4096
0
0
16384
8192
0
0
128
0
0
256
2
0
0
0
2
0
16384
0
8
0
0
0
2048
1024
0
1024
0
0
0