0
65504
21
0
0
128
1
4
64
16388
0
8200
1025
16384
1056
2080
16
3
2
1024
8192
2
0
65
304
548
8
258
8448
1
8
768
8
1024
513
0
8704
256
5136
1024
22
16
384
320
9216
24
5128
0
4352
0
0
16768
4128
4128
68
128
2
10248
4106
160
256
64
64
66
8264
512
256
0
1088
4096
0
128
68
0
16384
8193
256
132
2
0
6
260
8192
4096
0
4
0
1024
2240
4168
8
130
544
128
196
384
2
0
0
0
96
1026
24576
2048
0
1152
400
8192
9216
16642
32
4
19456
16928
16
264
8448
1088
258
0
8
513
8192
64
2049
16
256
2053
513
1024
2
128
4352
0
80
48
2048
1
2177
2048
4416
0
576
4
16384
2052
6144
18464
384
80
128
16896
8196
512
9728
4096
512
256
2048
16
2
8
34
0
0
128
9224
1
1154
4096
2176
0
8
1024
1
20
1024
0
1024
256
1024
0
21504
768
16384
1
24704
8202
16
16420
32
2592
16388
512
8
516
8192
0
8212
256
4096
4
1027
65
9
16384
2064
0
0
0
288
2050
2048
8192
32
0
9216
0
2304
0
1120
0
4352
1
1
4608
16384
8256
2
64
4096
0
1025
65
1024
256
65
512
0
64
512
0
8200
0
258
8328
8192
66
1088
32
16416
8224
768
0
2064
32