0
21
0
0
0
60118
1
54300
65024
64548
510
8204
1025
510
1056
2096
16
3
42292
28974
12798
2
16
65
31872
7812
15568
509
8480
59126
16392
768
8448
1152
577
0
8959
61403
60956
1024
233
16
384
24554
9694
59483
5128
510
6400
2
510
36634
20512
4128
4283
127
252
8200
4618
160
246
17975
16448
98
8776
1022
6640
510
1215
26811
0
3570
4504
255
16639
56426
256
32180
255
50416
121
276
8192
4096
2048
251
0
23552
2430
4535
13948
1149
29640
128
61688
386
2
4606
24380
0
17792
1532
25086
34816
22832
55424
111
8447
11488
46924
478
4966
19456
17374
31598
264
12544
1466
49290
0
29632
513
8702
63
2302
2064
511
63750
29568
29313
2
640
4286
255
942
462
28792
11943
6527
2048
61184
506
576
25766
16635
18436
6398
2317
56832
2478
9312
16896
8698
35088
9983
4606
767
40192
2303
494
509
8118
34180
510
0
30592
38084
510
1141
4606
2111
0
10448
20230
766
3510
44192
0
1534
254
5452
16384
21504
41822
0
3
24958
8692
7300
37524
544
54434
0
45694
26220
39635
8447
511
11984
250
18432
2299
30114
1763
246
17663
2286
0
16080
0
223
2269
18687
35726
32
0
9726
0
3328
16
9312
191
56286
8193
4448
37376
16448
8384
10
1088
4224
128
17128
190
51222
272
39720
1022
4351
1439
60960
542
8200
1022
509
8328
49152
46894
7680
65312
60216
8224
768
59392
35876
49120