28
21
8397
6273
8448
0
0
16384
644
25104
129
2052
4104
16384
9224
3080
2065
16392
4618
128
96
4352
4224
20628
5120
1064
66
1088
6144
8224
24904
514
13120
36
8514
8320
8448
10448
10248
12292
516
1538
768
96
8212
17568
8736
514
1536
25376
16408
8
385
2856
65
160
4104
8592
2592
8256
8192
32
8297
4
8480
8192
25089
1536
19520
260
17667
22532
2184
1024
256
16512
8226
68
16512
20519
2054
2
0
4162
288
18464
2
8332
516
1
24584
3073
386
2312
24644
8241
36
2336
608
4116
385
8480
1
14856
0
2576
24
10272
1105
16929
2306
320
1060
16521
256
520
17442
4096
2306
4096
24577
2564
128
16520
4624
128
20480
1026
664
16
16644
256
5120
4098
9216
3074
2560
0
296
5504
65
16898
96
36
16416
8195
11268
4162
18688
6916
16400
160
2322
576
17956
192
5696
1552
2320
24657
2048
24640
4610
529
2048
2560
528
37
12576
160
129
9289
8704
8720
6180
18432
1283
0
4
4352
192
146
1032
4640
128
174
265
12288
8192
20
576
32
3840
67
5212
145
64
1306
512
96
1088
140
17409
128
3104
16641
18432
16
18436
0
9
16657
4608
272
6660
2048
48
20
18
8256
4
2056
8960
1282
1034
8196
24608
1350
1152
640
1036
2049
8
16432
256
1794
9
336
8
2049
17496
1282
4140
3
1040
8834
16422
576
616
4113
274
8258
25600
2496
5632
3077