57
21
8397
6273
8448
0
64
16896
640
25108
129
2052
5128
16384
9224
1032
2065
16384
12810
128
16480
4352
4256
20628
5120
1064
98
17472
6400
8224
24840
546
9024
4
8642
8320
8448
26832
10248
12292
516
1538
832
64
8212
18080
8736
518
1536
25376
16408
8
385
808
65
176
4104
8592
2592
8272
8192
32
8297
4
8480
8448
24577
1536
19536
260
17667
23044
2184
9216
256
16516
8226
68
24704
4135
2054
514
0
66
288
18720
2
8328
516
2049
8200
3073
4482
2304
24676
8241
44
18720
608
4116
385
8482
1025
14860
1024
2576
536
10272
1617
21025
2050
832
1060
137
257
520
17442
4096
2306
6144
24577
516
128
16520
4624
128
20480
1027
664
16
16644
256
1024
4162
9218
3202
2560
0
8488
5376
16449
25090
112
36
16416
8195
11268
12354
18692
4868
16400
160
2322
1600
17956
200
5824
1552
2320
24657
2048
25152
4610
529
2112
2568
1552
37
12576
160
128
9305
8704
8720
22564
18432
5379
16384
12
4356
192
146
1033
6688
128
172
265
12352
8192
4
577
33
3840
67
5212
145
64
1298
512
96
1088
140
17409
4224
3104
16641
22528
16
18436
0
9
24849
4608
272
23044
2176
2096
22
26
8512
5
2056
8960
258
1034
8192
25120
1348
1152
640
1037
2065
16392
16432
256
1795
9
336
8
2049
17496
1282
4142
4099
1040
8706
38
576
872
4113
274
8258
24576
2496
5632
3077