46649
21
21
50352
49
2538
46070
61815
58744
24859
34604
42871
5122
54745
1441
54526
1
58935
4698
16384
25511
4601
37198
16890
408
5136
184
542
50148
8223
8455
864
38146
454
8688
44525
4523
40747
8574
8427
98
258
56485
16896
59114
1350
8704
46262
256
16603
59062
55108
344
2910
2080
56777
48271
833
42658
61149
2248
35043
405
386
8224
65533
4194
1
3321
99
2462
54457
49612
1523
16384
40245
4127
64698
16384
55310
63823
55488
0
20702
16010
2105
57776
49065
2560
514
96
5029
110
19425
59738
49890
52928
2436
60573
35245
249
12568
0
10606
27571
924
58070
4915
9623
63799
158
494
1342
926
6286
511
1253
0
46745
198
27139
59
8317
16418
4624
61251
44097
3
384
223
8578
2547
1088
4352
11423
2162
44416
671
544
4223
34169
16887
8256
42101
36
9223
9266
2686
2304
6607
54274
191
27075
46503
18016
11761
1529
19127
18925
756
16579
134
42204
651
10706
36180
8208
5
8240
63571
2049
8447
10239
32162
5307
0
1438
13
256
6374
36618
47330
37226
40005
72
39243
8641
509
6674
0
48586
46609
1312
44671
39308
16
4100
2686
60147
14
1089
4104
53303
37579
1038
16654
18818
16
20324
344
64
63642
4801
398
4558
670
59652
360
448
63035
4134
51251
9160
2
57682
40991
24792
260
51354
27900
40842
2808
241
50247
42774
712
63042
54033
43612
6598
20979
76
43301
16824
16
38989
63032
8192
42058
61950
36085
8317
24862
2192
13818
5