54329
65504
229
3
206
182
50097
24895
60216
16468
961
392
5210
9473
22902
35282
1068
5247
4226
37658
17358
61514
56945
18920
524
1194
842
46129
2101
2273
1017
761
4403
2524
60762
8694
61879
848
47889
61186
64684
130
17152
10060
10028
1152
6590
4171
50960
17014
280
53444
1024
6225
48194
49292
16456
403
49036
41614
24638
50737
8456
1292
12543
64432
8253
4665
512
643
1085
4413
33192
44411
282
51914
1534
6248
8568
4228
42672
2280
8207
22
61547
47837
42660
8194
8229
500
24895
60303
8574
59557
29182
47074
57982
2916
50684
492
2687
10644
34424
43279
54696
17323
164
8435
2080
789
57766
2384
207
2586
9753
60794
56726
6988
10672
43067
28916
10927
4293
1392
59028
18796
17184
4105
19857
8590
20605
1522
1530
65211
26611
2559
8192
768
324
4347
57953
57769
16450
40908
36220
57901
9472
3660
18624
28427
3438
2138
574
206
1658
25
830
831
4386
16527
44
60639
4482
1918
2205
24181
403
985
61058
516
493
24577
16381
61595
47508
9598
507
255
4289
265
306
53890
58006
52806
3048
636
903
2040
10632
55772
2013
1695
3372
53055
3794
49396
4606
2118
3895
4599
1331
29594
52269
111
1280
63535
53054
42964
1275
3085
4106
41260
12390
27624
55
14634
337
25600
43562
6909
1279
32837
38716
50493
33215
23132
16860
8929
684
4197
2242
8193
2100
12527
58788
30512
42520
62531
448
580
808
51469
96
50679
49342
43125
47512
1801
322
1531
512
16817
3172
330
57550
8215