54329
65504
9239
3
6878
182
445
24895
60216
16468
33749
392
5210
62235
22902
57870
11852
21665
4226
24384
14366
61514
52893
18920
32828
5340
842
46129
2101
2273
1017
761
38259
1632
5158
1084
61879
848
47889
61186
64684
59092
17152
10060
32644
1152
6590
4171
6000
6044
280
20778
11880
6225
48194
49292
16456
49669
49036
41614
24638
50737
8456
1292
45951
64432
57537
4665
59664
60685
1085
32715
54984
32415
13230
49504
42134
6248
8568
46686
41968
22410
8207
27324
45331
42375
42660
8194
49717
500
24895
60303
30774
59557
50362
47074
51710
38
50684
492
2687
10644
34424
43279
19064
17323
38264
8435
63736
789
57766
14894
207
20220
9753
60794
56726
6988
39068
43067
43492
49811
4293
1392
59028
18796
17184
4105
55953
8590
3969
1522
34562
65211
26611
2559
11024
768
19032
4347
57953
57769
16450
40908
60060
57901
9472
3660
18624
565
39578
2138
574
35840
1658
25
5750
46713
4386
53515
44
60639
50886
1918
2205
24181
58079
985
62418
516
27285
24577
23381
44533
8944
38620
507
56929
4289
5231
306
53890
58006
39348
3048
636
28783
2040
10632
55772
2013
1695
23084
53055
54870
49396
4606
3536
3895
4599
39107
29594
52269
111
1280
63535
38106
42964
1275
3085
48046
41260
5046
27624
55
42712
30465
25600
41438
6909
15543
32837
38716
50493
41855
37794
22432
8929
4156
4197
2242
26063
23044
12527
58788
30512
42520
5623
448
580
808
51469
96
41411
49342
5215
47512
1801
322
48607
512
16817
3172
56644
57550
8215