0
65504
1045
1
128
2560
0
0
0
4354
520
32
0
0
16384
5120
16448
1040
0
2082
132
16384
4096
1168
24576
0
0
4096
2050
96
2049
32
320
1536
66
20992
16912
16920
96
2176
0
1552
512
48
2304
6180
4
24576
4160
8
40
0
272
4352
6144
1025
17420
548
512
128
0
5120
16448
20512
16401
18432
2054
0
320
16514
1088
12296
8204
192
32
9
0
1024
4096
1152
0
9218
4228
0
9
64
65
12304
32
6
4096
2176
0
0
0
0
4352
1
16400
336
18448
545
0
0
18
1025
8192
5
512
24584
512
8322
16448
8960
5
512
8257
2564
16386
5154
656
4096
0
65
0
65
1088
24
1024
42
1
0
4096
2568
1601
128
1
16
8
64
1168
1168
3
1
16388
0
577
0
256
8192
4114
144
12448
12544
8192
768
12288
4
2049
512
4
4108
16520
132
6144
8
144
2088
16402
130
64
4608
520
2
2048
642
2048
2112
32
33
19520
4161
16424
4097
0
2050
328
56
2052
258
136
512
2049
20
4096
0
32
1024
0
2306
8713
8
0
20544
3072
384
8192
9216
1024
9218
34
16902
0
3073
0
8
652
261
1056
8224
0
288
2568
72
8193
5
768
4100
520
16
16417
2048
4096
16640
256
1088
512
16387
8
4608
8770
66
8208
0
0
1024
16640
10306
34
512
72
140
132
0
17472
10368