120
65504
109
0
0
2108
512
2108
2168
2317
512
208
0
512
16384
5133
16384
1072
30
2142
6
18552
4157
1258
24576
124
8207
4608
2560
88
14
0
847
1086
114
20600
530
1000
1150
2161
4
872
8952
48
286
6180
11
8192
312
8200
16424
1340
376
4352
4126
573
1032
1624
512
158
120
4157
16449
16416
145
18462
2058
0
576
16542
1264
4344
24588
208
61
8441
1024
1026
4096
142
8
9246
20634
47
112
94
176
12304
64
2
4340
2070
8
26
572
120
4924
3
17512
364
2062
33
0
0
159
1657
8222
26
60
16692
0
156
16463
17152
5
527
8368
2590
16506
4306
656
12348
4111
125
4
1
64
23
1536
37
121
240
4156
2568
1537
128
31
512
112
64
146
5136
12
1
4
240
65
11
496
0
18
144
4176
12288
8207
798
12303
26
2063
0
4
4108
16496
134
6272
8252
18
2080
16389
2
94
4638
52
66
1084
626
8312
2108
0
33
18496
20604
16416
4097
143
2062
8456
36
3076
316
240
528
2049
8206
4338
60
32
240
512
256
8705
8
15
176
7408
414
0
1024
1280
9216
4098
536
8312
2049
30
520
524
4356
32
10272
496
496
18944
22
8192
4
512
56
16904
14
16505
2048
4128
376
16640
176
512
16385
16
4608
8258
220
8478
60
0
120
1400
8250
35
60
112
252
4228
16504
1600
2178