1
8204
8205
4096
4
1024
68
128
0
2048
32
256
0
32
0
2176
0
2052
512
4096
0
8256
0
0
1024
256
16384
192
0
16384
256
24
0
32
5120
16448
0
16512
4096
8
1
128
64
1024
4098
8196
4
64
16384
512
0
0
2056
17
16385
9216
0
1024
16
65
0
4
0
0
1280
1032
0
0
48
0
0
2048
0
16384
8256
0
257
8192
512
1024
0
0
4
4096
256
8
0
8193
72
4096
17408
0
2
4
0
4096
2048
16384
0
320
0
16
512
1024
0
16
32
16
2
8
0
0
8192
8196
1152
512
16384
8196
0
0
0
0
2
1024
0
4
16
0
132
2
128
16512
1024
4224
4096
4608
513
512
8320
16384
0
8
1025
0
0
0
40
8
512
512
4096
0
128
4
0
64
128
8192
2
2048
40
512
0
0
2
128
0
72
32
32
2080
0
1032
12288
1
1024
2
128
1024
136
0
1
16
0
8200
512
32
0
16384
512
2
520
4
34
2052
0
32
128
1
48
4
512
1025
16384
8
1024
512
256
514
2
4096
0
0
256
256
2048
4
0
0
192
8192
4608
0
8192
16384
320
4096
512
4
16384
8196
0
0
640
0
512
256
2
16
8
0
34
0
16384
0
8
0
16384
512
2112
1024
0
1024
4
0
0