18476
21
8220
9728
900
1170
515
5158
16576
8192
565
1
12291
2216
16896
18540
6544
28674
16404
1866
8
640
1040
8192
160
37
32
16544
16520
4260
8204
18956
20493
16704
1541
8320
26656
20577
18480
1024
1025
514
64
3672
17412
24576
21040
10260
8657
12546
2632
704
16392
8192
4453
524
517
16936
20800
4288
18692
8264
1024
768
9384
512
19524
10372
1382
4256
4416
4132
16964
16640
16390
1065
1057
28802
17479
1089
128
6408
656
8704
4
16394
5380
16392
1925
9256
948
25600
8260
0
22592
10500
1289
29696
20736
25
2147
20558
16641
10241
2353
16776
4352
9
26112
16664
6243
20640
22664
64
13058
6185
1234
144
17442
24657
8357
2053
8480
14596
4096
150
8520
8709
673
4608
1047
1027
16962
321
18024
25618
404
2752
6352
16395
2048
1059
8545
16404
20485
8448
4096
2217
2305
24624
1282
513
19585
9098
17408
11
518
36
4168
20608
2369
14468
17442
12304
259
1536
14369
4103
330
4709
2057
17921
4296
17668
448
517
2848
4224
3108
8280
8208
24576
26656
24664
930
25
18692
1165
17412
16450
452
13064
19457
17928
144
7428
1092
12832
628
4324
82
1288
647
289
11592
17730
18433
16704
11392
1408
4372
3824
10840
4417
4216
4236
8268
4228
27392
20613
1509
4369
16864
5392
6304
264
28744
17480
18432
9328
5320
256
1024
22177
16392
16520
583
17024
49
1024
994
29184
9489
24704
1280
1032
12648
578
2308
4360
328
21048
164
17152
19968
12808