57
458
491
58928
49
1404
1017
36847
16588
43978
1738
38926
13564
22696
30820
18818
34576
23036
17428
5962
255
1918
43636
2
26624
50773
16672
16804
16470
12211
37424
20325
52224
16446
17925
8319
30752
20894
18830
1502
1535
43058
64
3974
17412
24815
21454
10260
8750
12476
2636
704
50476
8702
4442
755
1019
53215
20736
4576
26884
10678
61122
17150
9384
1022
19520
140
25508
4182
24640
5339
26400
22711
62396
1750
1246
37658
19897
63247
127
6631
1680
38234
37424
16394
14520
46216
1659
9686
21598
11264
8260
12963
20544
27131
0
30206
22784
17323
20160
20657
32730
10751
25576
33702
4864
503
62248
16664
14492
52785
22728
446
52616
6185
1069
144
17820
25007
3928
45530
10528
14340
4574
182
8264
29061
673
4608
57712
3075
17340
438
18358
26092
4500
6848
19148
16395
60272
71
8590
65324
20487
8703
4096
56309
2817
24624
57136
513
64064
8820
17910
8203
34688
218
4279
20608
2369
12420
18448
12527
41492
45750
15070
12295
7712
5019
27130
18177
200
41908
6528
513
2848
4224
3291
8615
9232
24576
61440
24664
61568
16913
22788
28417
50928
16572
315
13056
19457
50688
36382
60977
1211
54560
18108
4326
32384
58070
632
46379
11446
49804
18943
16640
11392
1407
616
56092
10919
4542
62032
4219
49928
4475
27136
62558
3099
28499
41024
5543
6304
264
29110
17591
18687
9296
5320
254
1056
55200
16456
48008
37280
17536
19844
32785
797
51953
9455
25728
1280
33390
8552
4797
2298
4599
58040
29240
344
25342
20223
40970