45568
63456
21
46330
33276
54843
664
63991
65472
25452
43784
28569
54254
20480
15618
53839
1249
23635
23286
47642
12
37546
16815
16006
966
46315
54802
104
23472
60983
63246
4892
5114
10657
156
12075
44143
342
51907
4020
82
47834
17152
21727
43684
38082
6263
65426
12923
25863
300
59029
36340
6648
6228
55999
31168
8208
56572
45815
24576
539
63262
23306
12480
3471
59416
56542
534
34049
34554
319
47048
16874
64378
19711
7330
6932
8570
4238
57268
48920
37990
9945
950
38611
8324
4489
8958
57271
58032
43797
58404
633
30723
41442
48768
2791
42336
16
1010
51903
52484
18596
40576
17114
55006
8340
53254
562
59942
6290
37667
59907
38828
2093
52585
2178
45548
64876
64641
22674
4383
63759
850
23976
16754
27255
263
10268
21332
258
1028
58236
41444
2675
5008
783
856
50565
25872
2162
52702
1923
1366
33410
3438
17210
18937
12302
11368
47921
47232
40495
3906
40362
41950
22726
44798
24977
6030
25110
4579
22519
20828
647
2048
29037
24032
516
25778
64024
58372
4210
24836
42483
33649
34869
12016
847
1399
50528
18512
5233
33024
9772
10902
48715
25600
16480
39992
47986
1701
818
8240
7888
55232
53324
56970
56760
56120
264
438
39109
43968
37854
19396
18171
25413
45591
20730
62024
28719
24209
828
32795
1160
25604
61646
4565
42146
4690
8961
4126
42509
26493
456
8659
29292
59488
12416
8193
2058
12295
64556
37662
441
33494
1206
53675
52865
11124
446
14
4102
8460
20030
54512
343
24185
790
47990
24948
36939
51470
57071