61952
65504
2069
0
0
54907
4632
59895
63428
25452
35592
28573
54222
4104
13570
53326
1257
23891
23286
47626
44
49834
16783
16007
966
46250
54802
72
23473
60951
63246
4894
5098
10657
4252
12079
44415
2390
51843
4020
66
47834
17153
21535
43556
38086
6263
65424
30331
29959
428
58901
35316
14841
6740
55999
23488
8464
40188
45815
24576
539
63262
23338
12992
3471
59408
54494
566
34073
42714
8575
46024
16834
64382
19707
7302
6940
8570
20638
56756
65288
36964
9881
950
38647
8260
4491
8442
57271
58032
43793
58404
633
30721
41450
47232
743
42272
16
9202
56063
36100
18596
39552
17114
56542
8852
53382
2618
59940
6802
37795
60161
38828
2093
52577
3202
45484
65390
60545
22546
20766
63759
848
23977
16754
19071
24839
10516
21316
322
1540
50044
45540
2674
5008
815
852
50565
11536
2154
51674
1923
9558
49794
2414
18238
18841
12334
11496
47905
47296
40494
3914
36266
41942
22726
45054
24981
6030
26134
4577
21495
21340
5767
18496
29007
23012
516
26038
64024
58372
4402
24852
42467
33585
35125
12016
843
1527
50528
19026
5233
33024
9741
2710
47691
29696
16608
39992
39795
5797
882
24624
3793
55232
54348
52874
56762
56120
280
166
39117
43970
33758
18884
763
25409
47639
4602
62026
28719
3729
317
40987
1152
25600
61638
4565
58530
5714
8969
4126
42509
26493
476
9171
29196
41056
12736
8705
2058
12311
64556
37662
185
33430
9910
53675
52869
11125
446
14
4614
8476
19518
55024
351
24153
1814
47990
24956
32842
35086
55023