65460
21
56872
48531
0
54907
4567
59895
63320
58060
15614
28388
33488
4104
35870
21888
55257
48227
478
21552
47551
49578
56953
16153
567
47002
55019
86
23127
60967
11828
4345
39136
49791
16223
11472
44415
2262
52093
3920
9296
47850
17273
1212
62808
37894
37683
65424
30331
29959
434
14127
44576
58876
17828
55875
23500
8418
40164
16321
25599
5217
19206
23255
50368
3471
55966
26109
35314
41548
41758
63545
45640
16442
36212
52375
14752
32404
8485
1359
54491
24090
63730
56918
34604
43688
10896
49201
8581
57207
54918
43871
2164
46783
16352
58695
47135
22972
42275
37437
46278
42976
36098
46881
39503
29931
42868
26148
14280
941
3598
56111
8243
59329
24766
49604
52894
3250
25490
65294
60545
58009
64854
63807
48180
48559
27916
36595
14471
10612
58306
304
1543
49921
26856
42795
5008
433
929
24739
26472
13455
63708
14162
36352
39022
51262
37478
5653
56857
1432
40541
50232
25155
63216
27118
48232
28900
29560
60662
43200
26596
40767
53322
1284
7407
18560
10377
5200
246
159
63591
58850
7484
24685
63989
60160
59813
45118
38774
39600
50246
48044
65472
24132
49776
2646
18206
29696
16787
39992
41139
53248
28656
6109
3632
55232
20407
14964
32087
6080
358
166
39091
57632
33758
44830
763
25566
20855
4292
62026
29393
19042
58392
39976
1920
19754
40196
49122
63724
5799
55384
50880
18432
26493
476
9184
15144
5203
43208
50520
810
39709
47796
47274
185
52728
42732
53733
36517
25972
440
564
57353
8402
11464
25528
30728
24153
42108
21175
25020
32810
50662
54556