65460
21
39974
48531
53500
29046
4567
59895
63320
58060
15614
28388
10692
4104
35870
21888
55257
48227
478
45066
47551
49578
56953
16153
567
47002
55019
86
23127
60967
11828
47066
39136
49791
10557
11472
44415
14439
52093
26114
9296
47850
51237
1212
62808
37894
29911
43617
30331
64726
434
6140
27628
26311
61294
55875
23500
8418
36266
16321
25599
5217
19206
62104
50368
3471
8730
61114
20654
11015
41758
63545
45640
60657
36212
52375
23484
32404
8485
1359
52619
8649
63730
25347
23000
26195
37604
49201
8581
57207
54918
20228
42520
46783
62082
41960
47135
62458
42275
37437
46278
32123
33436
14522
39503
29931
42868
22201
14280
14547
3598
56111
38115
59329
24766
35409
52894
35272
63260
65294
60545
31264
37084
63807
33464
26162
27916
36595
3975
28018
58306
36525
1543
43644
26856
20900
5008
433
929
24739
26472
13455
52416
57539
36352
64076
51262
37478
52609
31364
61954
40541
47264
25155
63216
27118
34764
28900
1596
60662
43200
26596
40767
53322
17688
42570
11994
10377
5200
246
42997
63591
58850
7484
24685
63989
60160
59813
45118
16144
39600
50246
48044
57353
24132
49776
21218
18206
29696
16787
39992
35572
53248
28656
4123
55405
55232
63474
54958
23952
6080
358
44252
19944
57632
3601
44830
763
25566
1446
3826
34167
63229
61837
58392
39976
1920
19754
15146
49122
28724
5799
55384
50723
18432
26493
476
9184
15144
57710
43208
50520
36674
15668
24522
47274
47053
52728
7184
53733
36517
25972
440
64321
57353
55773
58322
8129
30728
39534
42108
21175
25020
32810
50662
54556