57
21
21
60810
29176
23399
54481
59895
11848
58060
15614
28388
10692
4104
35870
21888
55257
48227
478
45066
47551
30613
56953
15618
53791
47002
55019
60475
23127
60967
11828
47066
39136
64284
10557
11472
44415
10306
19799
2267
49152
47850
51237
1212
62808
37894
27561
39986
7755
41893
40832
50326
37252
26311
61294
55875
23500
54185
7792
5510
21443
63524
19206
62104
50368
3471
8730
61114
20654
11015
41758
62706
30976
60657
10026
19788
23484
32404
5769
1359
26427
8649
32672
25347
23000
19966
37604
49201
49877
57207
54828
16041
18876
46783
41764
12937
47135
40857
42275
37437
46278
32123
29238
6483
39503
29931
42868
22201
50564
14547
59040
39616
38115
59329
24766
4318
38954
53982
21690
65294
60545
31264
37084
63807
33464
26162
5774
5236
3975
15345
28736
36525
1543
43644
26856
16157
5008
433
929
8589
26472
9474
22322
57539
36352
64076
37658
37478
49645
31364
1494
40541
47264
25155
63216
24915
34764
28900
1596
60662
43200
1442
10653
29095
17688
35749
11994
62690
5200
51108
42997
63591
45878
7484
24685
63989
60160
36419
45118
16144
39600
50246
48044
25682
24132
24389
3950
18206
29696
16787
39992
35572
22656
28656
4123
55405
55232
63474
54958
5691
6080
38813
44252
3357
56404
55620
44830
763
25566
34261
3826
34167
9345
61837
27244
39976
1920
58705
15146
44551
28724
57290
55384
50723
18432
22172
35578
9184
53316
57710
43208
50520
36674
15668
24522
47274
30689
52728
7184
26102
36517
10627
440
64321
57353
55773
30684
8129
536
39534
42108
21175
25020
32810
50662
54556