8192
65504
4117
64
8
2048
0
4128
2049
16642
512
128
640
576
18436
5184
16392
1808
2056
2082
8224
20484
4096
1176
24576
512
258
4096
2080
8736
3073
8704
320
17922
0
20736
529
696
2148
18561
1028
528
8840
80
8464
6148
4
130
8258
24
104
25632
292
4360
6216
129
19592
2600
16896
1184
528
5140
20672
6432
1
25088
23042
3
1104
18562
1024
4216
12
1216
8192
41
32
9538
4096
144
514
9217
6532
1056
1032
2112
1088
28690
288
2
12320
4
80
64
260
272
6464
1
16385
850
18484
1313
4
1568
12304
1027
8192
512
40
16522
36
18562
16970
2816
517
2752
24576
2112
24578
4131
688
4144
2084
1089
896
6145
6216
128
1026
42
1029
160
12289
552
5637
168
1033
2048
1032
67
656
1048
71
16385
16420
8
321
592
265
34
19
144
6320
12544
12416
784
4608
12
2048
128
4236
12
18508
132
2048
546
4144
10336
19458
16386
16464
4
8204
1034
1028
8898
128
3328
256
101
18497
6464
17956
4105
520
2080
8200
8220
2052
8448
4264
2568
22529
16
4104
64
33
2
8448
2432
16897
8
8192
12608
3088
448
8576
1152
1536
24576
146
8710
8192
2305
10752
1034
9868
772
4128
8289
768
4352
2584
8
8197
2564
514
4
520
4112
16385
6144
4264
128
24868
18496
538
16481
8
4736
8258
1122
288
4
2306
2088
257
8290
34
16514
136
12
140
8
1088
2176