63
2060
77
0
49
16896
0
0
1
0
2048
4672
512
3088
64
16
64
0
17
9248
0
0
4096
528
2
4096
16896
8192
4160
6
2048
256
16388
0
20
1025
16520
8241
68
8193
512
8704
16384
4096
384
2
5121
1664
288
160
4100
64
16384
9344
1
1216
32
384
2304
512
16408
6144
72
2048
0
9
512
4224
768
656
1025
4
65
8192
2080
33
128
1552
20
4
512
12288
16
4352
2308
0
0
2056
0
8192
16
18
4608
16960
16392
674
2080
20480
2304
8192
2064
35
19456
18
24
264
3136
96
256
2560
520
2084
8
0
8328
672
20
5121
1024
2562
0
8457
128
0
9216
1024
4144
1024
672
2178
32
2048
2560
4116
0
1
0
8448
2
4096
48
16
0
16448
0
515
0
4096
16386
0
3072
8194
2048
3
16896
2
24576
4101
1024
512
18448
128
81
48
0
8192
1088
34
128
16928
0
265
8195
2368
17024
16708
264
576
1088
34
257
17
304
0
0
640
68
130
8716
16
256
16384
8194
4
17410
4352
512
16896
1092
273
8836
642
4128
514
160
72
581
0
2048
0
8
513
528
17
64
3104
160
5120
2052
0
256
0
260
8
24596
56
25152
2080
514
21504
0
12
18444
12288
18
8706
12808
4096
18
0
160
0
192
2144
512
131
2054
4162
640
4
2080
16
112
16384
25
256