3141
134
13
2064
16433
80
3137
24
16420
8352
0
2188
18
325
2210
9298
2466
21
4360
156
8707
519
524
11270
12361
24576
549
5122
3616
16960
16432
4104
0
4224
25128
9217
289
528
4681
192
0
17444
1056
68
132
2058
16384
20736
8208
9234
2180
0
32
2720
9250
5377
17
16401
512
1026
168
19232
8480
16768
19664
16900
16548
8457
8456
8
32
16640
178
2332
13344
160
18465
1
21
2562
12608
512
18464
4
2065
2308
4120
1032
128
136
5120
24833
4
256
17426
24609
16
5122
2432
12872
12320
1315
4112
145
898
392
1296
8832
4644
129
264
20
5328
18946
98
0
25600
18450
1536
5637
8768
4226
2353
784
672
280
4096
2057
64
2084
2912
5378
8448
260
1094
11778
3074
513
2564
4608
8528
1216
19968
6272
10248
16646
8196
20481
4160
8784
21552
24609
33
4096
16419
9
1186
24640
12
16432
2068
2561
0
16416
4
900
1568
4272
2
688
128
528
265
25601
185
24768
4608
9216
5152
2048
17408
1025
7936
4160
4
17419
16961
16664
19456
16392
1321
4674
12816
4096
8195
5384
1064
20486
4353
51
32
17
4361
672
134
25250
386
2306
356
8497
2320
19976
15504
8193
280
130
8450
324
8192
2152
10240
1120
10318
272
64
4128
1664
24624
8360
4
36
514
1156
17185
20160
5504
8
3104
1568
8320
16416
1032
304
2112
2178
16384
5776
4096
8194
19
2100
336
28817
3428
512
1032