57
4742
77
18449
49
84
3077
2072
16420
8354
256
2252
18
16705
2466
8274
2466
4
4104
188
8707
25095
4652
11270
12617
24576
8749
4610
3616
16964
16497
4106
0
4224
12840
9216
4385
512
4673
196
0
17452
1024
4164
132
2056
18944
20752
8192
9234
10372
4
34
2724
9218
15617
16
16401
512
1538
168
20256
8480
16774
19666
16900
16804
8449
8457
520
32
16704
178
2332
13344
161
19489
5
17
10882
12617
512
22560
260
2065
2436
4123
1544
128
136
7184
24833
6
289
17427
24865
592
21570
2512
13120
30752
1059
20496
211
898
472
1298
8832
4652
145
264
52
5264
16898
354
0
27648
18450
512
1541
8784
4098
3377
8976
1696
1304
22528
2569
64
2212
2912
5442
8450
324
1094
11778
3074
513
3588
4608
8532
1216
17920
6274
8200
16646
24580
20481
4160
8788
21552
24609
33
4096
16547
4105
1186
24640
12
16432
2068
2577
0
32
516
900
1576
4256
514
688
144
532
265
25601
185
28864
6656
9216
4128
2048
17416
1025
7938
4160
4
17419
16969
16666
19456
16392
1321
4674
12816
4352
8707
5896
1064
20550
4355
51
32
16
4361
672
134
25250
386
2306
356
8241
2320
19976
15568
8201
8472
1154
8962
324
8192
2152
2048
1120
10254
272
0
4384
1664
24624
8352
4
36
514
1164
16929
20192
5508
8
3360
1632
8320
16416
1024
48
6208
2182
16448
5776
4096
8210
19
6196
336
28816
3428
2560
1034