57
4838
21
18449
49
84
3078
2072
16420
8338
512
2252
18
16706
2468
8274
2466
4
4112
164
8707
25479
4660
11270
12617
24576
8749
4610
3616
16964
16881
4106
3
4224
12840
9222
4385
518
4673
196
0
17836
1024
4164
132
2056
18992
20848
8240
9234
10420
388
418
2724
9218
15617
400
16593
512
1538
168
19488
8480
16774
19666
16644
16808
8545
8457
528
32
16704
190
2332
13376
161
19489
5
17
10894
12665
512
22560
356
2833
2440
4123
1544
128
136
7176
24834
6
301
17427
24865
592
22338
2512
13184
30784
1071
20496
339
994
472
1298
8832
4636
161
272
52
5264
16898
353
48
28416
18450
536
1541
8796
4122
3377
8992
1632
1304
22531
2953
64
2216
2144
5454
8450
324
1098
11790
3086
705
3588
4608
8532
1216
17920
6274
8203
16646
24580
20481
4184
8788
21552
24801
65
4096
16547
4105
1954
24640
204
16432
2066
2578
768
416
514
900
1608
4240
514
688
147
916
265
26369
185
28870
6400
9216
4128
2048
17416
1037
7938
4208
4
17419
17017
16666
19456
16392
1577
4674
12808
4608
8451
5896
1064
20550
4355
51
38
16
4233
416
70
25234
2
2306
356
8193
2323
19976
15568
8207
8472
1156
8962
324
8195
2536
2144
1888
10254
272
0
4256
1664
24624
8358
4
68
514
1164
16929
19936
5508
8
3552
1632
8320
16416
1024
0
6176
2182
16448
5904
4096
8210
19
6194
336
28822
3412
2584
1036