46905
65504
21
0
0
84
56064
63252
16836
44467
512
2252
53384
52288
63106
45203
30753
18884
4326
37904
8851
37128
42716
33715
51598
9933
8749
4847
19320
44003
21966
19606
48982
17244
48746
9373
4477
527
4916
10319
62073
17518
34532
39929
373
40217
18992
20848
8629
9234
10580
355
55237
17254
48324
15600
50153
59001
44230
1538
51213
18185
8495
16888
431
56533
52044
22388
58615
559
211
12651
288
2293
5964
914
7171
26003
47143
9535
12696
512
22748
43800
13581
2379
51241
49603
128
41074
17246
25074
384
493
17449
24769
23472
21557
2225
58065
30796
63235
21279
37152
33860
57937
24927
64320
5059
161
284
38
886
6554
353
6439
27309
18447
47619
63661
9042
42913
46153
62043
41880
1285
22540
59535
728
51490
2144
5542
52861
62
58224
62948
249
705
62490
4608
42567
56571
65397
6274
64140
59315
42307
47650
46788
9140
57344
23299
48913
4119
53191
64040
64544
58670
11190
49961
61424
2590
768
43579
41681
37583
55512
46569
45133
674
47921
954
37258
44960
61683
57178
48200
39179
46680
2048
13921
37325
7938
7826
53218
58736
17339
1119
19960
47809
51843
49089
62536
30910
56732
5520
45138
13095
50239
240
56694
874
4233
50239
36330
21244
48870
2317
51003
8326
28396
41357
59520
42112
8035
1832
9201
55015
64553
41022
2927
39539
31604
30826
240
40861
58526
24639
65205
61022
135
47421
1151
16253
19713
43673
35931
39193
49038
8344
41268
1024
47598
6566
2160
16448
64237
37659
8341
33240
46652
8655
28757
3412
2680
53261