57
9228
12365
17153
16520
16
2058
2052
0
1
336
8584
2097
4224
512
513
4
128
2
16400
128
16418
736
1
16640
8256
2196
17185
1026
512
20
16388
145
4096
24656
18
36
20544
4170
320
14592
0
4352
4
7168
34
2048
8193
520
256
4096
16
1792
24648
168
24580
8320
16424
12388
2596
24608
16416
2112
256
3072
264
16384
536
8624
8200
1028
9220
1104
8712
2640
38
8217
17920
9284
18432
36
152
42
18564
16896
1298
36
4352
32
36
18592
0
5408
70
7
12288
2085
328
16384
112
4288
8704
2560
193
4360
0
168
1409
1
8272
9228
1154
9217
1296
8
4162
65
0
18944
80
513
512
20608
5
4100
2053
10241
1
16640
265
16386
282
18
16392
14341
4
20564
0
2312
1184
8320
4224
12306
16448
13312
16400
16
50
3112
5139
12
32
8225
517
528
4273
644
4192
136
4225
4362
64
16912
128
8384
10336
20612
2080
16
16384
18
1026
3716
20498
4612
5184
5184
512
13
64
260
20481
9250
12288
2561
4180
8214
4128
4128
16386
544
2090
1060
8204
17536
20752
5136
716
16
132
1
16896
0
1280
7176
8248
8384
128
13058
4
4101
264
197
3074
4
1284
2624
16912
64
9220
10241
336
2048
8704
8260
128
4
10240
18434
4608
2240
2058
16768
4
16388
16928
9235
5251
17792
24
12416
513
8244
24592
16388
4132
74
0
16560
4162
19968
64
24580
10756
1282
4614