38912
65504
21
51224
56336
239
2548
6681
255
40367
56864
8584
2097
42676
512
43775
44068
16223
37512
22212
51200
51505
14860
11823
48000
28720
2155
17119
38432
512
46752
17467
367
44676
24656
18
219
20671
4277
1344
61262
34415
32084
26704
7678
28197
60506
18783
520
254
58980
33424
61440
5640
35604
12100
13552
27560
12388
22105
29782
19287
2112
256
46208
64377
16384
54053
8624
8439
9128
9220
64144
8712
52547
32956
8679
17920
9284
18432
27844
2686
7976
28147
17406
3894
474
4350
34512
6029
59008
48644
5599
22130
44644
12798
2085
182
22724
10431
4159
8704
2815
42545
50887
510
342
6485
511
31331
38704
5314
11487
1262
64475
4162
40870
44266
19199
175
18496
512
20607
44921
4160
18415
40180
254
0
502
46593
485
40437
15110
14341
4
50107
49265
2294
50358
21912
25728
61156
42846
6432
16623
494
18562
15871
65344
2360
6157
8671
24887
15446
63147
58432
59918
44476
57788
4597
53312
16912
26566
24872
10654
22492
18942
41808
16894
10048
42098
7000
12047
4612
35454
52736
512
13
64
260
17678
9250
43055
34414
46392
50456
4574
4128
47890
990
2516
12288
8204
54012
20752
45959
716
29836
123
33681
26718
510
21255
13455
10488
52316
45184
13058
58013
37876
38374
1696
3074
2992
18244
39967
270
41308
9220
48328
58983
27068
51839
0
29249
4
10495
19914
28238
55436
63448
16768
32524
16635
22560
25027
60502
39064
24
12670
513
19792
54630
15520
60269
74
0
1008
4285
13812
7734
25082
35652
50688
35063