57
21
17163
3225
49
288
2108
241
20620
1340
2154
2062
553
506
1276
10568
8692
8510
8409
1160
314
2097
2340
11687
1022
18140
18977
993
2168
8952
559
4322
8343
8500
26108
8892
19
2413
3673
127
4180
1233
8984
30
60231
2451
57525
59554
2
55511
60873
20320
38349
61003
18880
30652
5848
63354
61662
4096
358
323
51807
16707
46661
55143
42476
40515
45564
28814
58056
31360
59382
62519
7894
47494
30952
49802
57778
13856
56489
196
139
318
38692
33656
37516
49290
51738
37907
22045
13947
5884
487
13866
49435
52224
41612
56098
36789
41240
9798
59966
8462
52223
16867
43777
52647
35421
15572
9068
51985
12265
60927
13632
63326
63245
28758
59115
29213
14616
42280
56186
65375
220
58634
44430
30342
244
931
58302
27506
20527
134
54858
10710
16900
49868
28774
62897
35956
51975
9669
4885
53661
41543
54658
42202
29868
61417
55226
10674
31647
58071
59026
22671
31774
40241
48113
57972
21600
13842
43499
708
15502
54712
4331
1987
8710
60245
61
23364
32064
34374
23788
27104
23265
46553
44225
20383
60666
36376
9138
16198
8394
62272
5179
16
43850
5980
37682
79
53407
4669
57108
573
4162
35541
43511
24057
207
2946
38163
26889
63102
54599
8
17601
3574
17367
45738
2102
27584
51456
10592
32113
11361
3014
61520
20302
33548
50722
53435
5074
22467
27177
33974
43220
51484
49362
51116
36027
45405
53861
3045
65111
16427
16309
27740
50845
53921
59049
26917
24409
30131
17451
27380
32566
43336
12031
5727
64959
3046
59809
16434
16626