3072
524
13
1028
0
1024
0
1024
12290
2048
4612
16704
3
0
8320
33
68
2
0
2048
1
265
512
1024
770
4
48
10248
544
0
4106
16416
64
2048
8194
2176
0
8448
0
0
32
8
0
0
144
16384
64
8208
6144
4232
8256
1024
0
0
3072
8
0
0
136
8192
2
3072
1
8
6146
16
16640
0
4096
0
16
5
8228
8194
256
8
0
0
256
4609
4232
544
26624
40
1
66
8
16420
10752
24640
0
33
2048
576
4112
17
193
8192
642
1088
80
2560
8193
4100
0
37
18432
2048
76
1026
8320
4112
64
1025
96
0
4192
257
6144
1024
512
64
0
16
513
16386
2
16912
16384
32
4
8
4096
64
8196
1024
266
521
16384
10
576
48
256
64
128
1025
2065
8196
2112
16416
1152
578
64
2
34
8704
4096
16
0
4228
16
2304
32
17408
2308
256
16392
8448
2
0
5120
1
160
14
16384
8
0
128
6656
16384
2080
0
8208
8232
8576
2048
546
16416
12
128
5
5
0
2050
2048
2048
4
128
16
4
2
8192
0
5120
16384
4096
0
512
8192
8
1312
8192
4352
64
128
256
4
6
7
16512
4
0
8192
0
24576
0
129
24576
72
16384
6400
1152
128
256
66
530
4098
2056
448
48
16392
32
0
80
1032
2056
0
16448
8192
2
16
9
272
8192
256
16896