3136
524
13
1028
16
1032
256
1056
12298
2049
4612
17728
3
8192
8320
33
100
3
0
2049
1
265
768
17408
258
2052
48
10252
672
0
4106
16416
64
2048
24578
2176
32
8448
128
4096
32
1032
0
4096
144
18432
72
8464
6144
4296
12352
17412
132
0
3073
8
16
1032
136
10272
290
3074
8193
8
6146
1040
16386
16
4225
512
24
5
8196
8706
385
8
0
8
256
4609
4232
546
26632
1192
4129
322
8
16676
10848
25156
20480
33
2112
608
4112
8209
192
8192
2694
1216
84
2560
8197
4100
0
101
18432
2056
2380
1026
8360
5168
1088
1281
608
0
12384
1
6145
3080
512
64
1024
16
513
16394
98
16896
16384
16416
0
8
4096
128
8196
1024
267
2569
16384
4107
576
2096
256
2112
129
1033
2064
24580
2112
16416
1168
610
64
2
290
8768
4098
528
0
4229
16
2320
168
17424
18692
258
24840
24864
18
4097
5248
16385
160
10
16386
8
8
128
6674
16388
2088
8192
8272
14376
8576
2048
554
16418
2060
2176
16389
5
4
10274
10240
2056
4
130
16
388
20482
10242
1
1024
16704
0
0
544
8448
16520
1376
8192
4352
16448
384
260
6
142
15
16516
4
16896
9216
16
24576
3
161
24592
16457
16384
22785
9344
129
8448
6
850
4098
6152
192
16416
16424
32
0
576
1032
2056
4
16580
8192
3
16
8201
336
8192
4352
16897