2048
2060
7
128
0
0
0
384
16
16384
35
4160
17424
24
10
1280
8224
0
130
36
4160
4160
0
10256
32
4192
320
2056
4
40
2
0
6146
512
1024
1
16640
8260
528
5
8192
2
8706
2116
448
384
577
2176
513
514
8
8216
1
544
2048
2048
16392
2176
2048
0
8704
32
136
32
0
24576
16388
2
1024
2
16640
4160
16
1040
0
128
256
4
2
4096
512
256
16384
16384
0
8192
2052
12304
4224
0
8200
4096
0
2112
18
131
8192
2120
2144
16
16386
8193
36
512
16
1
256
8200
1088
1
2
0
1032
1
16
2
9224
20480
2050
0
4096
6148
128
0
2560
16512
128
6146
264
0
0
0
34
0
1088
16400
8704
4624
2305
272
8336
4160
65
512
128
1
8192
10752
16640
385
128
8704
2
0
516
128
64
20
16
8196
2
0
262
2176
2050
1026
0
2048
8256
36
0
8208
8192
0
12
4
257
8192
768
8960
129
128
0
1024
0
6
8
1024
16384
16384
5120
34
1048
2560
1024
16
6176
258
18432
272
0
20488
2560
128
0
2
6144
1040
512
0
32
16
512
4112
80
130
8192
8
260
8192
4
128
8260
512
3
8200
128
0
192
0
16512
144
73
17424
8
514
0
576
0
8
8232
768
4128
512
16
128
18436
0
192
0
1026
16384
8
2
1024
8