57
65504
53
3045
49
38142
2554
8794
608
32867
8
30415
20597
28678
343
54640
685
3615
52924
37048
41676
5252
88
3566
5310
1152
1816
11207
36210
6208
910
12671
129
127
490
1223
200
4552
48052
5375
2525
409
9672
43523
57394
8164
49364
50737
666
8
60875
352
4225
896
50100
387
54002
19866
6160
4
228
3267
2436
57986
101
38942
4240
4230
4510
28917
8738
17024
26664
384
20488
16839
4430
56482
57778
42351
4150
17408
377
16830
985
33439
33712
193
258
357
62477
499
9694
4495
57696
49475
46235
1749
73
400
51872
5051
56730
8445
14774
8986
2274
64658
35522
64591
4203
51855
2463
55181
16496
37988
3574
54395
61224
16464
46975
253
8192
65197
220
55269
42830
30024
118
931
57584
10223
20961
505
54442
13553
7038
315
16460
62805
4120
11636
46305
11037
4129
1138
1666
42138
4116
52438
80
8224
1342
8904
24878
16388
8675
50675
21749
36969
4
764
16896
1732
59757
3390
4331
471
20312
60077
4258
44397
3412
39921
3902
2528
25134
344
31740
8702
970
11758
46549
16448
8226
491
9644
80
35512
927
39489
198
57683
189
60267
514
4347
3913
34018
891
1
10752
16392
60725
41366
16584
8
13667
1286
16680
25237
2102
620
24709
50899
37596
494
6145
63406
891
10455
16402
688
458
794
33258
256
134
1024
50203
826
484
61325
53861
2322
1090
8767
64710
1008
52191
65489
62997
8972
16798
452
848
12158
1855
1
51334
5920
576
2274
60322
16384
1010