64
21
1053
4
16512
144
1025
644
1104
16400
0
11
4609
2176
0
2048
18
514
8
1026
512
2
1024
16448
48
0
32
8194
16
8224
0
20992
0
256
16897
8193
8208
0
1104
16384
4
18
1024
576
13312
0
4352
8
256
5122
1056
4224
256
4096
81
1
0
8
4160
16480
36
1024
8192
2
12288
2048
256
1
16
272
64
32
6
32
18432
33
384
640
2
64
128
258
512
16392
12
16
8
1
8320
40
1024
16385
1024
128
4160
16640
8224
0
0
1026
576
194
16384
6144
16384
384
2304
4096
3072
16392
4100
4
16384
288
8
40
0
32
1026
25600
148
3
32
1024
1
84
4352
1
16896
0
256
1024
65
512
16
16
16384
1152
20608
2112
4096
256
68
4100
16449
16384
4112
18432
259
4368
16512
520
1024
1536
1184
514
144
0
0
64
32
6656
0
0
0
66
8256
1
2
4096
3072
0
8
9216
288
516
1
16384
9216
0
1025
0
16386
512
34
1
16384
200
2
16384
512
1600
24576
16
4096
4
0
8200
644
256
18
1024
4610
128
8
16448
2048
4160
4
8224
1296
6144
16
272
32
43695
34384
276
8576
2123
2063
5413
8270
1416
9171
6204
1696
8202
8792
28
8614
4614
1265
20973
19969
1190
40
1464
17454
29308
19210
1256
2352
10486
2144
16448
15360
6976
8226
5
2816
21
12532
2304
9213
253