45881
65504
21
0
0
50509
7691
1120
17700
634
6400
55057
34880
8285
53050
9364
54806
5096
6280
36221
39571
4427
4505
50885
4445
24698
549
9830
47538
18160
16392
4110
50593
52600
5222
9631
310
58443
4617
9144
49051
132
35023
1046
62698
2118
54226
20567
10392
26835
38967
50499
64580
2970
9651
41602
60554
21830
43427
1648
1135
52426
49038
65444
62769
20112
57518
41752
62675
18048
32007
39794
497
2556
12832
838
6870
33904
60131
62819
41017
37923
57470
885
2769
2195
4116
1279
960
56362
4598
25149
48610
45525
18092
8373
42990
5738
268
8776
12864
2502
12334
8473
16717
392
5395
45613
1006
21377
3594
199
7240
17663
64929
2584
4828
55709
18399
4874
62373
64201
148
33892
193
60435
4544
2460
34456
44111
2880
1227
12398
2420
1841
10578
45841
669
41036
186
43165
1152
16827
6374
266
267
2829
224
42651
34779
18112
9465
897
49593
2442
50
11482
60790
64410
25380
60
45639
56886
16437
58665
17060
9824
4190
34235
684
524
528
35165
20001
283
8253
14959
9614
8606
3078
12028
42434
4417
4365
413
8293
16972
16882
3227
4221
1587
49538
6043
57163
64928
59206
26952
59967
28867
2302
55262
47493
4773
508
14410
64239
636
2226
16732
689
2804
60242
11865
7271
426
3919
24624
25186
58052
2056
2316
5557
46994
36393
892
6336
64701
8980
8615
410
8598
4854
1167
15364
19987
1380
33004
1086
17454
29282
19144
9734
2496
55308
2192
33945
15360
455
8612
43810
2765
109
57336
2439
9213
40316