45881
65504
6740
0
0
50509
7691
1120
17700
634
6400
41403
34880
27321
43308
52396
54806
20712
6280
36221
39571
4427
4505
34325
4445
26602
549
9830
59768
43312
16392
21938
50593
33912
5222
37821
43928
58839
37718
24840
49051
34084
35023
1046
59960
2118
54226
20567
11392
44643
52670
50499
64580
61666
9651
61934
26160
21830
43427
52176
1135
52426
4708
65444
53248
20112
57518
59208
62675
18048
508
51358
497
2556
12832
62338
6870
54704
60131
39053
50384
37923
23644
885
2769
2195
42680
15273
32768
56362
4598
11183
48610
40801
14120
2347
42990
5738
268
8776
8448
2502
12334
8473
5192
41480
5395
57295
37992
20205
7336
199
63360
17295
64929
2248
4828
4545
18399
12330
62373
64201
148
43460
193
60435
4544
2460
34456
29135
30336
1227
34488
2420
59302
10578
45841
19973
41036
186
43165
1152
16827
36986
266
267
2829
41120
59952
18755
13440
9465
54784
49593
2442
55906
11482
60790
64410
25380
46464
64263
56886
49343
580
55220
62848
4190
34235
684
524
528
35165
28437
283
8253
37200
9614
8606
3078
12028
42434
4417
14237
413
8293
47928
16882
3227
4221
11738
49538
6043
24459
64928
59206
26952
59967
32722
44958
55262
47493
41522
2772
14410
64239
636
44014
16732
6529
2804
60242
55220
7271
426
37209
24624
25186
58052
2056
2316
36417
46994
36393
892
43200
64701
42684
8615
410
8598
4854
1167
38980
19987
1380
41360
41326
17454
29282
19144
39846
30592
55308
2192
33945
43008
59905
2784
43810
36052
109
57336
2439
9213
40316