57
141
13
64
8208
2560
272
2048
128
512
288
10240
512
1040
256
16448
1024
2
1
1028
1088
32
0
8208
258
4224
1536
144
2176
32
0
0
4096
0
0
1024
192
8192
80
8336
4097
1536
8192
66
129
1024
257
12800
0
2
4384
128
32
16516
544
128
0
16384
2112
544
1028
4098
96
0
16
1
8256
128
513
528
144
8192
16384
1024
33
16392
4608
1024
5
0
128
0
16384
8450
8
0
16384
768
0
8196
48
576
4096
512
64
160
2048
1024
16640
32
0
1
512
3
544
8196
3076
32
1024
2048
0
4100
0
4096
1032
1600
0
4352
17408
644
0
8192
1
0
1024
8448
272
1056
0
2048
0
32
2048
4608
0
513
0
8208
0
512
0
4096
6144
16512
8192
1
4224
0
2
512
2048
17408
8448
18
4
2
1
0
1024
513
16386
0
328
2080
4096
8192
18496
16384
0
160
9216
0
64
64
20480
256
520
642
128
4128
4
1025
0
256
1024
256
516
2176
7
520
8200
0
8192
16388
2
4104
1024
9728
1120
1
16404
2050
32
256
8320
8
68
8
2048
8192
128
8704
0
8
2
32
8320
4096
16
1152
257
2048
0
16392
12544
8
8320
1
512
16416
8
0
16388
5
1024
258
4096
0
512
128
16384
644
2112
32
8
17024
578
2
8224
4
2080
4
16400
0
32
256