49
137
13
96
49
2560
276
2048
128
512
288
10240
512
16
258
16448
1024
0
1
17412
1088
16416
128
8336
258
4224
1536
8336
10240
289
4
1028
4160
2048
16
1552
192
8192
80
8336
1
512
8736
194
5249
1024
264
12289
0
2
4392
128
32
17028
544
130
512
16384
10304
8736
3076
4098
96
8
528
64
25664
128
8704
1552
144
8192
16384
9216
97
16392
4608
1024
4117
16388
128
4096
16512
10502
16408
0
16640
804
0
8196
4144
576
4096
512
8256
160
2052
1024
16384
32
16
1
2560
3
672
9220
3076
352
1025
2049
256
4164
0
4104
17416
576
2304
12544
1088
644
512
9224
1
1
1032
8448
2320
9248
512
2080
514
32
2144
4608
0
16897
8
8192
1025
8706
2
4128
6144
16512
8192
1
4224
4
2048
2560
2048
17408
8480
146
36
2
17
512
16
545
25602
4112
1352
3104
4098
8192
19520
17408
516
16548
9856
8192
64
8256
20484
1280
648
642
144
4096
8260
1041
0
17664
9216
260
8964
2176
263
520
12296
64
0
16932
2
4488
1120
12800
1632
1
17172
2050
49
768
128
264
8388
8
2
8208
128
9728
16385
12
4098
32
9344
12289
272
1412
257
2560
64
16440
12800
4104
8320
1
514
16416
1032
0
19460
517
1032
258
4112
1
4608
8320
18432
676
6208
1184
16392
17024
578
6
8737
4
10272
4
16401
0
160
258