718
65504
21
97
49
6656
491
2048
128
1022
4384
10750
1022
494
252
25022
1151
508
16895
19460
9280
16416
128
8559
253
4224
512
8336
10240
289
506
1028
4287
2558
16
1552
63
8192
430
8303
254
512
9182
194
5503
1534
503
12799
255
2
4310
127
32
17028
735
130
512
16384
10304
8736
3076
4604
96
247
1006
446
25791
128
8704
1552
144
8192
16894
9216
97
16631
5118
1534
4330
16890
128
4606
16512
10502
16408
0
16638
804
510
8698
4558
576
4606
767
8383
160
2052
1534
16894
32
239
1
2560
3
862
9220
3323
158
1025
2049
254
4164
510
4104
17416
576
2302
12799
1215
890
767
9224
254
1
1271
8703
2320
9694
767
2526
514
32
2207
4608
510
16897
8
8192
1025
9212
2
4128
6654
16511
8192
1
4224
251
2558
3070
2048
17408
8480
364
36
253
17
767
16
734
25602
4112
1352
3295
4098
8192
19520
17918
516
16548
9855
8447
446
8383
20731
1280
648
642
366
4351
8260
1519
255
17664
9216
507
8964
2176
249
520
12535
446
0
16932
508
4488
1120
13055
1950
254
17130
2301
49
1023
127
264
8251
8
2
8431
128
9728
16385
243
4604
32
9598
12289
272
1146
257
2560
64
16583
12800
4343
8574
1
765
16862
1526
0
19962
517
1032
258
4112
511
4608
8574
18432
676
6590
1374
16392
17024
578
249
8737
251
10718
506
16879
0
160
252