718
21
21
97
49
33280
491
2048
128
1022
4384
38158
1022
17438
252
25022
1151
4540
16895
19460
9280
16416
128
44895
253
4224
512
48944
10240
289
52968
11388
4287
2558
16
46128
63
8192
468
8303
254
512
9182
150
5503
1534
503
9169
255
2
58840
127
32
17028
5898
130
28672
16384
56960
8736
3076
60684
14144
247
57344
446
1598
128
8704
25168
22368
8192
16894
25600
97
16631
46440
1534
4330
16890
32768
56158
10496
4850
16408
0
16638
30012
19792
41962
4558
3264
10056
30007
8383
23392
2052
1534
16894
19552
239
28005
64512
21557
11824
9220
3323
158
1025
2049
254
57724
510
43912
17416
576
10008
35211
1215
890
55232
40904
61708
5755
57252
13187
2320
48418
22400
42718
34564
28768
2207
4608
510
16897
25664
8192
1025
9212
49440
4128
6654
1777
0
1
4224
61473
2558
3070
45056
17408
34816
364
36
253
17
767
16
734
25602
4112
1600
3295
15688
8192
19520
2738
516
16548
9855
8447
446
8383
20731
27392
648
642
64636
4351
29648
52731
255
17664
57344
6755
8964
2176
249
40520
12535
446
0
7460
16632
41624
1120
13055
9268
254
17130
2301
49
1023
33332
264
8251
61048
40352
20095
128
9728
1492
49967
4604
39648
9598
12289
272
1146
257
2560
8448
16583
49152
4343
8574
1
42580
58774
1526
0
19962
6029
1032
258
52928
511
4608
8574
18432
30244
8604
29966
24480
42112
26988
25801
51704
58659
37688
506
16879
0
7872
252