57
21
21
50467
2500
33280
48770
2048
1024
1022
4384
38158
1022
6022
252
25022
1151
4540
16895
25676
9280
16416
2816
41241
22456
7296
13312
48944
32768
15805
52968
11388
33504
2558
16
46128
49372
8192
468
42473
25472
20992
18028
60210
5503
32678
503
9169
3536
34402
58840
44373
32
36452
18920
130
28672
16384
26880
8736
45296
60684
24960
247
57344
446
23036
128
2048
25168
22368
57344
16894
25600
21992
51549
46440
1534
4330
16890
32768
45246
10496
59510
16408
0
16638
30012
19792
41962
36972
3264
10056
31483
8383
23392
36864
49278
16894
18720
239
28005
64512
21557
62336
9220
3323
158
1025
2049
254
57724
510
1800
17296
576
10008
35211
1215
890
55232
40904
43960
1305
20336
59291
1504
48418
16384
42718
34564
13152
2207
4608
46324
16897
25664
8192
1025
2516
56704
4128
55928
1777
0
1
4224
6387
2558
3070
45056
7168
34816
40332
28072
14639
17
52835
47584
734
25602
4112
46208
7421
15688
8192
19520
2738
31392
16548
44886
8447
446
8383
24236
27392
648
642
6712
25815
44608
52731
255
21760
57344
6755
40168
13696
8412
40520
12535
48834
0
7460
58352
55752
63872
13055
45112
254
45264
2301
64170
1023
33332
17256
8251
61048
37376
20095
59648
9728
1492
16759
62632
55520
9598
12289
6048
1146
257
55808
40448
16583
49152
4343
8574
51273
54992
45358
1526
0
19962
6029
5968
41174
52928
54803
4608
8574
18432
25572
8604
27722
24480
42112
44592
52377
51264
58659
37688
10270
24900
0
7872
252