64
44
29
16384
128
128
1
4
192
0
4
136
1
2560
2
2048
16
10
0
1032
0
16384
4
64
32
2052
0
0
8
0
2048
516
8
512
1
0
8192
0
16
0
4
0
0
1088
1152
4096
4112
64
320
2
0
132
0
4097
64
0
0
8
4096
1056
16
0
16
2
8192
64
0
9
512
8192
8192
32
4100
64
18432
1
320
128
18
66
0
384
0
0
0
0
0
0
128
12
0
0
512
128
192
256
0
8192
8192
32
64
2
16400
2048
0
640
8448
0
5120
18432
0
516
16416
32
0
0
0
0
18
16384
4224
513
0
0
2049
8208
256
0
512
512
4096
0
0
2
0
17
0
1024
128
2048
4096
32
192
5
16384
32
4096
2056
260
272
8320
512
32
528
9216
0
4096
4096
4096
4
0
4104
2
0
0
1
8192
1
66
4096
2048
0
24
3072
1280
4100
0
16
1024
16
0
0
16384
8
0
1
16384
2056
1024
16388
128
16896
0
0
4
4
16
8448
4
256
16
0
2
32
264
16384
2048
65
0
160
288
2048
0
256
32
16384
8192
64
320
0
8256
8
8448
0
0
0
16640
0
0
2112
8
512
17408
33
1024
1024
64
0
0
1
512
4096
8192
16384
8448
8200
0
64
0
0
16384
32
2304
0
2048
0