10240
2062
7
384
0
0
0
896
16
16448
43
4160
17428
24
4106
1280
8224
2
130
548
4160
4160
32
10260
8224
5216
320
2048
68
40
8194
128
6144
512
1024
513
17152
8260
528
4101
8208
514
8194
2116
448
384
577
10368
513
4610
8
24
129
544
2048
2064
16392
2176
2048
64
8768
16416
136
32
0
24576
16404
2050
3072
16386
16648
4162
4112
1024
1024
128
256
4
2
4096
576
256
17408
16384
0
8192
2052
8208
4224
0
8200
5120
0
2240
2
2179
8192
2120
6240
24
16386
8193
36
520
0
1
260
8712
1088
4097
2
64
1032
4097
0
2
9224
20488
2114
128
4224
6148
128
32
18944
16512
128
6146
264
0
1
0
16418
0
1088
16400
9728
4624
10497
272
8336
4160
1
640
128
1
24576
10752
18688
897
128
8708
2
8
516
128
64
4116
16
8204
6
2048
270
6272
2066
1538
0
2048
8256
4
0
9232
9216
16
12
5
321
8192
512
8962
129
136
8
1024
16384
7
8
1024
16416
16640
21504
34
1304
2560
3072
16
22560
2
18432
272
0
20504
6656
384
0
2050
6152
1040
640
256
32
16
512
4116
208
130
8192
8
260
9216
1028
128
9284
512
259
8200
128
0
192
0
17024
144
73
17680
8
514
128
576
16384
8
8200
770
5152
528
16
128
18564
0
224
0
1026
16385
8
2
5120
16392