64
44
29
17408
4224
2176
1025
68
192
0
5
136
1
2560
2
2048
16
8
512
1032
0
16384
16388
80
32
2084
1
512
136
0
2048
644
12
513
1025
16
8192
2
2064
0
36
0
0
1089
1153
4160
4112
96
320
3
0
196
64
12289
96
8192
4
8
4096
1056
1040
0
16
2
8194
65
512
9
512
8192
8192
32
4132
66
2048
16385
336
128
18
66
8192
384
0
0
4096
256
0
0
128
12
32
128
512
192
192
257
4
0
8192
544
64
66
16400
2056
0
640
8448
0
5632
18436
0
516
17440
32
0
16384
2
0
16
0
4224
577
4096
0
2049
10256
1280
2048
0
528
5120
32
4096
2
512
49
1
0
160
6144
6144
0
192
5
16385
32
4104
2056
260
272
8192
512
33
528
9224
8
4096
4097
4096
68
0
4104
2050
0
0
1
8192
1
66
4096
3072
1024
24
3072
1284
4356
16384
2064
1024
1040
4096
8192
16384
8
0
65
16384
3080
1026
16388
128
18944
32
0
16388
4
16
10496
4
768
2064
0
2
160
264
16392
0
81
4
160
288
2176
0
256
0
16386
12288
64
328
0
8512
40
8448
16
8
0
16648
0
8
18496
8
8704
17410
33
1024
1024
96
0
0
1
512
4096
8192
16384
8448
8200
128
64
4
0
16384
288
256
16
2304
512