57
108
29
17408
4224
2048
1089
68
448
0
5
16520
33
2624
2
2048
528
264
516
1064
32
16640
16900
80
32
2084
5
512
152
0
10240
708
12
1537
1025
16400
8192
34
2066
64
36
16
512
1089
1153
4168
16
96
320
7
64
212
8256
4097
96
8193
516
8200
4096
1060
17424
256
24
2
8258
65
512
9
512
24576
8196
34
4132
194
2050
16385
336
128
22
66
8192
2432
64
0
4112
1280
0
1024
128
12
48
128
2560
64
192
257
4
0
8448
544
64
66
18448
2056
0
640
8448
0
5696
18564
1024
516
17568
48
0
16384
0
0
16
0
128
833
4104
0
2049
10256
1280
2048
0
528
5120
40
4096
16386
513
49
4097
1024
160
6144
6656
128
193
8197
17409
160
4104
2056
260
272
8448
520
35
8720
9224
264
4096
4097
4096
8260
0
4104
2050
1024
1
1
8192
1025
66
4096
19456
0
24
3072
1284
4356
16384
2576
1024
1040
4100
8208
20480
8
0
73
16512
3112
1026
16388
128
18944
8224
16384
16384
4
16
10496
4
512
2064
0
2
160
264
16392
64
81
516
168
288
2176
2
256
256
24578
12352
66
328
0
8514
16424
8448
4112
8200
64
16776
512
72
18512
40
8736
17410
35
1024
1024
96
256
8
1
512
4096
8704
16448
8960
8200
8320
1088
5
4
16640
8480
288
16400
2304
4608