57
111
21
17663
49
2303
1154
442
511
15
503
16523
222
3006
508
2557
534
495
1018
1067
56
16448
17018
96
734
2522
389
536
230
3
10495
836
12
2041
1791
16862
8423
40
2833
32
197
355
926
1213
1213
4171
336
326
320
505
446
490
8383
5057
156
8241
900
8200
4108
1305
17647
261
24
2
8226
447
998
3
704
24582
8419
221
4324
162
2556
16638
336
25
233
66
8192
2323
440
864
4335
1304
243
1231
134
96
963
896
2352
167
222
561
28
0
8448
531
398
189
18807
2076
252
652
9118
0
5772
18692
1342
516
17498
456
20
16396
6
413
112
0
31
993
4347
0
2049
11247
1304
2111
0
748
5126
23
4606
16880
753
463
4097
1408
144
6147
6704
140
316
8447
17601
221
4112
2080
60
284
8544
759
419
8940
9611
312
4498
4559
5113
8585
1023
4502
2049
1259
97
121
8367
1278
65
4600
19648
102
20
3485
1226
4348
16639
2576
1036
1518
4323
9168
21248
241
0
7
16505
3303
1025
16484
256
19442
8388
16544
16894
248
28
10544
251
511
2287
99
59
294
246
16631
880
93
520
939
312
2176
386
242
259
24578
12733
396
334
0
8316
16424
8448
4496
8968
176
16796
254
438
18862
36
8739
18178
835
1279
1531
96
524
392
161
512
4255
9094
16508
8960
8698
8320
1167
29
104
17145
8695
990
16416
2296
4863