57
21
23850
17663
49
64231
1154
41494
39160
15
503
30713
10344
3006
18376
2557
534
495
1018
59441
9312
16448
17018
2208
33664
48714
389
536
230
3
10495
836
12
2041
43486
16862
8423
40
2833
32
197
9691
926
55687
1213
4171
336
326
48128
505
446
490
8383
5057
36072
8241
900
8200
4108
1305
17647
7085
59200
43902
8226
37759
998
3
704
24582
11282
221
4324
37938
31344
16638
9152
25
233
66
0
2323
29936
864
4335
1304
49224
1231
64016
96
38542
896
32064
167
57732
34929
28
0
8448
531
8064
30609
18807
2076
43616
63308
9118
0
35600
24532
1342
48060
17498
51528
20
31076
51384
413
112
0
31
993
49822
0
11132
11247
42080
11585
0
748
22552
43983
4606
16880
9510
463
4097
61824
144
6147
8768
140
5960
8447
36864
221
31008
2080
60
284
8544
759
6600
8940
9611
312
54520
4559
11694
8727
28512
4502
2049
1259
97
121
8058
798
17984
48312
63360
102
20
3485
1226
4348
16639
2576
1036
1518
12700
9168
512
21319
0
7
27370
3303
1025
49620
256
38286
29440
16544
46716
248
28
10544
53794
511
2287
99
59
294
42592
16631
880
93
520
939
312
33152
386
11610
259
26030
23928
22444
15980
0
8316
16424
8448
4496
8968
36528
16796
254
438
18862
36
27285
18178
835
1279
1531
5632
524
1136
161
512
53679
9094
57780
8960
43074
8320
1167
61248
19752
17145
8695
41608
16416
26128
48385