56121
65504
21
0
0
44770
1154
41494
47328
46598
503
30713
49500
44209
18106
2557
534
18637
1018
42014
9312
3627
17018
2208
33664
35889
389
536
230
3
10495
46598
56044
2041
43486
16862
2207
32734
61931
32
9845
61874
58996
55687
1213
55326
336
326
22688
45000
34906
490
8383
41100
22194
8241
900
54223
29336
48350
17647
7085
59200
43902
8226
33854
57508
3
704
24582
7116
221
4324
37938
30758
16638
9152
25
61851
36851
0
2323
29936
864
3995
1304
49224
49784
64016
96
38542
24010
32064
37962
57732
34929
28
0
46140
531
8064
30609
18807
2076
24568
63308
9118
56469
35600
24532
1342
48060
16874
51528
58274
6897
51384
413
112
0
31
37736
17956
0
11132
62834
14306
9922
46720
54123
34706
43983
4606
3691
43034
21185
4097
61824
37756
63213
8768
51455
49850
39649
36864
221
31008
2080
60
284
42186
41568
6600
34490
9611
312
54520
4559
11694
47736
2080
53237
2049
31397
97
61908
8058
798
17984
44559
33324
102
20
3485
1226
46669
16639
2576
57178
1518
57576
9168
512
11920
54344
40270
2166
3303
17545
41495
42306
38286
29440
9695
38586
41269
28
10544
31894
511
40487
99
59
294
42592
16631
880
93
520
939
312
33152
56494
37808
259
19159
13256
22444
15980
0
8316
16424
8448
4496
46888
36528
59322
254
438
14281
39486
27285
63258
835
1279
1531
20
524
1136
36530
42000
53679
9094
57780
8960
43074
8320
39576
61248
19752
17145
47612
41608
16416
26128
48385