16384
16396
8205
0
0
4
128
256
16384
256
32
0
2
0
4
0
16
0
8
2048
1024
1
4096
64
0
0
16384
0
0
0
0
0
0
0
128
0
16384
0
128
2
0
16384
0
0
16
16
2048
8192
4096
128
0
64
8192
0
0
0
0
0
1
16
0
2
64
8192
0
64
4
0
0
0
1024
0
0
128
0
0
0
512
0
0
16
0
8
0
16384
0
8
0
0
8
0
16
0
256
128
0
0
2048
0
4
128
128
0
128
1024
0
8192
0
4096
0
0
32
0
32
2048
1
8
1
0
4
0
0
4096
16384
0
8
4
32
0
8
8
0
0
0
1
0
0
0
0
0
2
2048
0
512
0
16
0
0
64
4096
0
2048
64
2048
512
2048
0
0
1024
256
8192
1024
0
0
0
0
0
8192
8
2048
0
1
0
0
2
1024
128
0
2
4096
32
32
0
8
8192
0
0
2
4096
0
0
64
0
16384
0
0
0
0
16
0
0
0
0
128
2
2048
64
0
0
0
16384
4096
2
4
16
0
64
0
0
16
0
128
256
0
0
0
0
1024
0
0
0
16
0
2048
1
0
0
32
0
0
0
64
0
0
0
4
8
512
0
0
0
512
128
16
0
2048