16416
16412
21
0
0
4
384
256
18432
256
1056
8
2
0
68
0
16
16384
8
2049
1024
513
4104
64
16
0
16896
0
0
8192
0
16384
2048
0
132
0
16384
0
640
6
0
16384
64
8
16
16
2056
8320
4128
144
16384
64
8704
0
1024
0
0
2048
1
16
16384
2
64
8192
8192
64
4
0
64
16
3072
0
256
128
16
1024
2048
516
0
4096
16
0
8
0
16384
16384
24
512
8
72
256
24
256
256
128
1024
8
2064
2
1028
1152
128
1
128
1024
0
24576
1
4096
0
0
1056
128
16416
18432
5
8
1
512
4
8
128
4104
16386
512
12
4
96
64
8
24
8192
0
2
0
0
0
0
16
16384
2
2176
2
0
0
16
0
4096
192
4096
8192
18432
64
10240
1536
2560
0
16
1024
1280
0
1024
64
0
0
0
0
10240
264
6144
16384
33
0
0
2
1040
128
0
2
12288
32
32
0
16392
0
2
256
1026
4097
1
0
0
32
16384
8
2048
0
128
16
64
0
0
0
128
2
2048
64
0
0
2
16384
4352
2050
0
8208
64
64
0
0
16
0
132
258
0
512
0
0
0
2048
64
0
16
0
2176
1025
0
1
32
64
512
0
2112
0
0
64
516
8
512
32
4
512
512
128
16
2048
2176