57
16412
16405
0
0
4
1408
256
18440
256
1184
520
2
16384
68
2048
8208
16384
40
2049
1024
529
4106
72
16
8192
17152
0
0
8192
0
17408
2048
0
8324
0
18432
0
8832
16390
0
16384
68
8
80
20
2056
24704
4640
148
0
64
8704
0
1024
0
0
10240
1
16
16384
2
16448
8200
8192
64
260
1024
96
4112
1024
64
256
128
16
1024
2048
517
0
4352
272
0
2056
1024
16384
16392
56
512
8
72
256
24
256
256
640
9216
40
2064
514
3076
1160
16512
16385
128
3072
0
25088
1
4112
0
0
1056
128
18464
18688
5
8
17
512
4
40
128
4104
16386
1536
12
4100
4192
64
9
24
8192
16
130
0
0
0
32
272
16384
10
2176
1026
0
0
0
0
20480
192
4096
8192
18560
16448
26624
1536
2560
1024
80
1024
1344
128
1024
1088
16384
0
64
1
10240
8456
6144
20480
33
0
64
4098
1040
128
512
2
12288
36
32
512
16648
0
514
264
17410
4097
0
0
128
16416
16896
8
2048
32
128
16
64
0
512
16
132
2
10240
64
512
0
2
16384
4384
2050
0
8208
64
64
0
1
16
8192
4228
258
0
576
0
4096
0
2304
65
0
17
0
2176
1025
0
1
32
1088
4608
0
2112
4
0
4160
516
0
513
32
0
512
640
128
16
2048
2176