38144
65504
21
0
0
4
44276
511
45120
254
24492
25791
2524
18675
442
2558
22240
16384
49932
22121
1534
38811
9742
48760
16
8192
60416
0
44772
40960
20932
56258
2048
510
41558
510
18432
510
8831
16390
510
58286
44840
12882
80
20
9826
24704
1536
148
0
446
2252
0
1024
0
0
10240
1
239
0
25673
16448
8200
0
64
32520
27648
27640
4335
1279
10674
511
128
16
1024
2558
52095
255
28928
36864
0
9116
7002
0
20936
2266
1022
8
72
511
24
256
256
640
9726
470
65040
765
3076
41088
16766
16385
21529
3072
0
25088
511
4590
255
0
1247
32768
25632
18686
15679
247
36037
56596
17884
40
3870
4598
16892
0
243
4100
51425
64
9
486
8447
239
130
0
23673
0
32
272
28906
7676
22231
1277
0
0
255
510
46999
192
4096
49152
18560
26112
48846
39936
2560
20168
40275
1534
704
53248
1024
1088
16384
0
191
254
10495
8695
59566
20735
222
0
64
4604
30049
55296
25088
13802
12798
219
32
27648
29880
0
765
16246
17410
13448
0
27970
382
16416
49664
8
6144
478
382
11360
45504
0
1022
27808
41918
26832
28375
64
10850
255
12706
16894
4384
2556
45867
8208
191
64
510
254
16
8192
4474
252
47649
958
510
4096
255
2302
22821
510
495
510
36992
1535
0
1
31859
1215
20992
38160
2494
51984
0
30576
47572
255
513
223
0
512
894
32256
32720
61440
2175