38144
65504
53802
0
0
4
44276
511
45120
17502
3888
25791
2524
18795
442
2558
22240
16384
49932
54289
1534
11703
9742
48760
16
8192
12288
0
10480
40960
21752
56258
0
510
41558
510
8192
510
8831
16390
510
58286
44840
12882
11712
20
9826
24704
1536
148
0
14042
19824
0
55296
0
0
10240
17978
30423
0
11365
49408
8200
0
36928
32520
27648
27640
48087
9914
64606
511
128
16
1024
40808
52095
255
28928
36864
0
61432
7002
0
20936
4648
1022
29184
72
511
26760
256
23808
640
834
55296
9232
38874
3076
41088
16766
47206
27663
3072
0
25088
511
4590
255
0
1247
32768
37408
18686
15679
46272
23305
56596
61060
40
3870
4598
16892
0
243
8696
51425
24576
51081
486
8447
239
1418
0
34511
0
53536
21152
22286
7676
22231
1277
0
0
25935
510
36591
192
20480
49152
17280
26112
48846
39936
2560
35296
26343
1534
62784
53248
1024
1088
16384
0
191
254
35417
8695
18062
20735
222
0
11072
4604
30049
55296
25088
13802
12798
56624
48928
51200
29880
0
61165
16246
17410
13448
0
27970
4354
16416
49664
50704
18432
8672
382
4672
44096
0
19550
27808
48554
26048
28375
64
10850
255
322
41564
4384
2556
47047
8208
191
64
510
254
23984
8192
4474
252
47649
958
510
4096
49949
14816
22821
510
495
510
36992
5654
0
1424
18295
30354
20992
36608
46558
51984
0
12032
47572
255
513
22280
0
512
894
2048
40528
61440
2175