44093
65504
21
0
0
2556
16513
51604
4628
8377
3067
1805
258
52762
16512
20000
51418
1152
53336
8412
1813
22615
6652
43653
2877
38098
8
160
6876
1374
6586
55125
37840
11173
49536
52427
17995
17936
12755
2199
36600
238
40059
3436
8671
19564
250
50334
12480
2188
8208
2046
19202
17910
6907
11399
38646
32259
2816
60778
22217
37501
51784
28672
37617
114
59072
13106
45222
60747
5375
27617
29173
24411
4
29590
10641
1475
4096
60276
53921
2040
34357
34625
3062
9980
5050
4298
3054
4938
3436
28017
14683
14512
2239
8515
12312
19147
54716
24823
10257
62697
42704
29108
61415
43132
33423
4466
31880
55839
26715
42749
45181
31024
9078
55057
16962
58187
17907
2516
17026
239
1080
16630
2080
22381
34814
230
8456
42623
8966
11036
49680
21779
7201
42785
17956
5504
38300
15335
21994
49544
35711
7195
48148
2304
122
26438
62221
4362
463
30478
2815
38318
60932
17716
31032
90
21244
6377
4134
17906
844
16475
18876
1028
222
4133
2239
15273
22391
44985
4351
45337
15194
25440
42084
30037
25854
28279
25588
4598
2304
18909
17411
6223
455
30126
16582
7352
521
9
17664
54993
4488
26577
64697
15044
13786
25983
1023
33379
6034
33182
49657
510
320
8713
1214
8268
28082
4099
42150
22735
5374
17382
14348
63647
53100
11642
16088
11796
11008
8692
491
3019
2896
3811
57195
57502
27733
42574
21654
4384
9149
9067
37591
33634
352
13106
12306
586
21954
16567
97
23204
12030
42481
11578
2080
8422
44298
3070
24697
45080
59002