44349
65504
21
0
0
508
16513
52116
4624
8889
3059
1805
256
53018
16576
20001
51418
1664
53336
8412
1813
23127
6652
60037
2877
38098
8
672
6876
1374
6554
55125
37844
11173
49536
52939
18251
17920
12755
3223
36600
238
39035
3436
8663
19566
506
50334
12484
2700
8208
2046
19202
17911
7931
11399
34550
32257
2816
60778
21193
37501
51786
29696
37617
50
59080
13106
45222
60747
4351
27617
29173
24411
4
29590
10641
1475
4096
60272
53921
1016
34357
34625
19446
9980
5042
4298
3054
4936
3436
28017
14427
14512
2239
24899
12316
18635
54716
24823
8209
62697
42708
29108
61415
43132
33455
4466
31896
55839
26715
42749
45173
31152
9078
55057
21058
58187
17779
2516
17026
255
1592
16630
2080
22381
34798
230
12552
42623
8966
11032
49680
21779
7201
42785
17972
5504
38300
15335
30186
57736
35711
7194
48148
2304
122
18246
61965
4378
455
30479
2815
40366
60932
17716
31032
91
21244
6369
4134
17906
844
16479
18876
1028
218
5157
2303
15273
22391
44985
4319
45337
11098
17248
42084
30037
25854
28263
25460
4598
2304
18909
17923
6223
455
30126
16582
7224
521
16393
17664
54865
5512
26513
62649
16068
30170
25967
1023
33379
5906
33182
49657
446
320
12809
1214
8260
28082
4355
42158
22735
21758
17382
12300
63519
53100
11642
32472
11780
11008
8692
507
19403
2904
3811
40811
57502
27733
42574
29846
4400
9149
9067
37591
33634
352
13074
12307
74
21954
16575
96
23204
12030
42481
11578
2080
8422
44362
3070
24697
45080
59002