48445
65504
21
0
4096
508
16513
52116
4880
8377
11251
9997
4352
53002
16576
28193
35034
1664
53336
24796
1813
23127
6654
60053
2877
54482
8
672
6878
9566
6554
63317
37846
9125
49540
52943
18187
17984
12787
3223
35576
494
39035
3436
8663
19562
250
50334
12484
2956
8208
1918
19202
19959
3835
11395
34806
32257
2816
60770
21193
37501
51786
29728
37617
54
59080
13074
45222
60747
4347
31713
29045
23387
8196
29591
10643
1475
4096
60272
53921
17400
34485
34625
23542
9948
21426
6346
3054
4936
3436
28016
14555
14512
2303
28995
12316
18635
54716
24823
8209
63209
42740
29108
61431
43132
33455
4467
23704
55839
26715
42621
45173
31152
9046
54033
4674
58187
17778
2516
18050
255
1592
17654
32
22380
34798
246
12552
46719
8966
11032
49680
21811
7265
42785
17972
5376
38044
15335
30186
41352
35711
7194
48149
2048
8314
18246
61965
6426
391
30543
11007
40362
60933
17716
31024
91
21244
14561
4646
17906
780
16478
19900
1028
218
1061
2559
15273
22391
44985
6367
45337
11098
17248
58468
30069
25854
28391
25460
4598
2320
18909
1539
6159
451
30126
17606
5176
525
9
17680
54865
5512
26513
61625
16069
30170
25903
1023
33377
5970
33694
49657
430
256
12809
1214
8260
32178
4355
42158
22991
21758
17382
12812
63519
53100
11642
32472
15876
12032
8692
379
19403
2904
3747
40811
57534
19541
46670
29846
4401
9149
9067
33495
33635
360
13074
12307
586
21954
16831
96
23204
12026
58865
11578
2080
12518
44394
3070
24953
45080
59130