0
21
0
0
0
0
0
384
16384
132
513
8
4
16384
1
1024
4
0
0
4128
64
256
64
512
8192
32
0
2
16384
144
0
0
8192
1152
1024
0
1024
0
32
2
128
24576
2048
1024
256
16
16386
16384
0
0
16384
64
4096
1
0
4096
24576
1
2048
8
130
4100
64
4096
32
8
3
1028
0
1
0
0
0
4096
16448
2
0
0
8
2
2048
2
130
8192
128
4
16
0
16448
1
512
2
2
0
512
512
512
64
8448
0
0
64
64
16384
0
1024
516
68
0
4100
16384
16
0
64
4
16384
16
0
8320
8
6
257
8192
8196
2
96
8
8192
32
1
32
16
0
128
3072
8
1536
16
16384
0
0
48
16416
0
128
0
512
0
65
128
528
4608
2176
1024
32
0
1024
0
512
32
2048
64
256
1024
2
8
32
64
0
4096
16384
256
130
0
0
8192
0
4096
1024
0
8
0
514
1152
1
0
0
8192
0
2048
1
4096
512
4096
2048
2112
0
8192
0
10
1032
132
0
1024
8
2
8
4
8
0
16384
16
1024
4096
0
1024
64
96
8192
544
0
0
0
8193
1
256
8192
20
8
0
0
0
0
4
6144
0
2
8256
8448
128
384
2048
2048
24
4
0
1
72
16384
4352
8192
128
2048
64
16388
320