177
13
1165
64
8256
10752
4352
0
2049
0
256
9280
576
1280
276
64
9216
4096
2049
1024
68
0
2048
24592
10
6176
9744
18560
8324
544
1
2
4096
16
68
1026
128
8192
64
8208
4100
1537
8192
64
8323
8192
257
12800
4
4
4370
128
160
16514
8736
384
128
16384
19520
17024
1024
12304
320
0
1042
256
8192
128
2561
560
81
16
16896
32
34
2056
8712
1153
132
0
4112
0
16448
9472
2048
288
264
514
0
10241
5136
16704
4097
64
0
16576
2564
0
256
32
4096
17
2688
2
32
148
2340
32
17
2048
0
4
8
4104
13
1552
4112
4104
17416
4612
0
8256
1
64
5120
2368
16
9216
4
2048
16385
16
2564
4096
0
131
2048
8192
0
0
8192
4128
2052
128
24576
1
192
544
1026
513
2048
3072
256
130
5
8320
0
2560
3072
512
16416
8192
328
2144
4112
24584
16384
4128
128
176
3072
4096
16448
8512
16404
2304
72
3586
20480
16416
1152
1057
16912
8192
12
1
548
129
5
8
1032
16896
8576
37
3
4110
48
544
1312
1
2068
18
32
512
130
8
16454
1
3072
0
640
512
0
0
0
32
8360
12288
2048
384
261
2304
4
10
13312
8200
12480
68
640
16392
8
8
16388
2049
17408
34
32
513
532
0
16640
140
64
32
8
16512
2562
2048
544
68
2080
0
4112
128
8196
304