689
13
1181
64
49
11776
4352
8192
2049
16384
0
9312
704
1280
16660
96
9280
4160
2049
1024
196
0
3072
26640
1034
6176
9744
18432
8324
544
5
2
4100
16
68
1026
128
8192
64
8272
4100
1537
9216
64
8323
8256
273
12800
260
4
12562
640
160
16530
10784
384
128
0
3136
17056
1040
14352
320
8192
1046
257
8256
128
2049
816
81
16
16896
32
2
6152
8728
1153
132
0
4113
2048
16384
9472
2048
800
264
1538
2
10240
5136
16704
4099
64
0
24768
2564
16384
256
0
4096
2065
2752
258
33
148
2340
32
145
2048
0
260
8
4108
15
1552
4144
4104
17416
516
2048
8256
1
64
5120
2368
272
9224
4
2560
16385
17
2572
4112
16
131
2048
8192
8192
0
8224
4144
2068
0
24576
16385
2240
544
1026
1537
2048
3072
256
130
7
10368
2
2560
3072
512
16432
8192
328
2144
4112
24600
16385
4136
128
177
3072
4104
16448
8512
16468
2304
72
3586
20480
16416
1154
1056
16912
8192
12
1
548
2177
2053
8
1036
16896
8592
37
67
4110
4144
544
1440
513
2068
18
32
512
130
520
16454
1025
3584
128
896
768
0
0
64
32
10408
12292
2048
384
773
2816
4
42
13568
8
12480
76
640
16392
12
8
16384
2049
21504
34
1056
1
534
8
20736
156
72
32
8
16512
2562
18432
552
68
2080
0
4368
192
8708
432