57
13
1181
4160
49
11776
4352
8192
2081
16400
0
9312
705
1288
16724
1120
9312
4160
2177
9216
132
0
1024
18448
1032
6180
9232
18432
8196
544
133
2
12292
0
2116
1034
4224
8192
2112
8276
4164
1537
9216
64
8355
8256
273
12800
772
4
28946
642
160
16514
8736
384
132
8
3152
17056
3088
14352
324
8192
1046
257
12352
128
2049
1840
81
16
16896
32
8194
6156
8732
1153
140
0
4625
2048
0
9472
2048
800
264
1666
2050
11264
5136
16832
4099
4160
2
24704
3588
16384
256
0
4096
2065
2752
258
33
148
2340
2080
4241
2048
0
8452
10
4108
15
1552
48
4104
17416
4
10240
24640
1
576
5121
2369
2576
9225
122
2945
16407
941
2860
4370
60
195
2176
8809
8673
0
12320
4518
2466
62
25282
16825
2096
3026
1822
6029
2367
3078
347
275
454
11622
499
2686
3542
256
16432
8317
296
2192
4855
24940
16529
20520
330
4130
3312
4112
16456
8511
16463
2223
362
3390
20705
16416
3102
1171
21034
8192
67
31
939
2201
2077
104
17420
21376
8804
218
157
4110
4144
4629
1312
9200
2078
8648
652
518
321
520
16449
1192
19992
262
919
903
1020
8606
5025
4128
10406
12486
2590
280
539
2758
117
25
13959
8680
12448
72
576
16636
780
39
16400
2435
21528
8612
1056
332
1004
273
20800
290
326
736
655
16544
705
19208
262
422
2877
188
4354
15
8708
136