57
206
491
4518
49
12120
4475
9143
3038
16880
219
9617
633
1144
16804
1435
9713
4323
2475
9646
450
804
1279
18526
1556
6180
9224
18435
8347
680
188
98
12741
1000
2223
1812
4152
8198
2417
8538
4538
1927
9385
185
8355
8602
286
13297
775
1019
28724
651
172
16537
9126
126
180
477
3516
16982
3868
14350
426
8192
1062
30
12367
1
2964
1537
138
310
17103
199
8349
6924
8766
1849
236
255
5021
2813
497
9712
2936
704
534
2043
2295
11309
5162
16703
4099
4535
133
24824
4042
16798
314
0
4528
2893
2865
125
278
148
2362
2259
4233
2081
243
8651
884
4150
257
1888
108
4902
17904
505
10617
24878
440
705
5134
2481
2670
9462
70
2703
16407
850
2860
4370
450
195
2175
9111
8673
510
12511
4518
2466
62
25149
16825
2096
3026
1822
6029
2367
3078
347
492
454
11673
499
2686
3112
256
16846
8317
296
2414
4855
24940
16751
20520
330
4572
3087
4590
16456
8511
16560
2223
405
3390
20705
16416
3297
1171
21205
8192
67
31
597
2150
2077
104
17651
21376
9114
218
157
4337
4303
4629
1312
9200
2528
8648
882
518
321
1014
16449
1192
19992
262
617
903
1020
8606
4703
4574
10406
12345
2590
280
539
2872
395
230
13944
8214
12448
183
576
16636
780
473
16400
2428
21528
8612
1056
435
1004
273
20927
220
441
736
655
16544
831
19208
248
345
2877
188
4354
240
8955
136