39737
65504
21
0
0
18681
27142
2144
5382
514
29792
62771
51700
26106
52640
61683
56428
25636
8208
5887
28370
28996
48131
16867
11310
18896
1
498
47023
1056
16546
17921
16976
5758
35892
31012
50212
37924
54394
13992
5031
158
38546
1359
48779
6879
56534
50513
55888
44450
62718
63151
57089
154
2254
28315
58429
734
5004
52122
54211
27
23996
16384
16862
48798
6410
32803
2511
122
40138
151
45813
78
454
230
17992
23387
40038
46432
4160
1024
50607
479
60371
8694
14521
36875
30410
16217
21602
42750
5877
62
62149
2146
44636
45154
16517
1792
39182
18878
40
99
57605
4105
8408
63
32367
49361
63145
284
15116
45173
57576
246
13477
2312
689
40498
16923
26970
94
31621
32
512
19405
11258
47295
61
15904
4096
2148
21494
59517
16107
39066
0
10332
1278
34171
28045
22074
4097
31708
23792
38330
44716
20124
34
48
146
49128
12410
46950
38821
44347
1251
41804
8428
2
35824
8677
128
34440
1505
8286
48744
242
20154
30906
12606
253
4723
2
32413
45760
18434
1122
2526
12380
23998
25270
20733
64386
2052
47809
52188
58184
768
17380
33718
9984
16
23521
134
8742
17026
12499
36720
9470
16593
21222
6368
45312
4839
1504
47824
9721
8196
40569
13207
38177
2116
9366
15686
0
42603
9216
23736
4604
1087
1054
16105
13789
1019
33633
19233
46816
16402
57679
53215
21968
288
4556
51899
0
48886
43601
57415
8557
432
4097
26610
127
29427
34540
8195
4129
237
757
2060
61700
0
48706
259