32
12
13
0
0
512
0
0
0
0
0
0
0
1024
0
0
0
0
1
1024
0
0
0
16
2
4096
512
0
0
0
0
0
16384
0
16
1024
128
8192
64
8192
0
512
0
64
128
0
1
512
0
0
4096
0
0
128
32
128
0
0
2048
512
0
4096
64
0
16
1
0
128
512
512
0
0
0
0
32
0
0
1024
4
0
0
0
0
256
0
256
0
0
0
8192
16
0
4096
512
0
128
2048
0
256
0
0
1
2048
2
32
0
2048
32
0
2048
0
4
0
4096
8
512
16
4096
1024
512
0
8192
0
0
1024
0
16
1024
0
2048
0
0
2048
4096
0
1
0
8192
0
0
0
0
0
0
0
1
0
0
2
0
2048
0
0
2
0
0
0
0
1024
512
16384
0
64
32
0
8192
64
0
0
32
0
8
0
64
16384
256
8
512
0
32
0
1
0
0
0
0
4
128
4
8
0
0
8192
0
2
4096
0
512
1024
1
4
2
0
0
128
8
4
0
2048
0
0
512
0
0
0
32
128
4096
0
0
256
2048
0
8
8192
8
8192
0
512
16384
0
0
4
0
0
2
4096
0
0
0
0
128
0
32
0
128
2
2
0
4
32
0
16
0
0
256