39737
65504
21
0
0
18681
27142
2144
5382
514
57450
7230
51700
26106
57518
13841
56428
40501
24354
5887
28370
28996
48131
35834
11310
50921
1
498
3019
33597
55774
17921
16976
30879
35892
31012
50212
37924
54394
13992
5031
60697
5308
4730
61623
6879
56534
50513
12928
44450
62718
7138
57089
41732
2254
8457
17525
32336
5004
7952
54211
10584
44026
19007
27486
48798
6410
61286
42583
32703
40138
11486
55613
78
454
14641
17992
23387
25602
63407
17040
1024
4353
479
60371
9547
14521
22201
30410
16217
21602
42750
5877
3739
62149
2146
44636
45154
16517
1792
48498
38691
40
99
5997
8306
19778
63
32367
49361
17431
284
15116
51686
62042
246
13477
2312
689
50857
16923
53836
94
31621
32
512
19405
11258
47295
8638
54052
4096
34156
21494
59517
16107
42274
0
24294
1278
34171
28045
46792
32912
45420
33665
38330
44716
20124
34
31580
146
12928
41491
46950
38821
44347
1251
2794
8428
2
35824
18823
128
59180
1505
60842
1039
29082
20154
55140
26004
7337
4723
20144
48204
45760
18434
18708
2526
12380
35955
56610
46516
36082
2052
47809
56983
58184
768
17380
33718
10432
4561
23521
134
8742
19783
12499
36720
36038
16593
21222
6368
3788
4839
1504
5279
9721
8196
2891
15466
38177
2116
46402
15686
0
42603
61620
52371
4604
1087
31740
16105
13789
1019
37187
19233
46816
16402
57679
53215
21968
288
17334
51899
0
12771
43601
57415
8557
673
17139
57816
127
37864
62434
8195
4129
237
3823
47106
61700
6141
10048
29698