57
21
2079
8320
49
432
1024
180
3776
20485
32
9
5121
2180
32
2048
528
131
0
1026
0
258
1025
1104
16416
288
32
9256
16
160
16417
20996
160
257
768
1041
9218
516
1536
16392
516
258
4098
0
9236
26624
20736
2056
16640
4098
4385
2688
10240
4097
81
64
17440
8
4608
32
100
1058
320
1026
8196
3140
16896
33
8192
1024
2
8224
558
16416
22528
16433
768
904
6
8
32
1344
517
8457
12
2096
2054
17
128
8
19456
1
1552
130
4160
17160
8194
544
16400
16387
64
579
0
2048
21504
384
260
4
3328
16394
2064
0
16384
40
4488
24616
1024
10273
18
24640
660
1
2080
1280
513
4
4360
65
532
1024
72
2560
41
544
2048
32
32
1024
128
14528
4097
8
64
6278
16576
2048
4624
2052
16641
272
128
0
8196
1536
1058
4098
144
0
264
5184
17
6144
4162
20
0
4160
10240
1
18435
0
3096
2178
9
1064
2308
548
1
12288
9216
32
521
256
17536
4608
2048
1
16384
136
48
20736
160
520
8456
80
28800
12292
0
9216
2596
256
4146
32
4098
136
8
20736
2306
112
256
545
400
7176
16
324
16416
8192
12608
16384
1281
0
336
1090
1280
16384
8192
1168
16384
1288
10244
240
576
0
1028
1
1028
16656
0
8448
2176
528
16464
96
9226
16
16736
648
10240
1378
16388
16384
18464
16416
128
4096
2080
384