41785
42
31759
3
24519
63166
18674
16516
47791
16640
39876
14697
15032
42982
512
2543
32206
173
4768
38971
17376
509
29696
41647
223
13003
219
30720
255
53803
160
47648
31744
768
9081
502
8574
8704
5252
7190
12661
61354
16384
52015
53248
43940
6334
44727
768
12668
4574
18560
508
12288
65
14732
0
39318
4101
104
4
2982
22560
249
0
2576
13680
9
42218
9596
510
96
42359
544
18938
43917
34224
48618
21968
39903
0
48990
64248
47458
1060
4112
45568
255
50048
53255
39276
27505
28216
63982
2172
16640
8208
2910
251
14482
446
4901
20735
6144
41984
207
59226
0
1032
19194
16571
17412
65055
39647
56408
470
34064
479
6934
25088
132
33
42
34078
18400
276
41508
61739
639
4608
9980
36602
27831
18894
6164
62224
41456
17408
29932
17042
4351
4
64
7805
16575
7390
3804
2048
21904
237
29184
16896
36250
38851
1184
2050
16512
1534
49664
64
0
6389
59424
223
494
53621
8224
25310
47024
4351
49212
38969
24
1040
5508
13882
49
0
9344
29614
1
1279
16639
53030
53024
4921
0
32402
239
0
16400
2046
13312
61586
11388
56436
40960
6424
30952
29636
55152
34958
4098
33515
3760
24197
24676
39586
0
221
16656
28778
656
8194
37938
247
12288
0
18616
60238
430
46995
3212
42048
16392
44222
59636
1025
255
27756
63036
478
36400
61969
17816
272
14320
34342
28449
47005
0
8192
12118
1024
256
38046
22428
45812
49408
20480
16362
16432
10208
4
30204
32511