41017
58
533
31220
57
493
564
16639
50128
16395
8701
1022
4322
4482
19485
21512
4611
45113
42427
30457
16524
44505
4100
43106
12748
6177
8451
4104
20470
53478
1275
2810
43596
1600
687
35762
794
3362
42229
222
16619
15550
29022
15034
8460
14465
766
47206
79
34722
24608
1298
18442
13972
21944
5631
19899
2463
644
12452
27552
46894
1107
8488
22767
55551
6262
17149
16894
7128
3295
478
12
51817
8279
20671
1830
33554
254
4752
30944
13038
8987
6752
12292
55966
24
15189
65
2044
12702
4240
18919
6654
3924
6383
63034
42156
4136
41304
21800
478
12505
145
15440
763
64813
28714
25022
16424
19772
294
4464
884
55934
20733
592
64620
42546
9
4222
2192
16454
16562
47204
510
33928
10765
55232
42758
6124
24019
1104
2134
17903
3144
17540
13017
17643
8195
61484
2540
32912
45982
9241
3329
8447
26849
17141
255
4910
2069
59219
53464
13503
1848
13309
44299
16622
511
4257
4341
10743
223
22575
183
55991
36
20514
17758
25959
18852
1023
41024
3238
11006
18580
12807
257
6912
16384
65430
57231
3071
35294
7390
3080
524
21765
292
59743
20019
12539
52776
38759
14532
17375
530
8438
56979
2112
668
59243
18894
1040
4400
24831
57448
9296
9698
55874
5245
63
43998
24158
15540
30808
29481
402
14857
8736
18903
11773
1020
119
30907
8218
8608
16503
246
5885
39984
508
42541
54605
111
6525
24577
8397
31426
991
61620
3578
7690
38342
17836
2940
58149
146
152
23056
2554
2942
4104
24639
34401