41017
65504
21
0
0
492
564
18687
51152
16523
8685
17406
4320
4482
19997
21576
4611
45113
42299
29945
16524
44505
4100
59490
13260
6689
8451
6152
20478
53478
1275
2810
43596
1088
679
35826
792
3366
42225
734
16619
15550
20830
15034
8972
14473
766
39014
95
34722
24864
1298
18442
14004
21944
4607
3515
2447
644
12964
27296
47022
83
8488
23791
55551
6262
17149
510
7132
3279
222
12
51809
8407
20663
1826
35602
254
12944
22752
13034
8987
6752
12293
55966
24
15188
69
1980
12702
4240
19943
6655
4052
6382
62522
46252
4140
41304
21768
478
12441
209
15440
731
64809
28730
25022
16424
19772
38
12656
2932
64126
20733
592
64622
42546
9
4222
2192
16710
16562
47204
510
33928
10765
55232
42758
6124
24019
1104
2134
17871
3176
17540
14041
21739
8451
61480
2536
34960
45982
9497
19713
8447
26849
17141
255
4910
2101
59219
53464
13503
824
13309
44299
16622
511
4257
4341
10727
223
22703
16567
56055
36
4130
17758
25955
18852
895
41056
3238
10990
18580
8711
261
6912
16384
65414
53135
3039
35294
7390
3336
524
21765
292
63839
20147
12539
52776
38759
15556
17407
514
246
56979
2112
668
59242
19918
1040
4400
24829
57384
9808
9698
55874
5245
61
43998
23646
15540
30808
29545
402
6665
8736
16855
11772
17404
16503
30907
8218
8612
119
246
5881
39984
508
34349
54605
4207
6524
25089
8397
31458
5087
62644
4090
7688
38342
17836
2876
59173
144
152
23056
2554
2942
4616
24623
34401