41017
65504
21
0
256
2540
572
18686
51152
16523
8685
17398
12512
4482
24093
21576
4611
45369
34107
29913
16524
44504
4100
59490
13262
14881
24835
6152
20478
53478
1275
2802
43596
1088
679
33778
792
19750
42225
734
16619
15542
20830
10938
8968
14473
1022
38950
95
34722
24864
1298
18442
14260
21944
4607
3515
2447
644
12964
27264
47022
595
10536
23663
55551
6262
17149
2558
7132
3279
16606
12
51809
8439
4279
1826
35603
190
12944
23776
12906
9051
6768
12293
55950
24
15188
68
956
12702
4240
19943
6655
4052
6382
62526
46253
4140
41432
21800
478
12443
241
14416
731
64809
28730
26046
40
19772
38
12784
2932
64382
28925
592
64622
42546
9
20606
2176
16706
16562
47204
508
33928
10797
55232
42758
6060
32211
17488
2134
17871
3176
17540
14041
21737
8451
61480
2280
34960
45982
9625
18689
8447
26849
17140
767
4398
2101
59219
49368
13503
826
13277
42251
16622
511
4257
4349
10727
1247
22703
17079
55991
36
4138
17886
28003
16804
894
43104
3238
10990
18580
12807
2309
6920
18432
65414
52879
3023
35294
7390
3336
524
21765
420
47455
28339
12411
52776
38759
15556
17407
546
246
57011
2048
4764
59242
19914
1040
4404
24829
57384
9808
11746
55362
5245
61
43934
23646
15540
30812
31593
466
6667
8736
16855
11772
17404
17527
30907
26
8612
55
758
5880
39986
510
34349
54605
4205
6525
25345
8653
27362
13279
62644
12282
7692
38342
17804
2620
58149
176
1176
23056
3578
2910
5640
24623
34401