40993
234
22
3
64
2538
764
18526
51164
17288
8686
17384
12512
4481
24069
21576
4815
45601
34104
29889
16620
44308
4220
60258
13262
14905
25027
6539
20466
53478
1248
2802
43980
1248
999
33694
792
19750
42225
654
16616
15430
20846
10938
8968
14527
1022
38950
95
34722
24864
1298
18450
14252
21976
4583
3512
2703
724
13092
27264
46958
563
10728
23651
55551
6256
17149
2552
6748
3287
16600
60
51812
8433
4411
1698
35795
160
13072
24352
12905
9067
6524
12341
56040
36
15188
900
906
12786
4240
19940
6495
4052
6498
62525
46189
4160
41432
22056
454
12419
241
14422
859
65097
28874
26045
30
19769
38
12400
2935
64370
29051
976
64622
42545
9
20594
2176
16718
16690
47975
458
33922
10877
55200
42752
6048
32211
17488
2125
17871
3136
17476
13401
21737
8499
61480
2280
35056
45982
9561
18849
8387
27617
17140
767
4392
2101
59083
49374
13631
802
13083
42440
16606
508
4269
4253
10745
1217
22543
16815
55735
20
4134
17886
28003
17044
766
43488
3238
10990
18583
12825
2181
7112
18512
65374
52887
3023
35526
7390
3387
572
21765
380
47315
28275
12411
52782
38743
15364
17311
570
1014
57136
2048
4508
59241
19962
1814
4660
24958
57768
10192
11770
55332
6013
59
43858
23634
15540
30812
31497
468
6411
8756
16463
11836
17404
17591
30795
26
8612
59
762
5856
39986
510
34541
54669
4205
6523
25345
8659
27266
13279
62624
12233
7692
38348
18108
2620
58149
182
1496
23456
3386
2878
5840
24815
34145