57
21
21
3
448
2538
572
18910
51164
17288
8686
17384
12512
4487
24069
21576
4863
45601
34110
30657
16620
44300
4172
60258
12494
14906
25029
6541
20465
53502
1248
2802
43978
1248
999
33694
664
19749
42225
654
16616
15430
20718
10938
8200
14524
926
38950
111
34722
25056
1394
18642
14255
22232
4583
3464
2703
716
13092
27264
46958
563
10712
23555
55545
6160
17150
2504
6736
3287
16600
828
51815
8433
4411
1710
35795
144
13072
24352
12649
9051
6524
12341
56024
36
15180
900
908
12778
4240
19748
6495
4055
6500
62525
46190
4160
41432
22248
454
12467
241
14438
91
65065
28873
25997
414
19769
37
12400
2935
64274
29051
976
64621
42545
9
20978
2179
16718
16946
47975
458
33922
10781
55200
41984
6048
32211
17480
2125
17868
3142
17540
13397
21737
8499
61864
2276
35056
45998
9561
18849
8387
27617
17140
767
4392
2101
59083
49182
13625
802
13083
42440
16606
764
4269
4241
10697
1265
23311
16815
55735
23
4326
17886
28005
17044
766
43744
3174
10990
18583
12841
2181
7118
18896
65373
52887
3023
35550
7366
3383
572
21765
284
47315
28275
12387
52782
38615
16132
17327
570
918
56368
2054
4508
59145
19962
1686
5044
24958
57752
10192
11770
55316
6077
59
43858
23626
15532
30812
31503
468
6411
8756
16511
12028
17407
17623
30791
42
8612
55
762
5862
39986
510
34285
54285
4205
6395
25345
8659
27362
13247
62636
12281
7692
38604
18236
2620
58149
182
1496
23456
3382
2878
5808
24815
34157