57
8168
19
29
49
35549
22530
6909
31246
34272
2109
17188
23919
34120
14576
10274
62240
15664
41630
39684
64452
48247
32880
56135
23588
8417
55412
7867
2156
8807
24871
5358
12536
31153
24844
8735
42526
22060
63869
36051
12254
14162
21835
48379
7260
7126
56298
3685
2478
30
12790
63020
12000
9250
17852
5317
26728
17130
8804
8427
59233
6605
12412
8648
17791
60126
40292
47944
7082
14400
12305
41917
224
49347
7096
18
11742
7876
51888
50219
493
24068
63178
32344
2016
14110
10186
9103
19646
1183
5216
48838
24393
41061
3193
15766
39010
60654
8686
31014
30327
63605
52830
4932
9014
18511
15352
12565
7475
9564
40002
40599
1358
64403
2524
13490
26920
60115
22044
1974
10586
61068
37302
43
39340
45028
65202
12850
17949
63670
2401
29631
3852
4339
11966
42822
8652
8667
740
26632
50940
10112
24039
16473
53671
9433
26551
55127
15214
24197
15104
37590
910
20929
18
26666
37569
51846
4326
61900
44636
38990
18572
27034
846
60746
35980
2711
30657
628
43608
17779
47020
11930
44465
13484
40566
34103
6984
9770
1408
57758
59228
65035
14242
49493
31372
65454
572
13137
27742
3686
53632
47521
39
36423
47338
20553
260
34875
723
4966
7188
48909
56698
61602
19516
59815
4656
52079
20987
40968
1649
16354
13820
47498
5150
63416
19225
1015
28898
15113
2248
4846
176
212
31916
66
10744
31747
58290
7143
43811
29175
34928
38434
41968
8224
1304
9301
16498
20438
31412
59747
20132
32637
42676
54314
64174
2432
452
21727
21766
339
15068
23742