61952
65440
149
0
2
54907
528
63991
65476
25448
35592
27545
37838
20480
13570
53323
1257
24403
23158
47642
12
33450
16779
16007
962
38122
54802
74
23473
60951
63238
4892
5098
10625
188
28463
44159
2386
52931
3892
1090
47838
17217
21599
44708
38082
6261
57234
12923
25862
428
58901
36348
6633
6228
56063
22976
8464
40444
45815
24577
539
63262
23338
12992
3471
59408
56538
530
38153
34522
8511
46024
16866
47998
18683
7298
6932
8570
20622
56756
65304
37222
9944
950
38615
8389
4488
8958
57270
41648
43797
60452
632
30721
41442
48256
2791
42464
4112
1010
51455
52484
18596
39584
17114
54494
8340
53254
570
59940
6802
37635
59905
38796
2093
52585
2178
47532
63854
64641
22674
4382
63759
848
23977
16754
27255
9479
10516
23380
322
1060
58236
41380
2675
5040
559
604
50437
9616
18530
52698
3971
1366
33410
3566
18234
18857
12558
11368
47905
47328
40492
3915
36266
41950
22726
44798
24977
6031
17942
4577
23543
20828
4743
2112
29005
23008
16900
26002
64152
58372
4146
24836
42467
41777
38965
12016
847
1271
50528
19024
5489
33025
1581
11926
48715
25600
16608
39992
39794
1701
882
24624
7897
55104
53324
56974
56760
56120
16648
182
39125
43970
41950
19404
17147
25537
45591
4346
64074
28719
18065
821
40987
1164
25604
61639
5077
42146
4690
8961
4122
42509
26493
204
8659
29224
57376
13696
8193
2058
12311
64556
33566
441
33302
9398
53419
52869
11124
446
14
4614
12556
19516
54512
351
24153
17174
48118
24692
38986
51470
57071