61952
65504
21
0
0
54907
536
59895
65476
25452
35592
28569
54222
4096
13570
53327
1257
23891
23286
47642
12
33450
16783
16007
966
46314
54802
72
23473
60951
63246
4894
5098
10657
156
12079
44159
2390
51907
4020
66
47834
17153
21599
43684
38082
6263
65426
13947
25863
428
58901
36340
6649
6228
55999
22976
8464
40188
45815
24576
539
63262
23338
12992
3471
59408
56542
534
34057
34522
8511
46024
16866
64382
19707
7298
6932
8570
20622
56756
65304
36966
9945
950
38615
8388
4489
8954
57271
58032
43797
58404
633
30721
41442
48256
2791
42336
16
1010
51967
52484
18596
39552
17114
54494
8340
53254
570
59940
6802
37667
59905
38828
2093
52585
2178
45484
64878
64641
22674
4382
63759
848
23977
16754
27263
8455
10524
21332
322
1028
58236
41444
2675
5008
815
860
50437
9488
2146
52698
1923
1366
33410
3438
18234
18873
12302
11368
47905
47296
40494
3914
36266
41942
22726
44798
24977
6030
26134
4577
21495
21340
4743
2112
29005
23008
516
26034
64024
58372
4146
24836
42467
33585
34869
12016
847
1527
50528
19024
5233
33025
9773
10902
47691
25600
16608
39992
39794
1701
882
24624
7889
55104
53324
56970
56760
56120
264
182
39109
43970
33758
19396
17147
25409
45591
4346
62026
28719
20113
829
40987
1160
25604
61638
4565
42146
4690
8961
4126
42509
26493
460
8659
29228
57440
12672
8193
2058
12311
64556
37662
441
33430
9398
53675
52869
11124
446
14
4614
8460
19518
54512
351
24153
790
47990
24948
36938
51470
55023