61952
21
21
8
8
54907
8728
59879
65476
25580
43784
26521
54254
4096
13570
36943
1257
23923
23286
47130
12
33466
16781
32391
982
46314
54803
76
23473
60951
63246
4894
5098
14753
156
12079
44159
2390
52163
4020
66
47826
19201
21599
43692
38082
2167
65426
13946
25863
428
60949
36308
2553
6740
53951
22976
8496
40700
45814
8192
539
63262
24362
12992
3471
59412
64734
598
34061
34554
12607
46024
16866
64382
19707
7298
6932
8314
20622
40372
64792
39014
9945
951
38615
8388
4489
8922
57267
58032
43797
58404
633
30720
41186
48256
2791
42336
0
1010
51967
52492
18596
39552
17114
50398
8340
53254
574
59940
6674
37675
51713
37804
2093
52585
6274
45484
64878
65153
22674
4382
63775
976
23981
20850
27263
8455
10524
22356
66
1028
58364
41444
2675
5008
815
4956
50437
25872
2146
52698
1923
1366
35458
3438
17722
18873
12302
11360
48033
47296
40510
3850
36330
41940
22726
44794
24977
6030
26134
4321
21495
21340
4743
2113
29005
23024
524
26032
64024
58372
4146
24836
42467
33584
34869
12016
847
1399
50528
19024
5233
33025
9775
10900
47947
9216
16864
39992
39795
9893
882
28720
7888
55108
53836
56962
57272
56112
265
183
39109
43970
33758
19396
17146
27457
45719
4346
62026
28719
20113
821
40987
1160
25604
63686
4567
46242
4690
8961
4126
42509
26492
460
8663
29228
61536
12672
8193
2058
12311
64556
37694
441
33430
9398
54699
52869
11124
430
16398
4614
10508
19518
53488
351
24152
790
45942
24948
36970
51470
55023