57
21
21
3
440
55291
8728
59876
65476
25588
43864
26545
54254
4102
13570
36937
1257
23987
23286
47898
192
33402
16781
32516
950
46314
54803
84
23511
60951
63246
4870
4716
14753
180
11311
44159
2370
51407
3956
77
47826
19204
21615
43676
38130
2231
65522
14330
25867
684
60697
36308
2553
6740
53951
22944
8496
40700
45805
8198
539
63262
24554
13040
3468
59412
64714
342
34253
34554
12583
46030
16878
64248
19835
7298
6948
8698
21390
40324
64792
39038
9945
951
38743
8436
4393
9046
57267
58032
43798
58404
633
30720
40994
48198
2815
42320
6
1010
51775
52684
18728
39680
16858
50398
8338
53446
958
59940
6676
37683
51457
37836
2075
52545
6402
45516
64750
65165
22794
4381
63772
976
24237
20914
27327
8455
10412
22348
90
1032
57968
41700
2675
5008
809
4956
50432
25974
2210
52666
1925
1621
35586
3438
17724
18867
12302
11360
48017
47296
40510
3858
36330
41748
22773
44794
24965
6029
26134
4345
21495
21340
4679
2113
29003
23024
570
26032
64023
58370
4148
24708
42464
33579
35285
12016
847
1079
50528
19024
5521
33026
9775
10898
47995
9240
16848
40312
39807
9893
881
29491
8008
54983
53824
57070
57304
56104
265
311
39877
43969
33758
19420
17050
27335
45723
4342
62074
28707
20113
53
41371
1171
25604
63738
4535
46242
4689
9057
4318
42253
26468
460
8471
29612
61536
12672
8601
2058
12308
64554
37886
441
33430
9328
54695
53189
11188
430
16398
4710
10496
20285
53480
348
24552
794
46006
24948
36972
51566
54927