4100
8330
16415
72
8963
274
18504
16393
6144
16387
770
16
4100
16514
2114
20480
4610
5280
16480
2
12
3
12300
17
12306
2561
8481
4610
0
32
64
120
1224
1024
208
22016
620
8
96
4097
17412
8240
0
32
264
12289
4609
10304
5194
0
24864
1058
16386
4352
6700
17664
18437
288
516
4516
148
80
17490
8232
6160
2432
1554
16930
2
1122
2144
0
8
16384
8328
4097
321
160
256
16
544
8209
448
4640
4108
584
8
4130
1
512
5184
6272
17
256
8464
2064
320
16
20576
24609
2064
4130
10
8193
5424
1536
14336
14592
24640
17416
1032
2
16432
656
158
20498
1048
3
160
8
4480
0
98
16413
512
264
2240
8
128
9
800
17152
24
2112
17680
2056
3072
1564
24608
8259
276
2064
4162
89
89
17
8192
8193
768
0
592
2077
162
8266
24640
2816
29186
16899
16400
4
4272
4100
10536
16416
18496
1348
4
16384
32
3136
20580
4608
4097
16706
2210
8192
2
4099
8192
4865
16384
4352
2592
3
4240
3105
9
8
5396
8454
20616
129
12
12372
4224
66
4384
8210
8
19456
8256
24
16385
19474
3344
304
24608
0
16
9234
8
130
16
896
12800
576
25608
2084
16
772
12320
2336
11264
2
137
2560
281
8352
16904
16
512
2049
8192
2338
32
160
6146
16896
48
4224
1056
24582
19458
16400
16
1040
2562
9472
8322
152
18696
10246
2180
2056
16706
160