35
1180
853
120
49
2329
0
4105
6144
258
2688
5424
1
10260
18560
4162
3
5400
2816
3126
16390
8448
4354
20624
24592
2436
200
8719
16400
5136
0
8
784
5641
11010
20481
9091
20672
117
257
132
144
25088
7
961
6626
4196
98
78
17
8374
1152
8448
8646
3072
329
17448
8227
2273
1185
904
1136
2880
25568
16468
16448
6346
4672
2144
16578
9264
616
852
12355
640
2849
8194
5990
12292
9401
4124
402
4244
4257
10504
8261
848
4818
16488
1152
4098
6204
1059
68
256
8194
4376
2157
16388
8276
6593
549
2524
4128
2192
4303
8704
8204
24
18578
16432
4315
16504
21234
412
8193
2124
3099
0
2854
640
8230
193
17200
99
512
16406
1383
0
10
8544
0
2098
2672
5824
17048
16457
516
54
8240
160
1041
401
4097
8
4355
4160
0
17686
24589
8319
313
5835
13696
25696
4656
20576
68
2328
16
98
8205
344
4368
2050
1028
19
2340
8
768
466
14851
257
1210
2176
1561
388
16384
1347
2061
5232
21288
16670
16641
27
3120
10188
20584
2212
8320
518
6160
14
656
4833
16744
673
2059
4116
2178
8229
2050
168
5120
2064
1282
6
2
1024
10566
8264
450
1024
2076
348
2217
460
140
200
10192
4098
1222
2570
570
5147
388
612
5700
0
18454
7
2160
4224
26
16712
515
1408
17517
24
4622
24703
274
8993
100
128
82
8576
8323
866
1056
523
1164
19201
4097
20571
7002