25
16908
21
2181
49
32
512
16384
644
24624
209
2176
4104
16896
9224
19456
2097
72
4746
128
8256
4096
4096
17044
1025
1068
320
17472
22784
8192
8520
642
4608
32
10306
8448
8512
8402
2056
12805
8196
550
4896
104
8212
18080
8736
546
1280
25377
17944
8
385
2600
66
224
4104
8577
2596
8264
16
16416
8265
16400
8489
9216
16384
516
19524
388
11523
6284
16520
0
384
8320
8704
0
16512
21542
2082
2
0
4130
5408
18464
2
8460
517
35
24616
1025
16386
2316
24660
25633
2596
2344
612
20500
928
24864
2
10824
2560
2576
272
10240
81
16424
2306
320
4
16521
256
8720
1058
4100
2050
5124
24578
2052
130
40
4880
152
16384
1282
1692
16
260
0
5122
4098
9216
2082
2560
512
16648
4480
259
16898
64
1580
24608
8195
25604
2112
18688
6916
16384
4096
6402
5696
16934
196
4672
1104
7184
24692
6144
26632
6144
16897
2308
2564
528
37
28960
34
2193
9288
8705
8192
20516
2048
3331
0
2052
4416
200
144
1068
514
2178
38
521
12304
8448
16400
8256
160
3584
66
5148
17
66
346
2048
96
1088
4236
9217
1152
19456
16651
26640
80
22532
2048
8200
16656
4616
336
6144
0
8208
21
210
10304
0
8232
11136
1282
1035
4
24744
326
144
512
1036
18561
24
562
256
3840
9
88
264
2184
17480
4354
4137
16418
20
9602
16420
516
1632
4112
282
576
24576
2240
5633
10245