24
16910
149
6277
49
32
0
16384
644
24592
193
2048
4104
16896
9224
19456
2097
8
4618
128
8288
4096
4224
17044
1024
1064
64
17472
6400
8192
8520
514
4672
32
8258
8448
8448
8402
2056
12804
8196
518
800
616
8208
18080
544
546
1280
25376
16920
8
385
2856
66
160
4104
8577
2592
8264
8208
16416
8265
16
8481
8192
16385
516
19520
260
9475
6276
136
0
384
8320
8736
0
16512
21542
2050
2
0
4098
1312
18464
2
8204
516
35
24616
1025
16514
2312
24644
9249
548
2336
608
4116
416
24864
0
10824
2048
2578
16
10240
81
16416
2306
320
1028
16520
256
528
17442
4100
2050
4100
24576
2052
130
16424
4624
152
16384
1282
1688
16
260
256
5120
4098
9216
2050
2560
512
16648
4480
257
16898
64
556
24608
8195
9220
64
18688
6916
16384
4128
2306
4672
16932
192
4672
1104
3088
24660
2048
26624
4096
16897
2308
2560
528
37
12576
32
2177
9288
8705
8208
20516
18432
3331
0
2052
4416
200
144
1064
512
2178
38
521
12304
8448
16400
8768
160
3584
67
5148
17
64
282
0
96
1088
4236
25601
128
3072
16643
18448
16
22532
0
8200
16656
4608
272
6656
0
16
20
82
8256
0
8200
9088
1282
1035
4
24736
326
144
768
1036
2177
8
560
256
1792
8201
80
264
2185
17480
258
4137
34
20
8578
16420
512
1632
4112
274
578
24576
2240
5632
2053