0
42
21
0
0
416
0
16384
644
24595
193
2144
4104
16896
9224
19504
2103
4
4617
131
8288
4192
4224
17042
1024
1064
67
18240
6400
8240
8520
610
5056
800
8642
8496
8448
8402
2056
12804
8244
518
784
624
8224
18104
544
546
1280
24608
16920
4
385
2862
130
160
4872
8513
2336
8264
8208
16416
8265
8
8481
8192
16385
708
19520
258
9475
6280
132
0
408
8320
8739
0
16515
21526
2050
4
0
4866
1315
18488
4
8204
516
47
24616
1121
16514
2312
24644
9281
548
2336
608
4500
352
24736
6
10824
2048
2578
16
10243
81
16416
2306
320
1032
16520
448
528
17442
4100
2050
4103
24579
2052
66
16408
4624
152
16396
1284
1688
8
260
256
5120
4110
9600
2050
2560
704
16904
4480
263
16898
112
556
24608
8195
9220
64
18688
6940
16396
4128
2562
4672
16936
192
4678
1168
3088
24658
2054
26636
4144
16903
2564
2560
528
421
12576
32
2177
9352
8705
8200
20516
18444
3331
0
2052
4416
200
136
1064
512
2178
806
521
13072
8448
16403
8736
144
3584
451
5148
33
64
282
12
480
1100
4236
25601
152
3078
16643
18544
16
22532
24
8200
16662
4608
464
6668
0
16
18
82
8256
12
8196
8704
1282
1032
7
24736
326
147
768
1036
2177
56
563
256
1984
8585
72
312
2185
17480
282
4137
34
20
8626
16420
512
1638
4112
274
626
24579
2264
5632
2053