0
12
13
128
512
0
0
0
8192
0
0
64
16
64
256
32
0
4096
16
0
128
4096
0
1
512
64
512
4
2048
0
0
0
16384
0
0
0
64
0
0
0
0
32
1
8
16
0
16
0
16384
0
0
0
256
0
1
0
0
0
64
512
16384
2
0
0
0
4096
32
16
2048
0
0
512
256
512
0
16
512
0
32
16
0
2048
0
128
4096
2
2
0
0
512
0
128
1024
256
8192
0
1
0
0
128
8
0
32
0
0
0
0
2
256
0
1
512
4096
8192
0
256
16384
64
2048
0
0
0
0
1
0
2
0
16
0
0
64
128
0
64
0
0
4
0
0
64
8
0
8
8
128
0
0
256
2048
0
0
0
0
2048
0
0
0
0
4096
256
256
0
0
4
0
1
0
8
2048
16384
0
16384
0
0
0
0
0
8
0
256
8192
0
64
64
0
0
4
0
4
0
0
1024
2048
0
16384
0
1024
0
0
0
512
0
0
0
0
0
8
0
0
16
4
1024
0
0
512
1
0
8192
512
16384
0
0
1
0
4096
32
128
0
0
1
512
0
0
256
0
64
16
0
0
0
0
4
4096
0
0
512
4
0
0
0
0
0
1024
0
2
8