0
65504
21
0
0
416
24
16387
644
25363
193
2144
4104
16896
9224
19510
2103
4
4617
899
8288
4192
4224
17138
1120
1064
131
18240
6400
9008
8520
622
5056
672
8644
8496
8454
8402
2056
12804
8244
517
976
624
8224
18104
544
546
1286
24611
16920
4
385
2862
130
160
4880
8513
2320
8264
8208
16416
8313
11
8482
8192
16409
712
19904
258
9523
6283
180
96
404
8323
8751
48
16611
22294
2062
8
0
4738
1187
19256
772
8207
564
47
24616
1122
16642
2408
24612
9249
532
2592
614
4500
352
24736
30
10824
2432
2578
16
10245
93
16416
2306
344
1032
16520
454
528
17442
4124
2434
4103
24579
2436
66
16408
4624
152
16444
1476
1694
776
356
256
5120
4110
9600
2050
2560
512
16952
4492
267
17282
112
556
24608
8195
9220
88
18736
6928
16396
4128
2562
5056
16944
960
4672
1184
3088
25042
2054
26636
4144
16999
2588
2560
912
421
12560
32
2273
9352
8753
8200
20548
18540
3587
0
2050
4288
200
136
1064
512
2178
810
521
13264
8640
16400
8760
147
3680
451
5146
33
64
154
60
480
1164
4224
25649
920
3078
16643
18608
16
22580
24
8200
16662
4608
480
6656
0
16
10
50
8256
15
8196
8728
1474
1032
7
24736
326
149
640
1132
2273
248
947
280
1984
8201
72
318
2313
18248
538
4145
802
20
8626
16420
512
1622
4112
274
578
24579
2264
5635
2053