32256
65504
491
17914
510
416
24
16893
16336
25363
193
54624
4104
22359
56408
27510
2505
506
4617
892
8288
60406
9428
8491
31440
42358
381
25893
6655
35158
8631
622
5056
672
14344
8655
8454
8237
2295
12804
8650
39117
49628
52997
15188
18246
544
546
30208
45596
16920
4
385
2862
10846
160
61440
8513
30272
42335
9152
16416
8326
11
13952
8192
54628
712
19904
28554
9421
6283
65232
11863
39662
15201
34240
62275
16412
22505
2062
8
510
26932
53628
21523
1019
8432
715
33367
28176
1181
7104
1662
24795
9249
532
2592
665
4459
352
24671
30
10935
23552
2578
16
18967
162
9591
72
344
1271
16503
454
48432
17629
4578
57502
4344
1176
2427
24904
25480
4847
37432
37370
1339
1694
26376
356
33536
5375
4110
9600
2556
3070
512
39472
4467
25040
63130
36384
978
61952
8701
9467
167
16320
6894
30472
4128
2562
11022
17103
34698
62704
1119
3566
24620
2552
57458
42588
17305
26824
2560
879
41053
8832
57399
2273
8061
8910
58728
20667
18834
17664
0
16696
4414
200
136
1239
767
36208
42330
1015
12846
8511
47248
8760
108
3680
451
17332
33
12544
10250
450
287
8544
4478
25649
920
29088
18279
40338
239
54848
24
8200
16616
4608
30
6911
0
239
47738
50
63040
240
12975
8728
1341
34560
33831
19776
5906
149
10139
1132
1017
7
947
280
1984
37708
183
7278
2550
8848
26746
6332
802
20
8525
16603
512
46520
4112
274
8306
24579
2342
52208
2053