57
27167
85
4320
49
192
4102
16384
644
25680
8393
2291
16395
16384
9288
2832
2091
16393
13034
144
0
12304
4224
18452
0
3881
102
1794
6336
16
15224
2
20545
864
578
11276
8978
9552
30728
12868
12304
4612
145
81
24584
17592
16992
514
9856
26914
16394
17163
161
2848
8368
179
4500
8648
2598
24641
25448
8288
329
274
8384
8320
26369
1360
11298
4872
5275
10434
128
1282
16770
10488
10528
1044
18512
22590
16402
6402
16664
4098
1592
22819
8578
8652
1556
16555
24650
1297
66
2634
29764
8225
4
2400
748
5264
193
12450
1040
10952
416
2696
916
11264
8305
16441
18950
326
1564
16522
1030
770
26018
6536
2307
5124
16384
2062
580
17610
4712
520
5187
1284
670
4657
17964
16
5762
6161
9728
2145
2562
2648
8920
4344
5249
16658
16712
580
24656
8835
9731
35
19908
15304
17163
48
2310
17776
17980
4166
4928
5392
2192
27734
2274
26400
12800
1777
6284
2789
4625
16421
4924
38
153
9896
12848
8208
13700
17666
11551
9
3397
22822
2624
384
17992
650
35
586
567
26648
8198
48
192
18595
3173
4475
4692
47
21317
410
257
1136
18243
4127
16487
2184
3860
16675
18482
2078
18435
779
398
28992
12304
279
15232
67
8242
16860
16
26800
13
2075
8326
1346
8210
473
24736
16641
328
512
1804
3126
4228
2670
88
1825
8325
17366
8457
2345
21658
2049
7194
1466
274
586
836
736
5089
4115
3386
4215
20504
8176
6044
20229