57
21
45
4320
49
207
4120
16384
644
25640
8393
2291
16405
16384
9302
2920
2091
16437
12946
144
0
12304
4224
18540
0
4057
105
1794
6336
16
15206
2
20558
860
690
11267
8989
9567
30727
12868
12332
4612
145
79
24584
17480
17040
514
9976
26914
16394
17163
217
3024
8383
179
4500
8648
2601
24641
25448
8288
305
274
8444
8320
26399
1360
11298
4871
5287
10290
128
1282
16830
10487
10528
1064
18540
22577
16402
6402
16664
4098
1592
22828
8698
8628
1556
16548
24650
1385
92
2634
29876
8281
4
2400
720
5264
193
12450
1040
10952
412
2696
906
11264
8321
16441
18950
326
1564
16532
1030
1010
26018
6535
2307
5131
16414
2064
580
17610
4624
520
5187
1284
670
4657
17964
16
5882
6369
9728
2145
2562
2648
8864
4292
5279
16658
16756
572
24616
8895
9731
35
19915
15303
17163
192
2362
17740
18124
4218
4928
5480
2192
27734
2274
26400
13040
1790
6284
2789
4625
16421
5068
38
153
9816
12848
8416
13684
17666
11551
9
3449
22822
2616
384
18036
650
31
586
567
26648
8198
12
192
18595
3173
4475
4652
87
21317
362
287
1136
18243
4127
16487
2183
3860
16851
18446
2078
18435
779
398
29007
12392
280
15352
59
8242
16860
14
26800
13
2075
8326
1372
8210
473
24736
16641
342
527
1795
3126
4228
2672
70
1825
8445
17352
8471
2359
21636
2169
7194
1466
302
586
858
736
5089
4115
3386
4171
20503
8174
6044
20229