57913
21
45
64526
61741
207
52978
16624
124
25640
8393
2291
16405
4595
42824
52892
2091
16853
12946
144
54190
10747
23574
65365
60392
4057
153
35815
26476
54515
15206
268
20655
37817
690
11456
8927
34823
30727
12868
58116
52569
82
79
24584
17480
16919
30628
9976
26914
16619
17146
471
36251
8271
53884
4500
8504
1007
24654
62252
8288
305
50387
47795
50178
26399
1360
11429
4737
5545
10290
128
1282
5748
32565
34601
1064
55750
17555
15042
6402
16663
26716
39335
22749
61342
8628
58238
51538
24650
1385
92
3003
29815
46937
4
10910
49262
5534
304
7343
1040
11086
20836
2695
635
11264
4310
12140
18950
329
36989
8995
1408
515
25923
6418
61069
5517
16656
2289
647
17610
45204
139
3273
55173
670
4850
17964
40589
5882
29175
9728
2145
2787
2970
8864
4292
63507
16883
16756
38079
61592
9038
9920
301
19465
51602
17163
33
2493
17740
18124
4251
4995
5480
2416
46360
2336
26415
61518
1790
64488
39232
4833
10110
5059
28884
63983
57583
12848
8416
13684
17857
11551
142
39972
58403
2616
384
18036
54995
62311
44034
567
26843
8438
34352
207
18861
3173
4475
5068
36050
10113
362
153
1136
18338
4127
5021
36662
47384
8071
18569
36175
18435
64314
265
29007
916
505
28236
48387
8242
16860
14
26945
13
63806
8516
1372
41522
473
28410
14380
405
527
1795
64337
1692
2672
70
1703
8445
17351
3234
2503
21860
2169
60587
1401
63290
586
64487
44777
5089
38433
3386
58965
20504
7711
6044
20422