1096
261
517
64
4100
8
8448
160
2568
8260
4104
4096
2058
12288
16
0
545
16548
3
5128
257
16384
0
0
257
1152
2594
4160
1100
10243
8
6400
16385
64
9
7168
1602
8712
24624
8720
4098
4488
25088
256
36
4096
4096
8192
2564
8
384
24608
128
16528
0
786
12304
1088
0
2048
3072
2144
8194
16386
1026
4144
0
128
8
6160
24592
16516
24628
128
2064
18464
20482
6432
288
2560
1066
1058
16384
0
4192
1
1536
24
4224
161
4098
3
48
64
64
38
4224
768
64
2
20544
80
4256
2144
18696
16386
2560
8224
12320
12544
52
8192
1024
20737
256
161
2048
0
2305
16640
98
16449
8192
12
36
128
20610
16
128
8194
64
2064
320
48
3344
5121
2080
12
4
16384
280
0
4104
2184
1536
1252
128
12416
4096
8210
8192
2832
1030
13313
1154
12
1
128
8193
16386
12
2112
17416
2050
512
1152
1028
512
8216
288
16386
18
68
68
2306
96
1026
128
1032
17
0
18433
8200
1
2048
14339
8232
592
2048
25344
256
8464
4354
320
32
16400
384
2560
8192
66
20994
1024
2048
20481
4101
18442
4096
2112
7
516
12
132
4099
4114
4101
256
8
6272
0
2177
6176
17792
0
545
2129
69
16640
192
80
36
194
16
1200
16388
8192
8195
16896
2560
2
4097
1184
512
89
16896
1024
770
64
16384
144
224
512
1088
265
128
0
2048