57
277
21
64
4
0
8448
160
2560
8196
8
0
10
4096
16
0
513
16548
3
5120
257
0
0
0
1
1152
2592
4096
1096
10241
0
6400
16385
8256
9
5120
1090
8200
24608
8720
2
4480
16896
256
36
4096
4096
8192
2052
0
384
16416
132
18576
0
530
8208
1024
0
0
3076
2080
2
2
2
4128
0
0
0
4112
24592
16388
8244
128
10256
16416
20480
6176
288
512
1064
1058
16384
0
4160
1
1536
24
4224
33
4096
2
48
64
64
34
4224
768
64
258
20544
16
4224
2080
16648
2
2560
8192
12320
12544
52
8192
0
20481
0
33
2048
64
2305
16640
96
18497
12288
12
36
0
20482
0
128
8192
64
2048
320
48
3088
4097
2080
12
0
0
272
0
4104
2184
1024
228
128
12288
4096
18
0
2832
1028
12289
1154
4
8193
128
8193
16386
12
2112
17408
2048
512
1152
1028
544
8200
256
16386
18
68
4
2050
96
1024
128
1024
16
0
18433
8200
0
0
12291
8200
592
2048
8960
256
272
4354
320
32
16384
384
2560
8192
66
4610
1024
2048
20481
4101
16394
0
2112
3
516
8
132
4099
18
5
256
8
2176
0
2177
6176
17664
16
547
2113
69
16640
192
16
36
66
16
176
17412
8192
8195
16896
2560
2
4097
1152
4608
73
16896
1024
770
0
16384
144
224
0
64
265
128
0
0