8
65504
1045
1
128
2564
1024
0
0
4362
8
40
2
0
16896
5120
16448
1044
0
2080
132
16384
4096
17552
24640
0
2048
4112
2066
98
2049
32
320
9728
66
29184
16912
16904
96
2176
0
1552
512
52
2048
2084
4100
24576
4672
10
40
2048
272
4352
6144
5121
17420
548
512
0
2
5120
16449
20512
16401
2048
3078
0
321
16515
1600
8200
12
64
33
9
2048
1032
4096
1152
64
11266
132
0
9
64
81
12306
48
6
6144
3200
0
0
0
32
4352
1
20496
2384
18448
8737
16384
0
50
17409
8256
261
512
28680
544
12418
16448
8960
21
2560
8257
2596
16386
5122
664
4096
128
81
8192
97
1088
1048
3072
40
1
0
4096
2600
1601
130
129
16
8
192
17552
1168
3
1
16389
16
609
0
384
8192
4370
2192
12448
12544
9216
2816
13312
8196
2049
512
4
4108
16536
132
6400
8
400
2600
18
130
1088
512
4616
2
2049
642
18432
2128
32
289
19520
4161
16440
4113
64
10242
328
48
2053
258
136
512
2053
532
4096
0
32
1024
0
2306
8713
8
8
20544
19456
384
8192
9216
1536
25602
2082
16934
16
7169
2048
10
2700
1285
1056
8192
16384
288
18952
76
12289
5
768
4100
522
48
16417
2048
4097
16648
1280
1088
513
3
72
4608
8768
70
8208
0
0
1024
16640
10306
34
8704
72
140
132
256
17474
10432