406
21
1323
97
49
2664
1281
564
132
4343
261
215
241
270
17118
5413
16760
1044
498
2479
132
16390
4144
17527
24640
29
2306
4574
2528
925
2253
471
198
9470
476
28866
17120
16843
27
2272
96
1760
271
218
2183
2531
4220
24579
4286
432
144
2048
679
4666
6562
5121
18301
709
787
486
217
5144
16449
20527
16881
2048
3392
291
309
16575
1718
8680
510
64
423
119
2114
1520
4394
1268
167
11266
335
225
263
146
186
12525
175
12
6303
3296
192
387
198
261
4110
8
20742
2216
18566
8926
16624
450
752
18064
8864
352
271
29448
528
12365
16844
8766
223
2987
8257
2776
16515
5220
664
4538
64
301
8518
463
1348
1256
3105
277
14
360
4102
2680
1702
77
153
16
8
216
17474
1420
101
194
17147
406
543
252
202
8298
4178
2391
12579
12590
9720
3038
13327
8329
2559
1009
266
5104
16487
187
6423
262
367
2735
449
126
1232
761
4630
400
2049
733
18447
2386
530
494
19775
4531
16646
4378
307
10511
436
204
3013
329
120
911
2555
618
4558
510
227
1550
462
2557
8954
279
241
20668
19462
353
8605
9630
1025
25731
2094
16933
406
7679
2140
0
2894
1157
1056
8192
16884
222
19389
179
12709
125
768
4375
565
232
16672
2558
4350
16888
1607
1470
531
135
312
4112
8989
185
8398
258
0
1135
16883
10669
452
9022
147
146
66
254
17692
10492