772
1180
10255
72
16768
2176
0
1
6144
2
2688
256
1
8196
18560
4162
0
1280
16
2086
4
8448
4098
20624
24576
4
0
8192
16
5152
0
0
848
5633
10242
20481
512
16408
96
129
132
24
24576
1076
289
6240
4100
8192
64
8
176
1024
256
256
7168
9
17416
8224
2561
161
136
0
2144
24576
16404
16416
2058
64
2560
16514
9216
552
12
32
0
1
2
1026
4104
8336
4096
0
148
162
8200
1088
832
4114
0
128
4098
6176
1056
64
0
8194
4352
1
16388
82
6145
549
4
32
2064
4097
8704
0
0
16402
16384
3
16392
16896
4
1
64
2056
2
2082
17024
32
0
1
32
0
16480
1033
0
2
8192
0
2050
2624
5633
16520
16385
4
5
0
144
1040
1
4097
8
256
4160
0
16648
8194
48
400
4744
12288
8192
512
4096
164
0
16
2
8204
88
128
2050
1028
16
2084
8
0
80
14336
256
10
0
1538
384
18432
1280
33
64
4104
16642
16385
2
2052
1800
4120
2180
256
640
8
0
144
4129
8
544
1
4112
2320
8736
2072
128
5120
3088
1280
2
2
1024
10244
8256
514
0
2052
256
200
268
132
8
9728
4098
1152
2561
10
1025
4
512
1060
0
16400
129
2144
4096
40
16640
0
1024
16395
0
4616
8211
18
8224
0
64
4
8448
8195
34
16
520
1036
1
1
64
2690