40505
65504
21
0
0
45261
9190
40573
128
22343
44850
37120
772
2290
62594
31551
33251
17188
16577
46544
14436
8251
1529
8673
10727
2271
63417
435
30971
10492
3192
4417
8703
38610
16994
5870
19342
8924
45094
12304
53012
12652
4378
64321
8327
872
16404
433
24370
15144
9191
64539
24599
378
502
22656
26544
60176
65121
3116
21962
13119
4175
618
1404
2306
62944
17094
7227
1207
16005
20017
1487
22725
253
4365
20111
65431
16094
6738
28102
31904
37587
31042
2407
520
16559
38994
27178
257
56052
19364
238
17378
13500
19890
59185
180
38862
12643
47814
1216
47932
506
49168
256
32544
26043
81
4115
16428
998
10276
511
53394
36476
15461
726
53504
3965
35484
220
20504
58228
55578
40661
29302
1091
18684
49666
47222
41599
64746
2243
10303
16400
388
11180
64474
16635
35672
2184
1279
26884
10108
11153
58699
26826
12343
4
18584
29361
7316
2328
49444
24461
42864
448
648
8278
2951
65364
1033
31615
1102
17025
31128
62025
5952
15657
5121
9347
2054
1104
62905
2540
35580
6419
82
63811
19040
45145
52994
37223
24313
38007
358
20822
20707
799
8413
15423
2304
8608
184
39726
62259
37315
38239
25700
52471
1000
20850
1028
17914
60440
38361
17424
15907
192
16574
16676
1528
26440
63290
16767
53784
52837
38760
16536
2265
13182
56322
272
9215
61192
44932
7755
50586
7546
49725
50568
22763
8342
17944
15667
48614
7655
51437
63897
34063
62847
26081
41426
20516
48103
37582
15235
4390
1004
28984
8424
3071
3078
2302
7680