40504
65504
21
128
4096
45261
9186
40572
128
22359
44851
36864
772
2290
62592
31551
33267
17188
16585
46544
14452
8235
1497
25057
10599
2207
63417
947
30971
10492
3704
4417
8703
38610
610
5870
19342
8924
45158
12304
53012
12652
12570
64353
8327
873
16404
305
24354
15144
9189
64523
24663
378
502
20608
26544
60240
65121
3372
21954
13119
4687
618
1400
2306
62944
16582
23611
3255
16005
20017
1486
22721
189
6413
19599
65431
16094
6738
27974
31904
37587
31042
2423
520
16559
40018
27176
4353
56036
19364
238
17378
13500
19890
63281
181
38878
29027
47812
1232
47932
1018
49168
256
32608
9659
81
4115
16428
486
10276
8703
53402
36476
14437
982
53505
3967
33436
732
20504
58356
55562
40661
29430
1091
18684
51714
47158
41599
64746
2242
10303
16464
388
11180
64474
16635
35672
2200
255
26900
10108
11153
58827
27338
4151
4
18584
29361
7312
280
49440
24461
42864
448
648
9302
2951
64852
1033
29567
1103
17057
31128
62017
5952
15657
21505
9347
2054
1104
62905
3052
51964
6419
82
63811
19040
45145
52992
37223
24281
37991
358
20820
21219
831
8413
14399
2432
8608
184
39726
62227
37331
38239
27748
52471
936
20850
9220
17914
60440
38361
17552
15971
192
16574
16676
1528
26440
63288
16895
61976
52837
38762
16520
2265
13182
52226
272
9215
61192
44932
7755
50586
7546
33341
50568
22763
8338
16920
15665
48582
7654
51437
63897
34063
61823
26081
41170
20516
49127
37598
15235
4390
3052
28984
8424
3071
19462
3326
15872