4
140
15
72
1280
2048
0
4096
2080
0
513
0
0
0
18432
4096
0
5120
0
2050
4
0
4128
144
24608
0
128
0
6144
2080
0
16384
16704
1664
514
20480
784
8216
112
1153
4
0
8192
48
384
22528
4
8194
0
40
32
1536
16640
256
6146
4097
17664
32
516
128
1
0
64
16416
528
16386
2058
0
4
4226
1536
8
140
64
0
1
32
1154
4096
8320
0
1026
388
32
40
2112
192
4112
0
0
4096
2048
0
16384
1
0
4360
1
17408
80
2304
289
0
0
16
17
8192
1
16384
17408
0
2
16385
512
4
0
2112
2048
8194
50
8832
8
8192
17
0
0
64
520
0
10
2048
0
0
2560
1025
136
1
0
8192
64
8336
1024
259
257
260
1024
64
64
256
0
16
144
128
12544
8192
576
4096
4
128
16
0
12
40
136
2176
1056
16
2080
16384
4096
64
12288
0
2
0
514
4
2048
0
4097
16456
4100
16384
0
0
2048
296
16
2052
256
128
128
8
16
4097
256
16416
1024
16
2304
8704
0
0
5120
3072
1280
0
0
1024
8192
4096
514
32
2560
0
8
76
1028
8192
8192
0
0
18944
8
513
4
512
4
8200
4112
1
2048
4096
0
768
0
0
16401
512
4608
24578
2
8192
0
16
32
256
8194
42
16
136
524
4
0
4160
2177