4100
140
47
76
1281
2048
8
0
2082
4
512
0
1
128
18432
4104
0
5152
1
2050
4
0
4128
144
24608
0
128
16384
6176
10272
16
24576
16704
1664
514
16384
528
8216
116
129
4
0
8192
32
400
22536
12
8194
0
104
288
3584
16640
256
22530
4097
17664
34
512
128
129
0
64
20512
528
20482
2058
0
4
4226
1920
4
4236
4096
4
3
0
1154
20480
8832
16
17410
388
68
4128
2112
224
4176
448
256
5120
18438
524
17154
16577
2
12552
16385
17536
80
18786
257
48
257
404
2065
9224
37
16640
17568
0
2054
18433
512
5
0
2117
2050
9410
2050
8320
523
8578
17
0
8707
4419
648
128
74
6368
58
64
2595
2049
136
393
2060
8336
1136
8560
1216
1291
325
16644
1040
384
448
272
8
148
148
8372
12555
8464
578
4096
4
135
16
17152
20
296
970
2176
1062
17424
2464
17411
4608
32
8217
32
26
192
513
4
2048
8
4109
16452
4292
16896
4108
518
2817
1448
8208
2180
128
66
156
72
1032
4103
2560
17184
1028
210
2416
8708
2
1036
7168
3124
19724
356
0
1024
8768
5120
2562
8355
3596
16392
81
45
1036
8192
8418
640
4097
18434
8
1585
4103
2624
16516
8200
4120
1025
6240
4124
0
778
3
208
23
2040
4853
31644
8445
56592
638
43120
32796
17108
44307
110
48834
43228
59010
48836
11642
50501
2936