44081
65504
21
0
0
2556
20608
51604
4628
8377
1023
9997
322
52766
17536
18944
51418
1152
54872
10460
1559
23127
6652
43651
2877
37970
2056
32
23132
1486
6650
55127
37842
9125
50048
36043
1611
16920
8658
151
36600
234
40059
3438
4575
19565
250
50334
12992
2252
8208
1534
18690
17846
6906
11399
46838
32515
2824
60778
22217
37501
51816
25600
37625
99
51136
13170
32934
60747
5375
27617
29173
20315
4
29586
10513
1091
4096
60276
53921
2044
38452
34369
2548
9980
6074
4554
3066
842
3436
28017
11611
15536
18623
8515
4120
10955
50588
24758
2129
62633
42704
29108
61410
51324
33439
4467
27848
56863
26715
42749
45177
31024
9078
55091
578
58186
17651
2518
17026
16639
1052
16510
2088
22381
34302
2278
8464
42591
8967
2828
49680
7443
5155
42785
17444
5504
38812
15335
23018
49448
39743
7193
48180
2304
90
26370
62221
4362
463
30470
767
38190
60996
17716
31016
8282
4861
4329
4134
17906
4940
16603
18748
1028
8414
8229
2303
12713
22503
44985
4350
45337
15194
25440
42084
30036
9470
28277
25588
4598
2048
18909
17411
6255
1479
30122
16454
5305
8713
9
16640
54481
4992
26577
62633
15044
13782
25951
1022
33379
6034
33182
33017
510
320
25097
3262
8396
28082
4611
42150
22765
5630
25446
14348
63647
61292
11626
32476
11924
11136
4596
491
2895
2928
3811
57193
57502
27717
42574
21686
4384
13245
9067
39637
33762
292
13110
28754
584
21986
16503
353
23200
9950
58865
10554
2048
8418
44042
3070
24697
45080
59000