60465
42
20
0
2048
2556
20608
51604
4628
10425
1007
9996
66
53022
17792
18948
51354
1152
54864
10460
1623
23127
6652
43651
2877
37970
6152
544
23132
1484
6634
55127
37842
13221
58240
36043
5707
16920
8402
663
36600
234
40043
3438
4575
19567
250
50846
12992
3276
8336
1530
18690
17846
6906
3207
48886
32515
2888
60906
22473
37501
51816
25601
37561
97
51137
13170
41126
60747
5375
27361
29157
19803
4
29586
10521
1091
4112
60284
53921
2040
38420
34371
10740
9964
8122
6602
2938
842
19820
28017
11611
16048
18623
8515
4120
8907
50584
24758
2129
62697
42704
29108
61410
51325
33423
4467
27848
56863
26715
42749
45689
31025
11126
55075
578
60234
17635
2518
17026
16637
3100
16508
2088
22381
34302
2278
8464
58975
8999
2828
49680
7507
5219
42785
1060
5504
38812
14823
22954
49448
39739
7193
48436
2304
90
26386
62237
266
975
30470
1791
38186
60996
17716
31016
8282
4857
4329
4134
17906
4940
16539
18748
1030
8414
8357
3327
8617
22503
44985
4350
45337
11098
25376
42084
30037
9470
28277
25588
4598
2112
18909
17411
6254
1479
30122
16454
5305
8705
9
20736
54481
4996
26449
62633
15044
9686
25887
1022
33379
5522
37278
32889
510
1344
8713
3262
8428
27954
4611
42158
22765
5630
25414
14348
63645
61292
11562
32732
28308
11136
4596
491
2639
2928
3299
57193
49310
27717
44622
21686
4512
13245
9067
39636
33762
292
13110
28690
584
21986
16511
353
6816
8926
58849
10554
2304
24802
44170
3070
25721
46104
58936