57
21
84
3
2080
2556
21120
51604
5652
10425
1007
9996
66
36638
17792
18948
51354
1152
54864
8412
1623
23127
6653
43651
2877
54354
6144
544
23132
1484
7146
55063
37842
13229
58240
36042
5707
17048
8402
663
36601
238
40035
3438
4567
19567
250
50846
15040
3276
8208
2042
18706
17846
6906
3207
48886
32513
2920
60906
22473
37485
51816
24577
37561
101
55233
13170
41126
64843
5375
27361
29165
19803
4
29594
2329
1095
4624
59772
53923
1528
38428
34371
10708
8940
8122
6474
2874
842
19820
28017
11615
15536
18623
24899
4152
8905
50584
24758
2129
54505
42704
30132
53218
51325
49807
4467
27849
56863
18523
42237
45681
32049
11122
55075
576
60234
17635
470
16514
16637
3084
16476
2600
22317
34302
2276
8472
58973
8999
2828
49744
7515
5219
42529
1060
5504
38812
12775
22954
49448
39739
7193
48437
10496
90
26450
62269
4362
463
30598
1790
38154
60484
17716
14632
8282
5881
4333
20518
17904
4941
16539
18876
1030
8414
8325
3327
8617
22471
44969
4350
45337
11098
25376
42084
30036
9470
28277
25588
4598
2112
18653
17411
6254
1479
29994
16486
5305
8705
521
20736
54481
7044
26385
62633
15044
10198
25887
990
33379
5522
37278
32889
510
1344
9737
3260
8684
27958
20995
42154
6381
13822
25412
10252
63645
59244
15658
32220
28564
9088
4580
491
6735
2928
2275
57193
49342
27717
44622
21558
4512
13245
9067
39636
33730
292
13110
28818
16968
21990
16511
352
6816
8926
58848
10554
2368
24802
44170
3070
25721
46104
58936