25
19427
5
4127
57
1216
4102
16384
2580
26047
8905
2062
20724
24767
8200
3888
2346
16395
4916
366
16
12543
4227
18890
8702
7894
102
1808
4288
494
31622
514
20799
927
2114
9224
8796
9391
26870
5050
9198
4100
4761
4176
24634
17735
16670
5112
9855
26914
16613
25460
17825
3036
9264
187
4500
8552
729
16830
25526
16862
8887
2386
10303
8570
18177
1873
15394
5119
1171
14466
247
1477
16512
10254
10544
4
18863
22558
16589
2284
487
10
966
22748
8573
8378
1258
17571
25333
1263
8380
2650
29115
8671
4331
6500
790
5301
318
13148
3408
10678
4959
2700
17259
13312
8305
18566
2808
262
1251
20855
1456
770
29788
6263
2314
5235
25112
2055
318
17431
4648
759
21692
1282
1950
4664
18180
494
5757
5137
9738
3230
2813
8879
10960
4182
12350
16914
20808
588
29094
9219
9854
217
3130
14974
16892
6623
250
1872
17964
12537
4948
7407
3558
10326
796
27392
12808
1559
14642
2583
4846
16622
4980
1062
57
13000
9134
25070
5508
16394
1311
242
3235
23814
11007
1472
26359
1012
1117
4532
630
10343
9720
974
208
2721
3685
4484
22442
209
21348
410
511
1104
1976
4288
19608
137
2047
17411
26672
16415
26695
1777
942
29120
4349
12567
13193
8259
29132
16418
8447
26800
242
2079
28806
1277
8423
10278
26800
510
74
759
3570
2249
4218
2814
679
1759
8325
17375
8201
11487
23655
222
7413
5188
4572
4789
1636
17088
534
28691
3386
1143
20966
6983
1658
3066