57
19299
21
20511
49
1248
4230
16544
6932
26031
8905
2062
20726
26687
8200
2864
3370
20491
4916
382
0
13051
4227
18922
10750
7894
103
1808
4800
2542
31622
642
16703
926
2627
9224
8780
8383
26870
5050
9198
6148
5009
4432
26680
17734
16670
7160
11871
26658
16613
25460
17833
3068
13360
187
4486
8552
729
16828
25014
16860
8887
2395
14399
8570
17409
853
15402
7167
9235
12418
183
1477
16528
10252
10528
44
18831
22558
16591
2285
999
522
966
22748
8573
178
5354
1203
25332
9455
10428
2650
29113
8671
4331
6244
2838
5301
318
4956
3408
10678
5983
652
17259
13312
8305
18582
2800
270
1763
20855
1456
514
29788
6263
2330
5235
29208
2055
318
17431
4649
759
21692
1280
1950
6712
20228
494
5759
5137
9802
3294
2815
8367
10960
4182
12318
16914
20936
588
29110
9235
9854
249
3386
14974
17916
6623
250
1880
17964
4345
4948
7405
3558
10326
284
27393
12808
535
14642
2711
4814
16622
4980
1062
57
13000
9134
25070
21892
24586
1311
1266
3203
19718
10879
1472
26359
1012
1117
4540
4726
10343
9464
5070
208
2209
3685
4484
22434
217
21348
410
509
1040
18360
4288
19608
137
2046
17411
26800
16415
26631
1761
942
29632
4351
12567
29577
8259
29068
16418
8383
26800
242
2079
28806
1277
8423
10278
26768
510
74
759
3538
2249
4218
2686
679
1759
8325
21471
24585
11483
23591
222
7413
5196
4604
21173
1636
17089
4630
29715
3386
1655
21478
8007
18042
11258