37945
21
0
0
0
1260
50978
16464
6838
16678
55591
2370
20726
26867
8395
2694
47578
62250
4871
63663
38611
11398
4370
35174
37957
43453
37171
59720
58116
2062
920
50286
2548
806
2337
24002
8778
9156
27128
1604
56006
6299
50237
4242
26680
9995
16493
65225
11616
18066
11879
32922
17429
2077
14128
172
39751
34797
797
53881
24911
16447
8887
34423
10943
53557
51401
874
15386
33751
1485
37620
175
60796
16559
58687
10699
426
18816
22980
17101
52770
804
518
1006
22601
51620
66
5161
36611
13269
9446
10333
2650
29113
8599
63781
6244
2640
5335
136
5034
3098
37760
5849
691
17385
43938
8581
18709
2800
20536
1612
21035
1466
1017
18217
55676
37759
62376
20606
2343
504
17454
4649
765
21597
1268
60315
55999
20427
502
5711
6058
63524
3300
2606
62681
49741
4174
57682
17061
20768
940
29110
9707
9854
48231
3418
13283
17703
43737
50530
64325
17952
44149
5052
20946
50528
10318
59398
27249
63608
529
14642
46578
44840
63930
4745
36807
33
5981
9174
61604
21820
25522
1166
1355
3439
54865
11155
1576
58963
38477
53645
62477
5113
10601
9608
5087
167
2434
3594
55385
21964
41115
21412
34742
485
1040
127
4431
19985
57314
1566
17677
26638
12824
27486
1265
584
29198
56623
49922
25774
8353
28972
16450
8353
65245
560
59730
16033
1131
61495
10662
26784
510
74
519
36206
2249
1678
2239
759
1759
44041
63721
25599
11344
23591
50429
7948
41883
4604
21296
44143
16945
38190
29907
60992
1686
21285
7913
9340
10774