773
1180
10271
72
16768
2176
0
9
6144
258
2688
4352
1
8260
18592
4162
0
1280
2064
2054
16388
8448
4354
20624
24592
2052
0
8192
16
5152
0
0
976
5641
10242
20481
512
16408
96
129
132
88
24576
1076
305
6240
6148
0
64
9
8368
1024
8448
256
3072
265
17416
8224
2689
1185
136
64
2144
24576
16468
16416
2058
4160
2048
16514
9216
616
12
8224
512
33
8194
5122
12296
9360
4096
8
4244
162
10248
9280
848
4114
16384
1152
4098
6176
1056
68
256
8194
4352
1
16388
82
6209
549
2052
4128
2192
4097
8704
8192
0
18450
16384
3
16392
20992
1028
8193
64
2088
0
2086
17024
32
1
0
32
512
16480
1025
0
10
8192
0
2050
2624
5633
16552
16417
516
4
8192
144
1041
1
4097
8
4352
4160
0
16648
8194
8240
408
5768
13312
9216
4608
4096
36
2048
16
2
8205
344
4224
2050
1028
16
2084
8
0
82
14336
257
138
128
1536
388
16384
1280
1
4160
20488
16642
16385
3
3076
1802
4104
2180
256
640
2056
0
656
4129
264
608
1
4116
2328
8736
2074
136
5120
2064
1282
6
2
1024
10244
8256
642
1024
2052
260
202
268
132
8
9792
4098
1216
2561
10
1027
4
512
5156
0
18448
1
2144
4224
42
16648
512
1280
16395
0
4616
8211
18
8225
0
64
12
8448
8323
98
16
648
1164
16385
4097
16448
2946