57
21
0
10243
0
1260
3368
21335
6838
53048
55591
27981
20726
26867
8395
2694
23306
11579
17945
21442
38611
11398
18728
35174
37957
45782
48205
61539
20512
30280
920
11661
32532
806
2337
42725
48786
9156
27128
1604
56006
6299
50237
4242
35684
24120
16493
65225
11616
18066
11879
32922
17429
11602
14128
172
39751
34797
2391
2228
1027
22396
8887
34423
10943
62391
61707
874
15386
33751
16659
45883
175
46350
16559
19082
17943
426
29134
22980
53357
52770
804
518
1006
22601
12282
28057
5161
36611
34863
36508
10333
2650
50199
8599
63781
6244
2640
5335
136
30991
46822
37760
14401
691
23997
43938
34801
18709
2800
20536
29116
21035
23852
1017
18217
55676
37759
19231
20606
22176
30322
26793
18341
765
21597
1268
24603
2624
20427
502
5711
6058
63524
11371
63294
62681
7777
4174
57682
17061
20768
940
40262
9707
30224
12282
33262
25720
39357
43737
1426
64325
17952
44149
5052
20946
50528
10318
59398
38162
63608
3252
14642
63383
51406
63930
39129
3696
31691
5981
9174
61604
21820
25522
19262
1355
3439
54865
11155
1576
5129
38477
53645
62477
6067
17700
21316
5087
167
2434
11722
55385
26254
41115
30056
41221
27051
27863
8263
4431
50395
57314
1566
17677
26638
12824
27486
14786
584
29198
37291
49922
25774
22904
28972
19739
8353
18067
560
18991
16033
1131
22007
35944
26784
1249
74
519
61524
2249
1678
2239
759
6346
44041
63721
3291
18239
56087
50429
7948
398
4604
21296
44143
16945
51486
29907
60992
22673
21285
7913
33402
10774