57
48
56
388
771
136
18
4128
10250
16512
10756
12544
36
16
134
8226
1032
38
21024
4104
17
132
2304
16394
273
16654
4360
8240
9
21
4358
32
2048
1024
16465
32
3072
10770
2048
10240
6148
8268
8256
6150
16426
28929
560
4098
4116
776
16456
128
9752
8
1154
8544
4106
3072
18
1160
6209
9216
0
16384
2051
8192
4099
129
6148
16768
13328
96
24577
2048
4100
20480
1700
128
26632
53
1
2048
18440
81
4
2064
18496
40
4944
16530
20480
4256
4096
280
16900
1413
193
0
10304
16480
24609
1
4229
3086
512
3584
1301
16
21025
98
2572
24641
8226
536
8484
24576
8202
18432
580
1536
6152
9216
4131
130
16898
30720
706
776
9280
34
2048
25736
1158
16641
16400
8384
128
76
9024
24852
18432
8448
17418
1666
4096
1540
1025
2688
16400
301
2562
16384
8707
16768
4161
2064
136
16
4244
4164
8256
8706
512
2240
3072
67
8768
20738
545
16776
8832
21264
6144
8196
8192
19528
8720
0
4640
64
2180
132
512
8201
8224
8352
4641
312
0
0
544
10880
2305
65
516
464
4418
520
6144
2342
665
8580
2144
0
2048
21520
0
192
770
1028
16386
4096
4160
24
0
2049
132
4096
5216
2209
36
16640
6176
540
1024
801
512
0
2
84
33
8704
16768
2120
0
24832
2056
2
4
16992
8193
1
274
9744
4128
16896
17172
2050
832
15488
4354
384
640
1044
1120
9248