40889
42
19
3
24
46021
9062
40529
135
22340
44806
45184
839
2098
58498
31551
33251
16676
16578
46544
14461
251
1433
8673
10727
2237
63417
435
30971
11644
3192
289
8702
38866
17018
13870
19374
8412
45478
13320
53012
12652
282
64321
8263
868
16500
435
24322
15128
9191
64923
24599
314
470
22596
28598
60188
65121
7215
21962
13119
4191
610
9548
2098
62944
18118
7225
1207
16097
20017
1475
22781
765
4365
18063
65047
14046
6739
28102
31776
37587
31042
2279
16904
16559
38986
27176
321
56048
19332
4334
17378
13420
19890
59194
180
38860
12643
47814
1024
48988
1506
49168
4352
32544
25977
17
4887
16556
814
10292
508
53458
36382
15461
2768
53697
3913
35483
8220
20488
57972
39194
40661
31350
1059
18636
49666
47222
41663
64746
2051
10303
16400
388
10956
63962
16635
35672
2184
249
10500
12156
3057
60619
26825
12373
516
18680
31409
7828
2325
49448
24457
42870
448
648
8286
3007
65364
5125
31612
1101
17024
31128
62025
5964
15657
5121
9349
2148
1139
62889
2540
35572
6611
210
55619
23136
45211
52994
37247
24293
37943
352
20822
4323
991
8381
16187
2496
8608
248
39710
62259
45507
38527
26084
52452
1006
20854
1028
18426
61208
37977
17432
13871
320
17086
16676
1400
26312
63290
17023
53788
61029
38665
16539
3065
13134
56322
144
11215
61198
44548
7755
50330
7522
49725
34120
22739
8341
26136
15669
44522
7559
51438
63903
34575
62847
26089
41937
4116
48083
37454
15263
4262
620
28728
8232
2299
3078
2301
24070