16417
16412
21
0
0
132
392
256
18432
257
32
520
514
0
68
0
16400
16416
8
18433
3072
513
4104
192
18
2
16900
512
0
8192
0
16384
2176
0
4228
1024
16384
0
640
16390
0
16385
64
8
1040
16
2056
8336
20512
146
0
66
8704
8
1024
0
0
2048
1
24
24576
2
65
8192
8192
64
4
0
64
2064
3088
0
258
136
16
1024
2048
772
0
4096
16
2048
8
64
16384
16384
28
516
136
4168
256
1048
256
16640
128
1280
2056
2064
2
1028
1216
128
1
128
1024
16
24576
1
6144
256
0
1056
129
16416
18432
5
264
3
516
4
8
1152
4104
16642
8704
12
4
96
64
8
24
0
0
2
1
0
1024
512
16
16384
2
2176
2
0
8192
1040
0
4096
1216
4096
8192
18432
2112
10240
1536
2568
0
16
1280
1280
0
1152
64
8192
1
256
1024
10240
16648
6656
16388
33
0
0
10
1040
128
0
66
4096
0
32
256
16392
1
2
256
1026
20481
513
0
2
32
16386
8
2048
0
8320
16
64
0
0
0
384
2
2080
4160
0
1
8194
16384
4352
2050
0
8208
64
576
0
16
16
64
132
258
0
520
2
1
0
2048
68
32
16
1
2176
1025
0
1
36
576
2560
8192
2112
1
2048
0
8708
9
544
0
8196
512
512
192
8208
2048
2178