16417
16412
85
8
49
132
392
256
18434
265
33
16904
514
0
84
0
16400
16416
24
18433
3072
769
4104
1216
26
10
16900
512
0
12288
128
16384
18560
0
4228
1024
16384
512
17024
16390
1024
1
2112
2056
1041
1040
2048
8336
20528
150
0
1090
8720
8
1026
0
0
2176
9
16
24704
2050
65
8192
8448
4160
4
0
16448
2096
19472
0
2306
16520
18
1024
2048
772
8192
4096
16
2064
8
64
16448
16384
28
516
136
4168
256
1048
256
16704
128
1283
2120
2064
2
1156
1216
128
16513
128
1056
16
24704
1
6400
1280
0
1056
16513
16672
18433
4101
256
259
772
76
40
1408
6156
16386
9730
14
4
4192
64
24
56
4
4
0
33
288
1024
1536
24
16512
34
10372
2
256
8198
1072
4098
6144
1728
4100
8194
22528
6216
10248
9728
2570
32
16
3328
1792
0
1153
592
8192
641
4360
5120
10240
16648
14848
20484
161
128
68
8
1040
160
16386
322
4096
0
17440
768
8
133
1026
256
1034
20481
521
8192
2
0
16386
16384
2048
1152
8385
144
16448
64
1
1
416
2
2212
4160
4096
513
8192
16384
4864
2098
33
8208
4160
17088
16
80
2064
64
4228
259
16384
552
2
261
32
2312
68
1072
16
1
2272
1025
16
1
2100
720
768
12288
2112
513
2080
16384
8964
9
544
17408
8324
16896
4610
2248
8720
3072
2195