57
16412
21
264
49
164
406
0
18450
265
61
16908
512
26
91
2288
16398
16432
134
18433
3094
8991
4103
1276
4122
10
16900
632
0
12784
128
16384
18620
0
4244
1144
16384
512
17084
16386
1024
2049
18488
18440
1043
17424
2063
10472
28720
4249
0
1101
8727
248
1030
32
104
3184
4
31
16542
2110
1089
8432
9472
4220
4
0
16444
2152
19560
256
2818
16520
530
1054
2080
794
8192
4110
48
2144
16406
56
17472
16392
2
524
180
4190
318
1032
256
16734
248
1523
2120
2152
62
1276
1216
128
16497
128
1112
16
24719
1
6400
1280
0
1052
16633
16702
18433
4101
286
259
892
76
20
1528
6260
16446
9790
16
124
4240
64
24
38
56
56
0
46
288
1024
1656
24
16527
34
10372
2
256
8438
1072
4098
6174
1728
4220
8194
22648
6328
10292
9728
2674
32
16
3568
2032
0
1166
592
8312
654
4360
5150
10270
16648
14848
20724
161
188
180
52
1068
80
16386
322
4096
0
17616
768
112
117
1026
286
1034
20601
521
8252
28
0
16386
16399
2048
1152
8445
142
16448
64
1
1
416
122
2212
4272
4111
513
8252
16444
4984
2062
209
8208
4220
17088
31
78
2092
176
4280
259
16384
552
62
261
32
2312
68
1036
224
1
2272
1038
16
121
2100
680
768
12288
2112
753
2080
16384
8964
9
574
17408
8308
16926
4610
2248
8720
3072
2283