57
16862
21
264
463
164
406
15
18450
248
61
17358
512
217
409
2099
16638
16432
134
18433
3302
8991
4103
1147
4122
396
17125
632
390
12784
128
16881
18866
0
4244
1144
16384
512
17244
16652
1024
2289
18488
18937
1429
17619
2303
10472
28720
4249
270
1101
9207
502
1221
47
104
3251
454
31
16542
2233
1089
8432
9472
4220
484
270
16894
2152
19560
256
2572
16520
530
1054
2080
1019
8582
4352
48
2414
16406
446
17472
16392
193
524
180
4190
318
1032
224
16814
248
1523
2120
2152
62
1267
1231
128
16528
128
1449
16
24584
1
6338
1280
15
1517
16633
16702
18433
4101
286
133
892
398
485
1407
6533
16688
9790
16
397
4240
176
219
38
56
310
195
46
166
1474
1672
24
16769
34
10372
193
256
8198
1072
4364
6174
1794
4347
8674
22970
6462
10674
9863
2674
32
16
3568
1911
450
1166
592
8312
521
4359
5273
10478
16648
15088
20724
161
127
442
502
1501
350
16386
322
4576
480
17616
768
400
117
1026
286
1420
20872
521
8702
478
0
16386
16399
2243
1346
8691
111
16800
64
1
271
416
410
2212
4272
4111
513
8243
16444
4760
2062
86
8343
4347
17154
152
65
2092
336
4425
259
16834
687
478
261
448
2054
165
1516
224
1
2272
1038
151
409
2550
680
1008
12303
2112
528
2080
16399
8932
489
561
17798
8308
16926
4610
2248
8945
3552
2413