56121
65504
21
0
0
44770
1154
41494
47328
46598
503
30681
49500
44193
18106
6653
532
18669
1018
42014
9824
3627
18042
2208
50048
35897
389
8728
230
3
10494
46598
56036
2041
47582
16862
2207
32726
61931
32
9845
62386
58996
55685
1212
55358
336
454
22560
44992
34906
490
9407
41100
22450
8369
17284
54215
29336
46302
17583
15277
59200
44926
8226
33982
57508
3
704
24582
6988
8413
4320
37938
30758
18686
25536
9
45467
36851
0
2323
29936
868
3995
1304
49160
49272
64272
96
38542
24010
32192
37962
57476
34929
12
2
46140
531
6016
30609
19319
3100
24568
63308
9118
56981
35600
24532
1342
47932
17898
51528
41890
6865
51384
397
2160
512
16415
37736
17956
64
11116
54642
14306
9794
46724
55147
34710
43979
4606
3691
43066
21185
1
61824
39804
63212
10816
51455
49850
39651
36864
733
31520
2208
60
284
42218
41568
2504
34490
9611
376
54521
4559
11694
47736
2080
61429
2049
31365
97
61908
8058
798
17988
48655
35372
2150
4
3485
1226
46669
16511
2576
57114
1518
57577
9168
512
11408
54344
56654
10358
3271
17417
41495
42306
40334
29504
9695
38586
41781
28
10546
31895
511
36391
99
59
294
42592
16567
880
89
8712
939
304
33024
56494
37808
259
19167
13288
22508
15980
0
8317
16424
24832
4368
46888
36530
59194
8446
438
14217
39487
27285
63259
835
1279
2043
20
524
17520
52914
42256
53671
9126
41396
9024
43074
128
39064
61248
19768
17144
43516
41672
24608
26112
48385