39737
65504
21
0
0
44770
1154
41494
47328
46598
503
30681
49502
44193
18106
6653
8724
18669
506
42014
9824
3627
18042
6304
50048
35865
4485
25112
230
3
10366
46598
57060
2041
47582
16862
2207
32727
61947
36
9853
61874
59004
55717
1214
55358
2384
454
6176
44992
34906
490
9407
41100
22514
8881
17284
55239
29337
46302
17583
15269
51008
44926
8290
33982
58020
35
704
24582
6924
8413
4320
39986
30758
18654
25536
13
45531
36339
0
2323
29936
356
3993
1304
49164
49400
60176
96
38542
24026
32200
54346
59524
34929
2060
2
46140
563
6024
22417
19319
3100
24572
63308
9119
56469
35600
24468
1854
47924
17902
35144
41906
6849
51896
397
2128
512
16415
45928
17956
64
11116
54643
30690
9794
46724
63339
34710
43979
4606
3659
43067
21185
1
61824
39804
63212
11840
51439
49842
40675
36864
732
31524
2208
60
4380
42210
43616
2504
34490
9611
376
54521
4591
10670
47736
2080
45045
3073
31365
8289
61908
8058
4894
16964
48655
39468
2150
516
3485
1226
46671
16503
18960
57106
1518
57569
8656
512
11408
54344
56654
10354
3271
17417
41495
42306
48526
29504
10207
38586
42805
29
10550
31895
511
36391
99
123
290
42592
20663
880
89
8712
939
4400
33024
56494
54192
259
19167
13288
22508
7788
0
9341
16424
24836
4369
46888
36530
59322
8447
438
14217
38975
19093
62235
835
1263
1019
20
516
17528
52914
42258
53671
9126
41908
9024
43202
128
39065
61184
18744
17144
43516
41672
24609
26112
48417