56121
65504
229
3
15
44781
1154
41514
47328
46598
459
30681
49500
44193
18106
6642
740
18669
1018
42014
9824
3627
18042
2204
50048
35879
389
8728
230
3
10494
46598
56043
1921
47406
16686
2279
32726
61931
32
9801
62397
58952
55685
1212
55358
351
472
22560
44992
34850
500
9407
41100
22444
8369
17284
54215
29336
46289
17585
15277
59230
44926
8226
33922
57508
243
704
24582
6988
8237
4112
37949
30758
18446
25536
9
45539
36851
30
2323
29696
868
3995
1512
49204
49220
64272
92
38542
24054
32192
37962
57528
34945
116
2
46140
525
6016
30609
19319
3091
24516
63284
9105
56981
35600
24552
1329
47872
17898
51528
41890
6865
51384
386
2160
512
16385
37735
17944
64
11116
54642
14306
9794
46724
55195
34696
43972
4366
3671
43044
21177
1
61824
39744
63218
10816
51455
49858
39443
37104
733
31520
2208
60
492
42213
41568
2518
34490
9621
375
54521
4559
11694
47736
2256
61419
2049
31365
97
61732
8058
802
18100
48640
35372
2138
124
3485
1270
46669
16391
2604
57114
1520
57577
9183
632
11408
54344
56766
10344
3289
17657
41481
42306
40318
29496
9695
38581
41737
19
10546
31896
511
36391
108
7
294
42622
16455
880
89
8816
939
319
33024
56534
37808
259
18991
13288
22508
15980
30
8317
16404
24832
4396
46888
36524
59189
8206
438
14217
39631
27285
63259
947
1039
2043
20
524
17536
52908
42256
53671
9144
41396
9024
43074
188
39064
61248
19912
17092
43276
41672
24604
26352
48385