773
1212
10271
72
16832
2176
4
9
6656
258
2689
4352
5
8260
18594
4166
0
1280
2064
2054
16420
24832
4355
20624
8208
2052
0
8192
16
5216
1024
64
976
5705
11266
20481
576
16440
96
385
132
4184
24576
1076
309
6240
6156
0
64
8201
8368
1056
8512
256
3074
265
17417
32
6785
161
136
1088
2160
24576
16468
20512
2186
4416
2048
16514
11264
632
76
8224
640
289
8194
5122
12296
9872
4608
8
4756
674
10248
9280
848
4114
16448
1152
4098
6176
1056
68
272
8322
4352
2049
16388
338
6209
613
2308
32
2192
4097
8704
8192
1024
18451
16384
3
16392
20992
1092
8321
96
2600
0
2086
17026
16416
3
16384
32
512
16496
1025
0
26
8320
1024
2054
2656
5633
20648
16417
532
4
8192
16528
1105
129
4097
8
4352
4176
2048
16392
8450
8240
472
5832
13568
9472
4608
4100
36
2048
16
130
8205
88
4224
2050
1540
16
2084
8
0
82
14336
769
138
1152
1540
404
16392
1344
1
6208
20488
16642
16385
259
3077
1802
4104
2181
256
642
2568
0
912
4097
392
616
5
4116
2328
8992
6170
136
5120
2064
1282
7
2
1024
10372
8256
898
1056
2052
276
202
268
132
8
9800
4226
1216
2569
2
1027
4
512
5156
0
26640
8193
2656
4288
34
18696
1536
1280
16411
0
4618
8723
18
8224
8192
65
16396
8448
8327
106
80
8840
1196
16385
4097
16448
2946