57
21
21
2065
49
13815
3326
2072
49152
10784
0
21211
130
20109
674
47981
15616
24913
264
156
18880
519
755
58402
4169
24578
613
1532
62192
17087
14400
17143
250
25220
49280
9217
255
43966
4609
33984
0
40459
25088
8260
132
2293
16894
22816
42752
10349
18564
255
18656
57966
25634
5806
8208
23665
18432
1533
200
19120
8543
21506
0
16900
164
51404
31712
48006
0
16638
178
2828
50716
64416
45312
255
17
56002
12608
514
10368
25508
33936
2368
60288
5367
0
374
34816
29529
516
1312
1261
8414
30720
60290
1280
12335
26864
1245
20496
367
643
375
1040
53234
676
129
246
4116
5550
16898
414
0
25600
61810
7580
5119
8768
4412
458
1111
735
455
4542
28744
32768
44068
2852
61858
8448
29124
1211
11522
2054
17149
2564
4349
8380
1454
39544
6646
9
16895
32176
222
4287
600
17630
38689
766
27263
4317
9
32
8628
28456
17456
20
7167
4120
51048
292
7354
3584
12432
2
4768
255
1006
16649
25600
16536
20639
42752
25918
30848
2048
28928
60956
4350
4479
498
58131
17086
16591
49152
510
21116
956
4847
4606
8701
4361
45696
20544
4360
50003
0
41425
4339
31875
51040
27552
58428
2557
0
305
2112
19692
8448
8192
494
8540
8685
234
8192
2088
2049
1056
8337
24960
31744
4384
1662
17118
35440
10436
54400
30798
1151
18942
19648
49280
136
1246
41472
58042
17408
1024
304
27246
2050
16894
64824
4096
8445
236
18436
814
272
411
528
8