1
256
64
1024
0
1024
256
16
16384
0
16384
1024
2048
0
16384
4096
512
0
4
2
0
16
0
0
256
1024
8192
0
16384
0
8
2048
0
8
0
0
0
256
512
0
4
8
8192
0
32
64
2048
0
0
16384
0
0
0
2048
0
0
8192
0
0
0
1
0
4096
0
32
8192
16
1024
32
8192
0
64
128
4
0
4
2
0
0
4
4096
128
0
0
0
16384
0
4
0
128
16
0
8192
0
0
0
0
16384
4096
0
0
0
0
0
0
512
0
512
0
512
0
32
0
2048
0
4096
256
0
0
8192
0
0
0
16
0
0
0
0
8192
0
0
8
0
0
0
512
4096
0
0
512
0
4
8
0
0
4096
2
512
0
0
64
64
8
0
1
4
1
2
0
0
0
512
8192
0
0
512
128
256
0
2048
128
0
0
64
2
16384
4096
0
0
0
0
0
0
0
0
8
16384
0
0
0
0
0
0
2
8192
1
0
0
16
8192
2048
0
0
1024
0
0
0
1
2
0
0
0
0
8
32
512
4
0
16
2048
0
1024
0
0
2
0
0
0
4096
0
256
0
0
0
0
0
0
0
8192
0
0
4
16
2048
0
1
128
0
2
16384
0
0
16384
1024
512
1