65
256
64
1024
49
1024
272
16
16384
64
17408
17408
2048
0
16384
4112
513
16
4
2
0
16
0
1024
8448
1024
8192
0
20480
8
8
2048
2048
12
16
0
2
256
8704
128
2052
16392
8192
16
32
1088
3072
128
0
16384
0
128
64
2048
1024
128
8194
0
0
64
9
0
4608
0
16416
8196
16
1024
160
8192
64
0
128
4
0
4
2
0
0
0
5120
130
16384
32
16384
16384
0
68
0
128
16
2
8192
0
512
0
64
16384
4096
128
0
8192
256
64
0
512
4096
512
0
512
0
32
16384
3072
8192
4096
320
0
0
8208
64
4
0
16
0
0
1
2
8192
0
1
0
1024
0
1
640
5120
64
16
4608
16
4100
72
128
2
4096
2
8704
0
128
64
64
12
16384
1
5
1
2
4
128
0
512
8192
64
64
512
129
16640
0
6144
2176
0
0
64
2
16384
4096
0
512
0
256
0
128
0
4
8
16400
0
0
256
1024
8192
512
66
8193
1
2
0
24
8192
0
0
0
1056
4
0
0
4097
2
0
0
0
0
520
32
512
4
1024
16
2048
0
1024
1024
1024
2
512
256
16384
4100
32
4352
16
0
0
0
0
0
2048
8192
4
0
5
144
2112
0
1
129
4
2
16386
2
0
16388
1024
576
1