57
256
64
1024
49
9216
272
1040
16384
64
1024
17536
2048
8192
16384
4116
513
16
4
2
0
16
0
1024
8448
1024
9216
0
21504
16392
1032
2080
2048
44
16
0
8194
256
8708
1152
2180
16392
8192
80
32
1088
3200
128
0
16416
512
2176
192
2052
1032
128
8194
0
512
64
41
0
4608
0
20512
8196
48
1025
224
8192
576
2
128
516
0
4100
2
0
256
1024
5120
162
16896
32
16392
16416
1024
100
0
192
16400
2
8192
256
512
32
0
16512
4224
132
0
8194
1280
192
16
544
5120
512
0
512
2048
32
16384
1024
24576
4096
320
64
128
8216
192
4
0
16
2
16384
17
3
8192
0
129
4096
1152
256
1025
640
7168
64
16
4608
16
12292
2120
128
8194
5120
2
8704
512
128
0
66
16396
16384
1
5
1
18
4
128
0
512
8192
64
64
16896
129
16640
1
6144
6272
0
0
64
2
17408
4096
8192
520
0
256
4096
128
0
4
8
16912
0
1
384
1024
8192
1536
66
8193
1
2
512
24
8192
1024
0
0
1056
4100
2048
0
4129
2
8192
1024
4
0
520
1056
512
4
1024
16
10240
0
1025
1024
1024
2
512
256
16640
4100
32
4352
24
16
512
4
2
8
2048
8224
4
0
5
656
2112
0
257
145
12
2
16386
130
1024
16388
1032
576
1