55865
65504
21
0
0
9216
288
1762
16768
38007
498
16851
2766
40932
16384
4116
52959
488
56807
2
57580
35579
480
1024
61928
1514
9630
768
21504
18207
1128
2080
2078
76
1004
0
56894
22964
8712
1124
59938
16392
24442
41796
34036
15590
38738
17281
62720
4018
65104
48973
15
63631
51857
38088
58541
250
36434
32
41
35023
21245
18050
20974
53699
51
57209
48279
41102
58684
44571
140
53234
43177
45497
386
11159
58192
1255
5438
186
60081
38534
57783
52854
633
58294
14672
184
53646
22919
42268
55459
27650
44543
0
16518
4236
46274
19768
9117
55450
56201
52351
65079
344
40234
16680
55955
6947
54461
25632
1522
61098
47245
33227
51670
33552
8312
41848
508
0
48371
42088
36589
39583
510
8427
6652
49407
4324
1913
41546
1310
579
63352
36894
208
4860
482
2061
2374
128
44513
40350
2
42432
974
478
38483
183
9844
61540
35199
43007
34518
452
34088
32783
44152
512
41684
16938
94
16896
64779
50009
1
40887
41758
0
39898
70
50566
17779
36944
48207
44630
207
376
12151
51536
48201
241
239
17387
51
47130
408
1024
8192
1711
125
5924
1
14
806
48722
59473
29352
754
62009
1040
53820
2366
38450
33088
460
29790
12937
63989
26072
41571
34679
51497
48524
1024
48302
37442
46500
36639
1407
30737
63068
41783
230
13123
4601
47190
21971
39231
34374
743
501
579
56860
2174
8236
48453
56848
5
868
57549
192
235
29701
43531
35340
16892
37027
1951
16388
64500
50619
1