57
21
19469
2027
49
9216
60186
46804
1400
34387
498
43197
2766
39127
16384
4116
12959
21958
51157
16073
36568
19686
22452
63954
20920
14139
59472
768
49096
60645
1128
47105
30686
30730
36298
62173
56894
22964
8712
38934
59938
16392
37158
41796
34036
39052
41718
64197
29344
4018
5100
48973
15
63631
20517
602
58541
250
58334
32
48561
22491
21245
18050
8558
53699
51
57209
41487
28026
53424
40333
140
53234
46101
45497
386
11159
58192
10825
5438
186
7181
56122
57783
51660
61389
62042
48800
184
53646
22919
42268
55459
27650
44543
0
16518
4236
46274
4720
9117
16130
38587
52351
28005
344
40234
50256
55955
71
54461
25632
1522
61098
19367
33227
51670
7716
8312
41848
22282
0
48371
42088
61427
39583
51968
52715
18170
5367
4324
1913
41546
46098
579
9320
36894
46012
4860
482
57817
2374
29026
6849
42108
2
42432
39590
478
50471
57225
35652
2866
48099
43007
35742
452
34088
32783
312
512
41684
16938
61718
2412
64779
50009
1201
40887
48074
52394
1834
70
50566
46101
36944
38637
33678
50025
376
163
51536
48201
241
239
17387
51
47130
408
37128
8192
53039
125
5924
1
7302
39442
48722
59473
29352
25952
62009
1040
53820
2366
59030
33088
21228
29790
12937
36009
26072
41571
34679
38943
3036
1024
48302
37442
46500
36639
1407
30737
63068
41783
230
13123
4601
47190
21971
39231
34374
743
501
579
2116
2174
28752
25447
56848
61475
868
57549
192
21249
29701
45615
10780
16892
11951
1951
38924
48128
50619
1