57
1068
31
134
640
16528
1025
132
3648
16385
2
9
5123
2176
32
2048
784
258
1024
1026
0
262
1024
72
32
2
32
8201
128
32
160
20992
1184
0
513
1
8194
512
1552
16384
4612
258
4
64
25600
10240
5376
2072
16640
4098
288
2176
8192
4096
65
320
16448
12
4608
224
4
1090
0
2
8708
19456
16
33
256
1312
128
8224
550
32
22528
2081
256
912
6
8264
16384
1792
513
9224
2052
2064
2050
5
128
104
3072
33
1536
8320
4160
16640
8196
544
16392
2050
96
578
24576
2048
16384
384
260
64
3584
16648
28
16388
0
32
152
8360
0
2080
22
24592
148
1
36
1408
1
28
4864
1
548
16384
0
0
2057
544
2
48
32
17408
1152
2112
4129
0
68
4102
16449
0
6672
2048
257
256
2176
544
8448
1540
1312
2
128
2
8
4168
16
6208
66
4
0
65
10240
1
8195
4160
1032
2
8
1024
260
548
0
0
9216
0
577
0
16516
544
40
1025
16640
140
0
16640
8224
1552
0
16400
20480
8196
0
8192
2564
256
50
32
4098
128
8
16640
10496
96
8192
33
16660
6144
16
320
2
0
13568
16448
257
0
80
66
1282
0
8194
144
16384
1280
24576
116
64
64
1088
16385
5124
272
2049
24576
128
768
16392
0
11266
4
320
140
8192
8290
4
20480
16416
32
130
4096
2049
1024