38912
65504
21
51352
56336
239
2420
6681
255
39343
56864
8584
2096
59060
16896
43743
44068
15967
37514
21700
51202
51505
14876
11887
47872
28704
2155
735
54816
520
45728
17467
367
44676
24688
18
2267
20671
4277
1344
61254
34351
32084
26712
15870
28261
60498
18781
552
8446
42596
33424
61440
5640
35604
12100
13553
27560
12388
22105
29910
19031
2114
256
46208
64376
16384
54053
8592
8311
8872
9220
55952
8712
52551
32828
8695
17920
9284
16384
27844
2678
16168
28147
17406
3894
474
4350
34512
6093
59072
65028
13791
22114
44644
12798
2084
1206
22724
10429
4143
8712
2783
42545
50895
510
342
6485
511
31331
38672
5314
11487
9454
64411
4418
40358
44282
2815
167
18496
512
20607
44921
4416
18407
56564
254
512
502
46593
493
40436
16134
30725
36
50107
49265
2294
50358
21904
25728
61156
42846
4384
16623
1518
18562
15871
65344
2488
6413
8543
24631
15442
63147
58440
59918
44472
57788
4597
54336
21008
26566
26920
10654
22364
18910
41552
16890
1856
42098
7000
12047
4612
35582
52736
528
2061
0
16644
17678
9250
43055
33902
46392
50448
4574
4096
45842
990
10708
12304
8236
54012
20752
45959
716
29837
123
33681
26718
511
21255
29839
10488
52828
41088
13058
58045
37876
38118
1696
3090
2994
18244
39966
270
43356
9252
48330
58979
27068
51839
1
29249
6
10495
19914
28238
51340
63448
16768
32524
18683
22688
25035
58454
39064
24
12670
513
19796
54630
15520
60269
74
16
1008
4269
13812
7734
25082
35652
50704
35062