38912
65504
21
0
0
255
2420
6809
191
39215
56872
8584
2080
58548
18944
43743
44084
14943
37515
21700
59394
51505
12828
11887
48896
24608
2123
734
54816
520
45728
17467
2415
44676
24692
26
2139
20670
4277
1344
61262
34351
32084
26712
15870
28197
60496
18781
616
8444
42724
33424
61952
5640
35636
12036
13521
27564
12396
22105
13526
19031
2114
256
46208
62328
16384
54053
8592
8311
8873
9220
55952
8712
52551
34876
8663
18048
1092
16384
27845
19062
16168
28147
17390
3894
474
4350
34512
5069
59073
65028
13787
22114
61028
12542
2596
1078
22724
10429
4143
8716
2783
42545
50831
510
342
22869
511
31335
38800
5314
11519
9326
65435
5442
39334
36090
2687
167
19520
513
20607
45049
4416
18407
56564
254
8704
498
46593
493
40436
7942
14341
4
50091
49265
2294
50358
21904
25728
61124
42846
4392
16623
1518
18562
15871
48960
3000
6413
24927
24631
15442
65195
58696
60942
44472
57756
4597
54336
16912
26567
26924
11678
22364
18910
41552
16890
1856
42610
7000
12047
5636
39678
52224
528
2061
4096
16644
17678
9254
43055
33902
46392
34064
4566
4096
37650
734
10740
12304
8238
55036
20784
45959
716
29837
121
33745
26718
511
17159
29839
10488
52828
41088
13058
58045
46068
38118
1664
3098
3002
18260
39966
14
43356
9252
64714
63075
10684
51839
257
31297
16390
10495
19914
32334
51596
63448
16768
16140
18683
22688
25035
58462
39064
24
29054
641
19924
56678
13472
60397
74
528
17392
4781
13556
7862
25082
35652
58896
35062