38912
65504
21
0
0
255
2420
2713
191
39214
56873
8584
2084
58516
18944
43743
44085
14942
37513
23748
59402
52529
12828
11887
48896
24608
2251
990
54820
536
45728
21563
2415
44676
24692
2074
2139
20670
4277
320
61254
34351
32084
26696
15870
28197
60752
18909
616
8444
42724
33424
61952
5644
35636
12036
12497
31660
12388
22105
13526
20055
3138
0
46208
62328
16384
54053
24976
119
8889
9220
55952
8712
52551
34868
8663
18048
1092
16384
27845
19062
12072
28147
17391
3638
474
4350
34496
5069
61121
64516
13791
22082
61028
12542
6692
1062
22724
10413
4135
8748
3807
42673
50895
8702
278
22805
511
31591
38800
5314
11519
8302
65467
5442
39334
36090
2685
1191
19648
513
20863
44921
5440
18343
40180
238
9728
496
46593
461
40444
7942
10245
16388
49835
49269
2294
50358
21904
25729
61124
42847
296
16623
1518
18560
15871
48960
2872
6413
24927
24615
31826
65194
58696
60942
60856
57757
4597
54336
16912
26567
26924
11676
22348
18906
41556
16890
1856
42610
7000
12047
5636
39676
52224
2576
2061
0
16644
17678
9252
41007
33898
46392
34576
4566
4098
37650
734
10740
12304
8234
55004
20752
45959
708
29901
89
50129
26718
511
17191
30351
10488
52956
41088
13059
58045
46069
54502
9856
1050
3002
18260
39998
14
43100
9252
60618
63043
10684
51839
257
31297
16390
10487
19906
32462
51596
63452
16768
7948
18675
22944
25039
57438
47256
152
29052
641
19924
56422
13472
60397
74
528
17392
4653
13556
7862
8698
35652
58960
35062