21765
11966
11905
11944
11947
11976
12025
12014
12010
12031
12014
12015
11947
12009
12018
11947
11980
11970
11974
11995
11947
12029
12014
12025
12024
12002
12004
12005
11947
11961
11941
11962
11963
11941
11960
11963
11947
11995
11973
11974
11947
12027
12007
12030
12012
11942
12002
12005
11905
11962
11962
11963
11947
11966
11963
11905
11961
11966
11966
11905
11915
11915
11915
11915
11915
11915
11915
11915
11915
11915
11915
11915
11915
11915
11915
11915
11915
11915
11915
11915
11915
11915
11915
11915
11915
11915
11915
11915
11915
11915
11915
11915
11915
11915
11915
11915
11915
11915
11915
11915
11915
11915
11915
11915
11915
11915
11915
11915
11915
11915
11915
11915
11915
11915
11915
11915
11915
11915
11915
11915
11915
11915
11915
11915
11915
11915
11915
11915
11915
11915
11915
11915
11915
11915
11915
11915
11915
11915
11915
11915
11915
11915
11915
11915
11915
11915
11915
11915
11915
11915
11848
11848
11848
11848
11848
11848
11848
11848
11848
11848
11848
11848
11848
11848
11848
11848
11848
11848
11848
11848
11848
11848
11848
11848
11848
11848
11848
11848
11848
11848
11848
11848
11848
11848
11848
11848
11848
11848
11848
11848
11848
11848
11848
11848
11848
11848
11848
11848
11848
11848
11848
11848
11882
11882
11915
11915
11915
11915
11915
11915
11915
11915
11915
11915
11915
11915
11915
11915
11915
11915
11915
11915
11915
11915
11915
11915
11915
11915
11915
11915
11915
11915
11915
11915
11915
11915
11915
11915
11915
11915
11915
11915
11915
11915
11915
11915
11915
11915
11915
11915
11915
11915
11892
11848
11848
11848
11848
11848
11848
11848
11848
11848
11848
11848
11848
11848
11848
11848
11848
11848
11848
11848
11848
11848
11848
11848
11848
11848
11848
11848
11848
11848
11848
11848
11848
11848
11848
11848
11848
11848
11848
11848
11848
11848
11848
11848
11848
11848
11848
11848
11848
11882
11882
11882
11915
11915
11915
11915
11915
11915
11915
11915
11892
11892
11892
11892
11892
11892
11892
11892
11892
11892
11892
11892
11892
11892
11892
11892
11892
11892
11892
11892
11892
11892
11892
11892
11892
11892
11892
11892
11892
11892
11892
11892
11892
11892
11892
11892
11892
11882
11915
11915
11915
11915
11915
11915
11915
11915
11892
11892
11892
11892
11848
11848
11848
11848
11848
11848
11848
11848
11848
11848
11848
11848
11848
11848
11848
11848
11848
11848
11848
11848
11848
11848
11848
11848
11848
11848
11848
11848
11848
11848
11848
11848
11848
11848
11848
11848
11848
11848
11848
11848
11882
11882
11882
11882
11882
11882
11915
11915
11915
11915
11915
11915
11915
11915
11915
11892
11892
11892
11892
11892
11892
11892
11892
11892
11892
11892
11892
11892
11892
11892
11892
11892
11892
11892
11892
11892
11892
11892
11892
11892
11892
11892
11892
11892
11892
11892
11892
11892
11892
11892
11892
11892
11892
11892
11892
11892
11892
11882
11882
11915
11915
11915
11915
11915
11915
11915
11915
11915
11915
11915
11915
11915
11915
11915
11915
11915
11915
11915
11915
11915
11915
11915
11915
11915
11915
11915
11915
11915
11915
11915
11915
11915
11915
11915
11915
11915
11915
11915