0
524
13
0
0
0
8
0
0
0
2048
4096
0
4096
4
0
1024
4
4096
0
0
4
0
0
1
0
0
0
0
0
2
0
0
0
0
0
1024
2
2048
0
16
64
0
0
16384
0
16
0
4
8
0
0
1024
16384
0
0
0
0
16
0
4096
0
0
0
0
0
0
1
4096
0
0
0
1
8
0
0
4
0
2048
4
4
0
0
16
8192
8
0
32
512
0
0
32
4096
0
512
1024
1
0
0
32
16384
0
4096
2
0
0
1024
256
32
0
0
1
0
8
0
0
8
16384
4
0
4096
1024
1
0
0
8192
0
0
64
2
4096
16384
0
0
2048
0
2
8
0
256
0
0
0
512
0
512
0
512
0
256
0
0
512
0
1
2048
8
16
128
0
16
1024
8
0
0
64
0
16384
0
256
0
0
0
4
0
2048
8192
512
4096
0
4
0
16384
8192
0
0
4096
0
64
0
0
0
0
64
2
256
4096
0
0
32
128
4
0
0
16
1024
0
128
0
1024
0
0
1024
4096
4096
0
0
0
32
128
32
0
0
8
0
0
0
128
0
4
0
0
0
8
0
0
0
256
0
32
0
0
256
512
0
0
256
0
0
128
2
128
0
0
0
16