65460
21
21
0
3
252
2418
2841
191
39208
56873
8580
2068
58514
18944
43551
44077
14958
37521
23746
59402
52721
12828
11887
48896
24800
2251
958
54852
539
45472
21563
2409
44676
24690
2074
2107
20670
4277
384
61126
34543
32084
26696
15870
28581
60720
18909
616
9212
42728
33424
62000
5652
35636
12036
12503
31660
12392
22105
13526
20119
3138
12
46208
62280
16384
53925
25232
71
8889
9224
55952
9096
52551
34868
8663
18048
1096
16390
27845
19062
12072
27955
17388
3638
282
4254
34496
5067
61121
64612
13785
22082
60932
12536
6884
1062
22772
10445
4135
8748
3807
42674
50895
8701
278
22805
463
31591
38800
5314
11519
8302
65083
5442
39328
36090
2685
1191
19616
525
20860
44153
5440
18343
40180
46
9728
508
46617
461
40420
7942
10243
16386
49835
49269
3062
51126
22160
25730
61092
42823
296
16623
1518
18688
15871
48966
2872
6413
24927
24615
31825
65322
58568
61326
60852
57745
4853
54384
16904
26567
26922
11674
22348
18906
41524
16866
1856
42994
6996
12095
5660
39676
52248
2576
2445
48
16644
17678
9276
41775
33898
46264
33808
4534
4098
37650
734
10740
12304
8234
54812
20744
45575
452
29901
90
50135
26706
127
17191
30447
10488
52924
41024
13059
58045
45685
54310
9856
1050
3002
18276
40190
782
43100
9252
60618
63091
10687
51836
129
31361
16774
10481
19874
32462
51596
63260
16774
7936
18675
22944
25047
57437
47232
248
29040
770
19934
57254
13496
60013
76
624
17392
4653
13368
7862
8698
35618
58960
35830