132
140
15
72
256
2050
0
0
2304
0
512
0
8192
1024
18432
4224
0
1024
0
2051
4
128
4096
8336
24576
0
1024
8192
2048
544
16384
0
1344
1600
2
20608
528
24
96
129
4
0
8192
48
256
6152
4
0
64
1032
32
1024
256
256
7168
1
17408
33
520
128
32
0
0
16544
2064
16400
2050
2
0
2178
1280
10
12
64
0
0
2048
1026
4352
128
0
1536
644
32
0
64
64
4144
0
1024
4100
2048
256
0
0
0
4352
1
16448
80
2048
289
16
0
16
513
8193
0
64
16448
0
16386
16385
512
4
4
64
2304
2
34
640
128
4096
1
0
0
64
2056
32
74
128
0
16
2564
1025
136
513
0
256
72
144
0
3
1
4100
0
64
2048
272
0
17
144
4224
12289
9216
512
4352
8196
4096
256
0
4
0
2176
2176
1028
24
2080
16385
32
64
12292
0
2
0
514
0
2048
0
1
16456
4096
16384
1
0
2048
264
8
2052
320
128
0
0
4112
4608
0
48
1
2064
2304
8832
40
256
0
11264
16640
32
0
1024
8320
16384
515
8
2049
0
8
14
6
0
0
0
0
2560
10
33
36
768
5
10
16
1
10240
20480
2048
2304
0
0
16385
0
4616
8194
2
8192
4
16384
0
256
8194
4130
20
2056
12
0
8
1088
18560