164
12
21
328
8448
2050
1
0
2304
16
512
1
0
1024
18440
4224
0
1024
16
2051
68
160
20480
8336
24580
0
1152
8448
2056
2592
16384
8192
9536
5696
2
20608
528
24
96
129
4
0
24576
32
2304
4104
4
0
64
1160
32
1024
256
16640
7168
1
17410
289
4616
132
32
4
1
20640
2064
16400
2082
8194
16384
3202
1344
10
8204
64
0
0
2048
1538
4384
128
16384
1536
1668
32
256
1088
96
4144
16
0
4164
2049
256
0
1
0
4352
1
16448
2128
2560
289
16
512
16
513
8193
0
2112
16448
256
16386
16385
512
4
4
64
2304
2
34
640
128
4096
9
0
2048
1088
2056
32
8266
128
4096
18
2565
1025
136
16897
1024
1280
72
16528
4096
3
33
4100
1024
64
2049
16
0
16401
16528
4224
12289
9216
512
4360
8196
4096
256
8
68
0
2176
2184
1028
24
18464
16385
32
66
12308
0
2
0
515
0
0
0
1
16456
4128
16384
1
0
2176
264
24
2052
320
128
0
4096
4116
5632
0
48
1
2576
2305
8836
296
288
512
10240
16672
544
0
1088
8336
16384
514
8
2049
4096
40
15
8198
16
16
2
2
2560
26
33
36
776
13
10
16
513
10240
16384
2112
2304
1
16384
16385
0
5640
24578
10
8192
4
16448
1024
256
8194
4130
20
2120
28
16
8
1092
2176