164
65504
16405
328
8448
18434
1
512
2304
16
512
1
512
1024
18568
4096
8
1280
16
2051
580
672
22528
8336
24580
0
1184
8448
2056
2608
16384
24576
9568
5704
18
20608
528
152
96
16513
16388
1024
25600
544
2304
4104
68
256
96
136
32
1024
288
16672
5120
1
17922
417
4616
644
34
4
17
20640
2064
16400
2082
10242
16384
3202
1344
2
8204
72
0
1024
2048
1538
4384
2176
18432
1536
1684
33
256
1600
224
4208
16
128
4164
2081
256
4
1
0
12544
129
16448
3152
2576
289
24
512
20
513
1
0
2112
17472
384
16418
24577
512
8196
4
2112
10496
66
16418
640
129
4608
4105
4
10240
1088
2088
2080
8266
4224
4097
18
2561
1029
648
16897
1024
3328
72
16528
4160
515
33
4100
1024
192
2049
80
0
16401
16528
4240
28673
11264
512
4376
8196
6144
257
8
68
64
2688
2184
1028
16408
18464
16385
4128
16450
12308
64
8194
0
1539
512
2
1
129
16712
5152
16384
1
0
2176
280
24
2054
1344
132
0
4096
4116
5632
128
2096
65
2640
2817
8836
296
800
512
10244
16672
560
0
1088
24720
16384
514
8
2049
4096
40
79
8262
16
528
8194
2
2560
26
32
548
777
141
10
272
513
10240
16386
2116
2306
1
16384
16385
0
5644
24578
2
8192
132
20544
1024
256
8192
4128
2068
2248
28
16
8
1604
2176