43776
65504
21
0
0
32194
48524
64288
2253
46963
4360
1
6144
60821
36166
4861
25169
53708
1527
57849
42500
704
52782
8943
24824
486
1187
8448
32288
2608
60776
25037
20416
24694
3672
52896
48192
26771
59876
16519
16954
1024
26624
2301
32556
26446
8171
58308
864
48882
54264
1024
272
28769
5216
616
22616
19658
35114
14015
7006
4
221
20640
14636
16784
20835
13946
0
3300
1466
229
8204
13247
31084
6731
4108
12879
4322
29647
18480
19942
25660
10931
15058
31841
248
4542
24808
128
17822
2398
61
48362
121
22064
17024
377
43042
23731
31219
18179
235
1016
61664
39625
29518
25789
2115
3904
44124
63884
24703
18545
17616
196
2112
48384
19964
16418
65168
64945
4710
32132
508
20336
55168
2072
2287
35539
4352
4134
11414
54294
25739
695
35976
1024
3199
60683
38336
16161
35692
13361
4292
1784
7608
15380
50416
0
16458
39948
4204
17561
16806
2941
25244
47732
6150
31392
14
60284
24704
451
2190
27655
53656
18590
16385
4287
16450
12308
422
63267
48484
24158
764
50
12458
25567
24688
5155
34389
1022
0
2559
100
101
29621
1344
40246
768
42240
4842
5824
22497
25344
15110
12036
55018
25344
17119
25178
20814
14288
16672
687
51298
1215
39015
16768
33190
458
56220
4249
183
58520
60152
25934
489
20592
53690
24384
26
398
8294
35296
579
18304
28000
513
10543
16386
34093
9640
4873
0
27375
255
61285
37344
973
20725
57676
50035
1279
12022
8348
4128
38061
57240
24030
32
28648
24642
3708