43776
65504
35601
0
0
19901
48524
64288
2253
46963
44798
60406
6144
60821
36166
62190
25169
53708
1527
34534
33264
57771
52782
63448
24824
486
1187
8448
32288
36115
60776
58798
3488
14933
3126
39805
23324
7534
43198
62304
16954
1024
60374
52434
32556
26446
8171
58308
864
48882
54264
1024
39848
8492
5216
47409
22616
19658
24048
14015
41250
4
221
20640
14636
16784
15583
13946
36028
3300
1466
57758
8204
60534
31084
45312
4108
12879
4322
29647
18480
13380
25660
50272
15058
31841
248
41063
24808
128
12868
2398
42721
48362
61211
22064
17024
377
31424
23731
31219
18179
61573
1016
60792
39625
29518
25789
42455
3904
44124
63884
24703
18545
17616
54353
51288
47499
19964
39988
65168
64945
19192
18953
508
20336
55168
54169
43375
13521
4352
1699
11414
54294
62725
695
31352
40942
3199
37248
11060
16161
35692
13361
4292
43990
7608
15380
50416
49515
16458
8565
26112
48840
39936
2561
35300
30439
3326
63296
53264
17408
1088
16416
0
191
16622
35433
8647
18126
20671
222
32
27460
2556
25953
55296
25088
13802
4606
53040
48416
51266
29872
24
59116
15222
17408
13320
130
27974
4370
16416
51716
34320
18560
8608
830
6720
44096
1025
19550
25762
47522
26048
28231
72
10978
1279
1346
41564
4512
2556
47047
8208
8383
96
510
254
23992
10240
4474
16620
47649
958
511
20482
49949
14820
22823
382
4559
502
39040
5142
2
1424
18231
26258
23048
36752
46558
52048
8192
9988
47572
1279
1537
18184
0
8705
17278
6144
40018
62976
2815