43577
65504
20
3
49
107
10908
59718
42563
20764
15295
62924
21999
47946
6051
34078
707
58336
16531
1041
65179
728
36876
57591
55973
56691
37646
42153
53716
32361
205
20559
42017
55463
55650
1081
62712
60736
2855
63727
33981
43331
4231
35537
18968
54244
53062
35145
44380
50195
55994
33826
59926
49479
19005
60057
11198
33302
4098
63784
4143
23325
30244
16621
59329
2931
2561
10788
14696
3428
10946
42685
104
38504
4774
16814
1496
924
2725
14327
22803
14748
45697
24824
5069
13212
40254
41061
59688
32720
64327
35858
52546
17504
16474
29450
14752
9200
51774
16419
63900
2808
5177
16525
15923
4968
53392
15575
8961
33163
27491
51189
21230
13166
41000
12211
32576
3913
46474
40777
55839
14853
32065
13551
31256
4850
57744
124
51579
20875
42103
49412
268
33248
61908
7747
42662
42002
40586
23072
4482
1301
4696
10007
22800
37948
1408
34970
29542
34139
39624
6673
44615
11955
27944
27209
22890
3688
1481
29822
32998
33249
64810
14120
9427
64212
2130
38420
20220
2553
37311
2723
17743
52339
5056
25797
16
55393
55376
8257
55602
17863
416
60120
45640
41586
52629
65408
12488
11063
16801
4222
8828
874
33354
22504
23408
58246
28937
13078
16528
2943
64744
55423
21132
43510
7680
57023
57984
817
55830
40875
16624
45848
22344
56965
21780
46759
50886
205
43764
39606
37396
23
30752
57286
18974
7319
14568
21228
29242
62139
17924
23033
60398
2311
18501
24793
2417
35689
44576
6854
11657
52229
17090
61262
55729
89
40972
18120
24809
22328
48967
36136
39716
27764