57
21
8541
8576
1312
360
72
16768
4164
25252
2241
36
5130
20488
26760
1065
1057
6156
4226
2112
194
4226
16512
18448
512
1380
17226
833
2062
25888
714
772
4360
33
3
8200
337
208
8
24662
1044
50
17152
10764
9216
1152
6272
16388
16672
24712
272
17416
1408
6312
34
8321
16392
914
560
2058
24578
32
8456
10
12288
16466
16512
4129
512
901
2049
4396
304
194
4
24960
17505
4116
8320
4224
2048
2068
192
36
8224
39
1284
8193
8266
1290
24648
1032
8320
2690
28672
577
2056
2148
16480
22
0
10244
32
2640
32
21033
16384
8449
2048
522
0
2504
52
16517
9217
2068
1298
96
2440
8330
29184
420
4104
17538
528
18568
16416
2058
145
8208
20484
258
1028
32
10016
2816
8196
768
4420
4864
8210
552
16450
17940
1184
8753
1280
16424
2048
12544
3220
2456
706
40
1608
1
512
512
16
16529
32
16448
6402
1920
2144
651
8
4
2080
532
385
24641
8257
4168
4622
9344
5
16
4280
257
192
137
5504
5122
2624
541
648
1542
14344
18432
1543
1152
544
2304
3100
208
4096
2086
24578
4097
3264
268
16393
16528
1168
17410
18689
17426
1541
3073
4618
64
12304
18
0
20993
41
25600
2308
4104
3072
8192
8704
4116
514
25728
16849
8212
140
4097
2048
8193
2074
12304
1024
6
4
4096
256
2634
300
9472
96
256
4243
130
19460
1042
8514
16
512
16514
25600
132
5378
8212