57
21
116
7
3104
2556
21120
51604
7700
10425
1007
12044
66
36622
17800
18944
55450
1152
54864
8412
18007
23255
2557
43139
2877
54354
6144
800
23068
3532
5098
55063
37842
13229
58240
36042
4683
17048
9426
535
36601
238
40035
3430
4575
19559
250
51102
15044
3276
8208
2042
18706
17846
7162
11399
40694
32513
19304
60906
22409
37421
51816
24585
37560
101
55233
13138
41126
64843
5311
27329
29161
20315
4
29594
2313
1095
4608
59772
49827
1528
38424
34371
10709
13036
7994
4426
2874
858
19836
28017
9567
15504
18623
26947
4152
8905
50584
24758
2113
50409
42704
30132
53218
51325
49295
4467
27849
56863
22619
42237
41585
32017
11122
54819
576
60234
17635
502
16514
16637
3084
16478
10792
22317
34294
2276
8472
63069
8999
2828
49744
7513
5219
42529
1028
5504
38812
12775
22954
49448
39739
7193
48437
10496
91
26458
62269
4426
399
32646
1790
38666
60484
17716
14632
8410
5881
4333
20518
17904
5965
16539
27068
1094
8446
8357
3319
8617
24519
45033
6398
45337
11098
25376
42084
29012
9471
28277
25588
4598
2112
18653
17410
6766
1479
29994
16486
5561
8737
777
20736
54481
7044
26385
62633
15044
10198
25887
734
33379
5522
37279
33017
510
3392
9737
3260
8684
27958
20999
42154
6380
13822
24900
10254
63641
59244
15658
32220
28564
9088
4580
459
23119
2928
2273
57193
49338
27717
44622
21526
4384
13309
9035
39636
33730
356
13108
28818
16968
21926
16511
352
6784
8926
58864
10554
2368
24810
44170
3070
25721
46104
58936