61
16405
21
7
49
2556
21120
51604
7700
10297
1006
27916
66
36750
16768
18944
39066
3456
53840
8412
18007
24279
18943
43147
2973
54354
6208
256
23068
3532
5098
55127
37778
12717
57984
36040
4943
19096
9430
567
36601
8430
40035
2406
4575
19559
218
51166
15054
7373
8704
2040
18706
18358
7146
11396
40950
16129
19304
58850
22409
37421
52040
24585
37561
357
55105
13142
40994
56587
5311
10945
20969
18265
1540
13210
2315
1095
6656
59756
49835
1528
38424
34369
10695
4844
7992
4426
818
858
23932
28017
13407
7312
18623
10571
4144
8909
52632
24726
2241
49385
42640
30132
52930
51309
49807
5491
26825
56861
6747
42221
42609
30993
15216
50787
576
60234
17635
502
16514
18685
15372
16506
2600
22313
34294
1252
8472
63069
25383
780
53840
7545
13411
42025
1028
6017
38876
13799
22954
50474
47923
6681
48949
8448
1107
26459
62301
4938
17807
32678
1790
46858
60516
17716
31016
8410
5881
4341
20582
17904
5965
28827
28093
71
8380
10405
3191
8617
22471
49097
6366
41241
8986
25376
42020
29020
9439
28285
27636
20982
2112
18653
17410
7790
1478
30058
230
5561
8353
779
28928
54993
7044
25361
54441
6860
10198
25887
8926
33346
5522
37343
33017
382
3392
9737
3324
8685
28022
21063
42155
6380
13814
24900
11278
61592
51052
32042
32156
28564
14208
4580
457
23119
3952
2273
40809
49578
27719
44638
21526
4388
14333
13131
39621
35778
356
9012
28826
16968
21894
16767
480
6784
25566
58608
10555
2112
24810
44168
3070
25689
46080
58936