57
69
21
199
49
2350
21056
51610
7444
10489
622
28099
58
36750
17084
18944
38922
3576
54054
8528
18119
24491
18940
43076
2933
54354
6968
508
22816
3574
4916
55144
37865
12962
57984
36087
4943
19032
9398
951
36601
8334
39939
2406
4191
19623
208
50402
15054
7373
8704
1536
19050
18246
7130
11406
40944
16136
19297
58834
22417
37573
51968
24585
37567
357
55105
13142
41350
56781
5299
10975
20969
18241
1476
12826
2411
1095
6656
59756
49835
1766
38818
34396
10695
4828
7988
4681
906
18
23954
28018
13471
7263
18635
10571
4144
8957
52632
24726
2049
49385
42768
30020
52738
51309
49911
5645
26821
56859
6747
42186
42609
31153
15216
50784
573
60102
18403
426
16610
18683
15468
16506
2600
22345
34246
1816
8472
63261
25407
972
53832
7297
13795
42025
1052
5310
38874
13803
22996
50474
48115
6897
48953
8516
1109
26331
62317
5050
17807
32689
1933
46166
60856
17672
31198
8378
5887
4226
20966
17907
5973
28923
28114
144
8356
10405
3191
8534
22489
49097
6494
41412
8834
25248
42844
29276
10177
28237
27636
20982
2112
18653
17410
7790
1502
30054
230
5593
8365
784
28928
55121
6660
25353
54388
6928
9241
25903
8914
33469
5528
37615
33737
259
3392
9481
3312
8674
28342
21115
42139
6355
13446
24900
11374
61592
51040
32042
32135
28187
13870
4584
262
23536
4088
2249
40873
49562
28487
44654
21526
4392
14333
12859
39619
35022
354
8908
28924
16920
21917
16764
95
6784
25446
58575
10811
2496
24714
44168
2944
25689
46080
58936