447
63456
29
64600
16433
56747
1524
57413
3784
20484
42448
37130
6134
13979
15
2803
34864
17455
16606
1042
17887
195
37039
33712
16417
32
57116
25184
1103
12793
56665
23069
40444
34627
58721
42184
13202
16512
47241
16089
20
1524
10836
23466
31028
12499
6629
3864
17652
61647
3387
64099
4196
4495
33513
65
32352
8297
4997
55540
42799
1189
1239
17681
7364
64195
16749
2115
26352
2260
2552
65520
47451
54150
22577
4167
4557
52655
4980
9023
56625
5865
2578
16299
39478
51934
2964
37483
18500
50866
2798
51390
16912
15015
2731
915
12749
62543
12777
16583
48420
2726
23878
26831
20618
8606
462
17118
20463
25579
16804
59783
20694
4572
4214
61365
19727
3555
16439
22765
37212
48711
43466
13695
16394
42831
40016
43281
41599
8549
49601
10872
590
12699
19438
38290
17
9702
16408
22673
4273
19333
61790
6184
39205
53060
4619
2424
8723
7722
588
1755
53416
5120
10231
2
2236
14854
16625
5507
52656
6774
20828
53079
49997
21440
62298
43
60543
27852
60366
55159
619
1024
1314
627
1133
41871
9286
50186
51535
1158
19272
6772
3548
724
17063
55564
4157
16218
51441
58282
11520
52545
59158
8500
8448
24805
2809
402
36858
59869
4348
2281
730
16766
2376
50406
60787
8239
16790
4857
16756
16764
8512
59462
54408
16802
287
17354
8624
50543
3775
8192
10752
60535
14174
1218
8857
47763
44094
4966
17412
1496
3205
463
62907
9581
6773
23495
1857
65451
52904
770
17085
17028
8450
258
16388
24987
19526
39973
63900
59232
2516
607