1455
46
29
64600
49
64937
1524
57413
8136
20500
42193
38154
6142
13979
15
2683
34872
17455
16606
1046
16863
193
32943
33712
16417
16424
57108
25185
1098
12745
56697
23065
52732
34627
34145
44232
13234
16576
47755
16025
2068
4084
10836
7082
31024
13523
7077
3856
17660
62159
3387
63587
5156
4494
33769
8257
32352
8281
4741
55796
42927
1189
1751
18193
7364
64192
16749
10311
26352
2524
2552
65520
47450
54022
22561
4167
4300
52654
5108
9023
56625
5833
2578
16303
39478
52190
2996
33387
18502
59314
2798
51390
1552
6823
2731
2451
12741
46159
12521
17623
48420
2182
23910
26831
20618
8606
1486
17118
20463
25579
17332
61831
16598
12764
4470
60853
19855
3553
16407
22765
35164
65103
43466
13631
16906
41807
40000
44305
45693
357
49603
10872
622
12699
19438
38290
4113
10214
16536
22681
4337
19205
61724
6184
38949
52996
4611
1400
25107
7978
9036
731
37032
5124
2039
4098
3261
14926
16601
13699
52624
2166
22876
53079
49989
20928
62296
45
60541
26860
60396
54119
17003
1024
5426
2673
5229
43919
25670
50186
49487
17542
2888
6772
3292
21204
679
55565
4157
32594
59633
58274
11520
50497
50998
8500
9480
24805
2681
434
36602
59869
4350
2281
17098
16734
2376
50374
60787
8239
16670
4849
16756
17788
10592
59718
54920
20898
8479
17355
8624
50543
3775
24640
10752
60983
14166
1219
9881
64147
44218
4966
17668
1496
3205
2511
46515
9577
7025
23375
1858
65451
51880
258
17085
17092
8482
259
17408
24971
19526
39973
64156
59360
2500
603