57
46
29
64600
49
64921
1524
57413
7944
20500
42321
38154
6094
13723
15
2680
34904
17455
17374
1046
16863
199
32943
33712
17185
16424
57100
25185
1066
12745
56703
23065
52732
34595
34017
45000
13226
16576
47755
16025
2068
3316
10580
7114
31216
13523
7077
3872
17660
62159
3579
63587
5348
4494
33769
8305
32352
9049
4741
55796
42927
1125
1767
18289
7364
63936
16737
10279
26304
2524
2360
65520
47450
54118
22561
4167
4300
52654
5108
8895
56625
5833
2594
16300
39430
52189
2988
33387
18502
59314
2786
51389
1552
6823
2728
2451
12741
46159
12521
17627
48420
2206
23910
26831
20618
8606
1486
17112
20271
25579
17364
61831
16597
12767
4470
60853
19855
3559
16407
22765
35164
65100
43466
13503
16906
41775
40000
44305
45757
357
49603
10824
606
12699
19438
38290
4113
10238
16632
22681
4337
19205
61740
6184
38949
52996
4611
1400
25109
7962
9084
731
37032
5220
1991
4110
3389
14926
16617
13699
52880
2166
23132
53079
49989
20952
62302
45
60925
26860
60396
54103
17003
1216
5428
2673
5230
43916
25669
50186
49487
17566
2120
6775
3308
20948
679
55566
4157
32594
59761
58286
11520
50561
50230
8372
9480
24806
2681
434
36602
60125
4326
2281
17146
16734
2376
50374
60739
9007
16664
4849
17012
17776
10592
59782
54664
20898
8479
17363
8624
50551
3775
24688
10848
60975
14166
1221
9881
64139
44218
4838
17924
1496
3206
2519
46515
9577
7025
23375
1858
65451
51912
306
17117
17092
8484
261
17408
24907
20294
40357
64144
59384
2503
599