57
46
21
64600
49
64897
1524
57461
7944
20500
42590
38322
6094
13723
113
2680
35752
17511
17374
1046
16863
52
32943
33772
17203
16424
56368
25119
1066
12745
56839
23201
52514
34653
34017
45000
12438
16576
47755
16025
2071
3308
10580
6966
31108
13523
7077
3872
17660
62159
3579
63587
5348
4550
33557
8305
32361
9135
4741
55760
42971
1051
1781
18174
7382
63936
16737
10264
26304
2524
2356
64648
47452
53782
22543
4167
4300
52573
5108
8895
56625
5851
2626
16305
39430
52189
3006
33444
18501
59296
2910
51389
1543
6842
2712
2451
12779
46912
12512
17627
48698
2262
23910
26831
20666
8606
1486
16939
20465
25579
17364
61831
16604
12767
4470
60853
19507
3559
16407
22681
35186
65164
43466
13503
16954
41775
39983
44305
45757
261
49660
10772
622
12684
19438
38290
4318
10166
16440
22681
4337
19205
61740
6184
38949
52996
4635
1400
25109
7938
9060
539
37028
5220
1960
4110
3389
14926
16439
13701
52991
2166
23132
53183
49989
20928
62376
45
60925
26860
60191
54103
17003
1374
5460
2673
5374
43916
25669
50194
49487
18321
2120
6775
3308
20946
679
55580
4530
32576
59761
58286
11523
50607
50234
8264
9366
24806
2681
426
36418
60125
4320
2281
17146
16734
2744
50374
60739
9007
16776
4849
17052
17776
10592
59782
54651
21210
8467
17363
8624
50551
3777
25472
10752
61043
13384
1221
9697
63893
44218
4825
17972
1412
3257
2519
46515
9585
7025
23475
1802
65448
51912
172
17325
17092
8482
261
17471
24855
20294
40441
64144
59384
2615
599