57
46
21
64600
193
64957
1524
57477
7943
20708
42590
38322
6070
13723
113
2680
35672
17511
17318
1046
16863
59
32943
33763
17212
16438
56512
25327
1046
12601
56839
23201
52570
34627
34013
44999
12390
16432
47799
16037
2159
3308
10587
6966
31108
13347
7077
4048
17660
62159
3527
63635
5348
4568
33557
8305
32409
9175
4741
55584
42949
1051
1771
18054
7206
63936
16737
10276
26296
2468
2356
64648
47456
53782
22545
4219
4300
52547
5098
8865
56625
5851
2686
16318
39430
52189
2894
33451
18523
59296
2990
51397
1543
6837
2711
2403
12779
47024
12512
17639
48706
2262
23910
26807
20666
8606
1522
16949
20478
25579
17324
61951
16608
12737
4486
60741
19651
3351
16407
22681
35150
65164
43510
13503
17098
41775
39983
44305
45731
381
49660
10772
622
12788
19440
38290
4322
10166
16440
22681
4335
19205
61780
6184
38949
53116
4647
1348
25109
7938
9048
747
37028
5220
1960
4110
3389
15038
16439
13701
52871
2152
23132
53191
49989
20928
62375
45
60685
26851
60161
54104
17003
1374
5540
2689
5134
43916
25669
50402
49487
18273
2120
6775
3299
20946
599
55580
4524
32576
59761
58286
11523
50607
50234
8308
9352
24806
2663
466
36429
60125
4248
2281
17146
16734
2632
50374
60739
9007
16820
4849
17052
17776
10607
59834
54651
21154
8555
17363
8588
50552
3777
25487
10782
61043
13360
1221
9697
63913
44218
4825
18116
1532
3145
2519
46515
9585
7025
23475
1797
65462
51768
144
17325
17084
8478
501
17456
25063
20346
40441
64144
59384
2639
599