57
65504
2078
47547
49
30817
1528
57387
7944
54479
42585
38153
5902
13679
23
2735
15688
17711
17058
1449
56332
4296
1840
32879
17199
2974
57235
25500
1454
13263
56391
64008
52237
34395
34145
44962
12888
16829
48056
15718
6282
3642
11644
6836
30722
13456
32237
55952
19706
52160
1543
41451
5348
4215
15589
1850
21726
64031
4997
55498
42447
1129
1579
17942
7364
63936
8669
10535
26598
2787
43762
57100
47162
21935
43916
4191
27278
25364
5111
8704
56577
59059
738
15443
40970
49938
948
33451
18592
58968
3037
51532
1744
7257
2897
37422
50907
46159
39775
17693
48593
2270
23910
18639
1058
52733
1410
17286
18223
24869
17364
34450
29007
7611
43293
55815
19530
3207
16778
4214
34915
38614
35082
5247
49814
23395
34401
38562
43738
325
33955
42287
960
12666
19214
38034
45451
10226
55472
22609
64483
19205
61778
44733
39141
52996
515
41701
25109
7938
8709
1755
45360
37543
1995
1389
37281
6452
17135
15743
52976
35027
23199
53073
33605
61697
48044
45
47701
26956
32750
38892
54455
1024
40344
9410
5363
48051
25979
50482
49204
17564
2221
23159
47292
60571
673
54518
19685
8238
27827
57425
11532
50207
42774
8269
42345
18708
49406
434
36581
24999
59702
2832
17159
16766
2440
50367
60785
8527
16920
4108
16951
18366
10617
59649
40862
10667
48453
17395
8694
51063
1721
16496
62848
49230
13738
1221
11872
25052
46294
4884
45108
56429
39313
2327
21967
9321
6382
24367
61653
65107
20546
8348
25309
17092
8489
53508
60176
25161
20152
27562
31796
59390
54217
855