37689
42
21
0
0
42998
33912
16384
8436
25070
38679
2048
17904
27126
8200
36081
2527
5605
4853
13748
50456
4096
4096
16516
3072
45221
42379
47087
7367
8415
10486
14020
4672
63677
27308
8196
10059
8274
13756
57036
9402
47018
800
544
272
10273
9182
2301
1408
10223
14878
46805
15129
29173
28755
160
4360
47829
990
447
8320
30829
50232
4606
25054
52927
5821
0
2558
40757
1535
61363
3304
1534
57068
25170
29102
506
53810
35848
2
11805
1279
25434
214
49289
44962
8708
45392
252
20133
1025
124
64945
27647
223
57792
55229
543
33937
42167
62229
256
14848
58800
2560
0
8192
61089
58481
7272
53730
35096
12814
6682
40714
39678
255
62738
11538
5424
52233
58374
16392
4847
52739
63113
3
37144
62830
256
511
36923
59258
9216
55133
34286
30188
20586
56181
0
9448
446
60236
223
38480
13563
51119
26880
14402
7115
34985
386
39630
20278
29268
60514
28357
41172
18194
8639
27998
30582
512
41234
2687
235
507
12511
39564
16043
56500
30182
34913
4396
30882
1313
17979
2048
41368
39948
51494
35947
4862
16144
42521
11
22922
8702
59442
64898
162
15106
190
5578
26251
54963
493
55924
1247
19246
4108
10047
160
9996
51816
64258
59909
20059
15710
4351
24592
55850
18833
61020
0
1502
16
58574
46579
47666
502
51040
18975
245
7071
24639
55591
33975
15414
38823
22652
37460
21012
4350
28972
11
175
1104
2057
17928
258
4136
57886
16
5016
16676
27921
56400
62245
9770
8741
25086
3464
5120
60671