57
42
21
4
16
42998
35960
16384
8436
25070
38679
2048
17905
27126
8201
36081
2527
5621
4853
12724
50488
4096
5120
16524
3080
47269
42379
47086
7383
8415
10486
30404
4672
61629
27310
4
10059
8274
13756
65228
9402
47018
928
544
272
10289
9182
2269
1920
10223
14910
46801
15128
29173
28755
8352
4352
47829
990
439
8321
28781
50232
4606
27102
52927
5821
4
2494
40757
1535
44979
3272
510
57069
25298
29166
504
53810
35848
16386
11805
3327
25438
198
49289
44963
8708
45392
252
20135
1025
124
64929
27645
223
57728
54973
543
38033
42135
62228
16640
14336
60848
2560
0
8208
61057
50289
7272
54754
35160
12878
6674
40714
39678
191
58642
12050
5936
52297
58374
16424
4845
52995
63113
1027
37176
61806
288
511
36923
59386
9220
55133
34278
30190
4202
56181
0
9448
430
60236
223
38480
13562
50095
26880
14418
7115
43177
386
39502
20246
25172
58466
20165
41172
18194
8639
27996
30070
16896
41234
2687
171
507
12511
39564
16043
56500
29926
34915
4396
30882
3361
26171
2048
41368
39940
51494
44139
4862
12048
42521
11
22922
8702
59440
65410
160
15106
190
5578
26251
54961
493
55924
3295
19246
4108
10047
672
9996
51784
47874
59909
20057
15710
4223
24592
51754
18833
61020
16
1534
16
58574
46577
43570
502
51040
18975
245
7071
25663
55599
33975
31798
38823
22652
37460
22036
4350
29100
11
175
1104
6153
17416
258
4136
57878
16
5016
16676
27921
56400
62373
9770
8741
25086
3464
5120
60670