441
10
19
2052
49
42902
35960
16416
9188
25070
38679
2048
17905
27122
8233
36087
2514
5617
4849
12468
50488
4100
5216
16524
3096
47269
42379
47074
7383
8287
10482
30404
4672
61629
26798
36
10123
8275
13756
65230
8378
47018
928
568
275
10813
9178
2265
1920
10159
14893
46289
15128
28789
29779
8352
12556
47813
974
4535
8465
28777
50232
4862
31198
52957
13989
12
2494
40757
18175
44979
3336
318
57069
25299
29134
8702
53778
35848
16450
11804
4095
8286
222
49337
44963
8710
45136
252
20135
1217
8316
64801
27645
238
57472
38525
1583
33937
42007
62229
16736
14360
60854
2784
176
9232
61059
50291
8040
54370
35224
12878
6672
38674
39678
191
58642
12042
5936
52809
60422
17448
4717
52997
63112
1227
37177
61742
416
511
37947
59386
9316
55133
34278
22006
4202
56181
0
9444
2478
60244
211
38480
13556
50111
26880
14386
5067
43177
8626
39502
20246
25164
58467
20293
41168
17434
8679
27984
13750
16896
41234
2687
939
507
12503
47756
16059
56502
29926
34915
4396
14498
3361
26167
3072
41368
39972
59686
44139
4862
11536
42497
19
22962
8314
59440
57217
164
10242
190
5578
18059
54967
16861
55924
3135
19310
4108
10047
672
9994
51784
47234
59909
20077
15710
12415
24584
52970
18897
61020
20
1950
16
60622
46581
43570
494
51040
16927
181
7065
25919
55599
34487
31797
38823
23036
38452
22036
4558
29088
2059
1231
1104
6665
17417
310
4128
57878
16
5054
16676
27911
56400
62117
9770
8749
25598
11592
5128
60648