56
56
56
0
136
129
4161
30
320
16772
8196
8216
1
7424
208
18496
560
4256
3
1032
8192
0
1152
10306
2080
8204
2
4100
8192
264
3089
580
17408
24
17
256
24576
128
20480
8704
2308
192
72
2376
3584
16384
128
512
768
2
32
136
2176
4160
5312
1024
6276
6152
4104
9248
322
264
2050
512
5120
2112
2176
16409
258
8448
4098
8192
261
2
16456
129
10528
16384
514
8520
16385
129
2
9
10240
0
16384
8
1668
8
8
288
520
134
1088
256
2
8512
256
11265
576
16
17536
3104
36
8321
4354
1
5125
16388
4616
9220
16480
8
130
780
16384
128
2050
16385
136
1
12320
49
8209
16404
9096
5
1548
16392
128
4096
520
4624
8193
16
2049
4112
19584
2080
4608
266
224
2324
16912
66
8224
6288
10496
10768
24736
2562
11520
512
9217
0
12304
536
16
2056
20544
4640
2570
8
76
16408
8705
517
82
6144
6664
20480
73
576
8640
6
9216
37
9216
12
18464
4128
16384
2048
8
64
16
4
266
33
130
20992
129
130
640
4108
128
8192
8228
256
4096
516
322
2048
280
256
2272
9536
1024
4192
258
0
640
2304
8224
16384
8576
1538
258
256
576
2
1312
8
1045
64
20480
4672
641
4161
1033
4096
3088
17
17672
4368
8
1026
1
548
8
1282
8336
512
20736
4106
544
2048
776
9344
16385
544
256
0
18952
1536