57
168
2079
8320
152
432
1088
4276
1728
20481
32
9
5121
2188
32
2048
536
131
1
9218
0
16642
1281
1104
20512
288
32
9256
8208
160
16417
21004
160
273
256
1043
9222
516
1538
16392
772
1282
4098
0
1044
26624
20752
2056
16640
4106
5409
6784
10244
4097
16465
66
17440
12
4608
40
68
1186
256
1026
8196
3140
16928
33
8192
1024
34
8224
558
16416
30720
16433
768
936
14
8
32
1088
581
8457
12
2080
18438
17
160
8
19520
1
1552
642
4096
17160
8192
4640
16464
16403
72
579
128
2048
21504
256
260
516
2304
17418
2064
0
16384
40
4488
24616
1024
26657
8210
24640
8852
33
2080
1280
521
4
4360
65
534
1024
72
2688
41
16928
2056
32
1056
1024
4224
10432
5121
16392
72
6294
16576
2048
4624
2052
18689
272
129
64
8196
1537
1058
12290
2192
0
264
5184
17
6144
4162
148
2
4160
26624
1
18435
8
1048
2194
9
17448
2308
548
1
12288
9344
32
649
256
17536
4608
2048
3
16388
136
4144
20736
160
524
12552
16
29056
14340
0
9216
18980
256
4146
2080
4098
136
8
20736
2306
120
264
545
400
15368
16
324
17440
12288
12608
16512
3329
0
4432
1346
1280
16384
8256
1168
16896
1032
10244
2288
8768
0
9220
1
9220
16656
512
8452
2176
532
16464
1120
11274
16400
16736
648
2048
1382
16900
16448
18464
17440
128
20480
2080
16768