313
168
31
8320
49
432
1024
180
1728
20545
40
11
13313
2188
288
2304
664
16515
33
9218
4096
16642
1281
1104
20512
288
32
25640
16
160
16417
21004
128
401
2304
1043
9223
516
1538
16392
1796
1282
4102
0
1044
26624
20752
2312
16640
10
5409
6816
10308
12289
16465
66
17952
4
4608
42
68
1186
320
1042
8196
3140
16928
33
8192
1040
38
8352
558
16416
30720
16433
768
936
8206
264
32
1089
709
12553
12
2080
18438
1041
160
1032
19520
1
3600
674
4097
17160
8192
4640
80
17427
104
579
128
2048
21504
256
292
532
2304
17418
2064
16
16386
40
4488
8232
0
26913
8210
24641
8852
289
2208
9472
585
4
4364
65
662
1025
1096
2688
41
16928
2120
96
1056
1280
4256
10448
5121
16392
8264
6295
16576
0
4624
2116
18817
272
129
0
8196
9729
1122
12290
2192
0
264
5184
17
6144
4160
132
3
4096
27136
257
18435
8
1032
2194
9
17448
18692
548
1
13312
9344
2080
649
256
1152
4608
0
2
16389
136
4144
22784
160
524
12552
16
29056
14372
2
9472
18980
0
4146
2080
4130
8328
40
20736
2306
120
264
547
144
15368
16
8516
21536
12292
12608
16516
3361
8192
4176
5442
17664
16416
8512
1040
18944
1288
10244
2288
9024
0
9284
1
9220
17680
1536
8452
2688
532
16464
5216
10250
16400
16736
648
10240
1383
16900
17472
16416
17440
1152
20481
2080
16768