57
168
1055
8320
49
432
1024
176
1744
20545
40
267
13313
2188
288
2306
920
18563
8225
9218
4096
16642
3329
1104
21024
288
0
27688
16
160
16417
21004
128
401
2306
1027
9222
516
1538
16392
1924
1282
4102
0
1045
26625
20752
2312
16640
2
5409
6817
10308
12297
16465
66
17952
4
4612
554
64
1184
320
1042
8196
3140
21024
161
8192
1168
4134
9376
556
16384
30721
24625
776
936
8206
264
32
1601
708
12553
12
3104
18438
1041
160
17416
17472
17
3600
672
4097
17161
8192
4640
16
19475
104
579
128
2048
23552
256
292
532
2308
1034
2096
20
16386
16424
4488
40
8192
27041
8722
24641
8853
801
2720
9472
4681
6
4108
65
4758
1025
1128
2688
169
16928
2112
32
1184
1280
4256
10448
5121
16392
8280
6279
24768
0
4656
2116
18819
272
129
8192
8228
9729
1122
12290
2064
32
264
5312
81
4096
4160
132
2051
4096
28160
257
2051
8
1032
2194
9
17512
18820
548
16385
12288
9344
2081
17033
256
1152
4608
0
2
16453
168
4144
22784
160
780
12680
8208
29088
14372
0
11520
18468
16384
20530
2080
4130
12424
40
20737
2370
120
264
547
144
11272
16
8516
5152
4100
12612
16512
3361
8192
4176
5442
19712
16416
8512
3088
18944
17672
8196
2288
9024
256
9284
1025
9222
17744
1536
8448
2696
16916
16592
5216
10506
16400
16736
17032
10240
1379
16900
17472
16544
17440
1152
20481
10272
16768