57
103
21
9094
49
432
1024
179
1707
20545
192
267
13319
2186
288
2306
920
18659
8278
9217
4108
16642
3452
1104
21024
492
92
27688
19
160
16437
21028
168
335
2330
1027
9370
900
1538
16446
1924
1438
4102
0
1813
26878
20758
2312
16880
26
5601
6941
10308
13209
17233
845
17936
140
4660
562
67
1126
320
1249
8388
3204
21006
185
8336
1246
4518
9498
556
16768
30721
24625
1012
936
8310
264
32
1977
729
12554
243
3104
18558
1102
192
17424
17856
17
3696
672
4145
17182
8552
4640
8
19460
148
703
256
2048
23552
512
158
539
2308
1330
2057
116
16428
17192
4744
120
8238
27047
8722
24741
8857
833
2720
9728
4681
393
4300
5
4502
1083
1118
2432
113
16848
2112
52
1184
1304
4256
10573
5169
16388
8280
6279
24768
96
4656
2507
18816
368
153
8317
8228
9729
1052
12290
2064
32
368
5324
847
4207
4160
900
2939
4215
28206
513
2283
196
1031
2194
202
17526
19064
684
16397
12305
9350
2113
17095
256
1155
4644
222
98
17085
976
4150
23283
163
978
12719
8214
29088
14564
40
11392
18468
16492
21309
2848
4108
13236
40
20737
2626
888
264
763
136
11472
47
8580
5176
4875
12728
16448
3662
8308
4135
5442
19732
17184
8524
3104
19040
17928
8196
2111
8286
367
9284
1913
9279
17772
1295
8271
2689
16660
16592
5908
10380
16436
16988
16982
10468
1379
16904
17475
16672
17464
1152
20487
10272
16768