57
409
491
9078
463
430
1024
322
1580
20670
192
260
13577
2181
423
2332
902
18925
8616
9217
4099
16893
3459
1104
21470
492
418
28104
236
80
16699
21410
168
320
2330
1507
9572
900
2044
16446
1915
1390
4345
510
1901
26848
20758
2312
16776
26
5614
6945
10682
13209
17233
834
18401
364
4811
717
76
1444
320
1279
8388
3450
21503
185
8606
1070
4521
9493
556
16768
30974
24895
1019
976
8310
264
32
1977
807
12564
269
3100
18800
1201
192
17647
17848
497
3712
728
4145
17377
8342
4816
505
19512
107
833
134
2048
24049
512
352
611
2548
1485
2294
438
16428
17192
4727
120
8225
27048
8722
24916
8854
591
2655
9728
5033
393
4306
5
4454
1083
1118
2161
113
16848
2112
42
1184
1529
4256
10573
5326
16388
8617
6264
24639
126
4817
2507
18800
399
102
8579
8228
9742
1260
12290
2064
478
142
5180
689
4497
4542
900
2745
4489
28382
1023
2283
59
1031
2188
202
17526
19334
724
16403
12695
9591
2246
17087
511
1275
4632
222
412
17085
800
4297
23549
163
978
12639
8425
29088
14363
40
11586
18475
16464
21309
3039
4114
13192
215
20977
2637
646
459
756
120
11470
47
8700
5319
4875
12615
16575
3774
8435
4569
5565
19752
17360
8524
3374
19036
18063
8203
2111
8256
428
9276
1913
9423
17554
1295
8589
2686
16868
16431
5908
10484
16443
17234
16982
10468
1379
16948
17587
16606
17607
1182
20487
10463
16767