57
21
138
8500
49
17181
3601
1091
17428
8259
24910
6347
68
1441
235
9462
586
4342
5015
10865
3180
35
4831
12076
4186
24737
537
5870
4066
576
1
13755
6400
4237
27244
10049
116
17184
21192
678
284
1851
2301
436
2886
2101
476
20794
8523
8475
6592
625
4
2960
9220
12735
3062
20493
160
9646
9470
18526
12716
16805
20423
18947
16416
8768
8816
776
8257
358
5100
2642
12449
744
19749
4223
4107
2608
12868
2348
10312
1464
10270
3985
7454
5650
887
2283
4190
8497
50
3504
17515
9438
1060
1387
13302
9032
15118
1894
32
8349
17038
333
21632
8847
17060
17051
8331
18061
17707
19142
447
18560
26310
6779
1664
626
24671
5261
370
572
603
8948
5640
2168
8288
2279
864
13454
8464
332
26012
11874
3027
50
2604
5358
9761
5234
2907
22645
2563
16517
8444
16470
5074
1894
5601
24695
3
4112
6365
4245
27754
8270
40
16634
36
10674
4552
16552
230
4463
18172
14480
575
8869
5104
8925
1173
25610
292
25552
29234
8241
311
7356
16512
10138
8851
7009
947
1368
19029
16398
11312
8256
1313
17176
4624
2262
10323
21909
9704
20638
4597
2105
17276
61
4587
830
4919
25240
41
3204
24820
2348
2555
18006
10384
8364
12
25042
8781
782
9159
280
770
5232
9741
56
2614
6195
1690
24781
464
198
16475
1582
1929
16732
19634
1396
683
1936
12192
25764
26630
1078
3382
2488
4341
16518
13913
6471
8686
8443
6203
428
29329
18761
848
104