34816
65504
21
0
0
20307
18802
8452
23240
34365
54508
15272
47453
23686
6318
15302
40688
53785
8320
49466
47194
13715
10430
10862
45280
60956
33859
40424
55507
54756
24634
38596
58344
64268
4104
38907
59927
36081
4580
6105
20416
537
40962
64400
5524
3487
7264
46212
8560
45519
53695
557
8249
3200
47192
35470
42824
10332
10484
17226
56017
16259
16636
12410
56704
48865
974
60129
32376
32629
27768
24996
53200
789
10964
59169
10272
43987
64568
47036
1254
37711
38876
38565
4508
40001
42466
8432
35770
28583
248
59001
11840
6190
61026
14481
11936
48620
56234
58845
59676
514
2970
400
3263
651
26156
52434
4558
31271
48162
34952
46720
20487
25592
22541
6576
60286
2048
28077
54984
48266
40806
5212
21060
8857
46652
39617
32896
6572
16385
677
8248
39520
145
18370
9048
23725
36036
4112
24720
65414
35820
9362
7942
64247
48460
29351
52972
11883
61024
57001
47232
606
39042
42059
58994
58556
29436
188
58112
34016
7130
26732
4160
15766
62824
30294
17535
7920
21674
16865
62597
47160
28704
27810
62880
15713
17020
28801
64412
46980
36672
33450
42185
64005
5890
44581
48128
54083
17954
48311
28672
17475
56836
11718
752
60589
48198
22543
2858
41756
30498
27749
61480
6676
7452
2501
40960
1256
48380
32430
21452
45248
8359
1040
0
13405
119
44703
59292
38132
33358
11480
4672
23761
39568
31515
24711
0
42472
7441
18673
33520
53394
58658
49676
59953
43904
56901
2108
28543
2544
26581
8693
50681
49012
1608
47640
18492
48996
44923
30440
58
65314
8320