34816
65504
21
0
1024
24403
18802
8452
23240
34349
54504
31656
63837
23686
6574
15302
40688
54041
8320
49466
47322
13715
10431
27246
45284
60956
33891
40424
53459
54764
24634
46788
58344
64269
4104
38907
60055
36085
4324
6105
20288
529
40962
64400
5524
3519
7266
46212
8560
46031
53695
685
8241
3264
47192
35470
42828
10332
10484
19274
56017
12163
17148
12414
56704
48873
9166
60129
32376
32629
27760
24996
53200
789
10964
59233
10336
43987
64572
46908
1250
37710
34780
38565
4500
40001
42482
8432
35754
28583
248
59001
11840
6190
65122
14481
11936
48622
56232
58717
59676
8706
2458
8592
3263
2699
26158
36050
4558
23079
48162
34953
46720
20487
25592
22605
6576
60286
2560
28076
53960
48266
57190
5213
23108
8857
46652
39873
32896
6572
16385
17061
8240
39648
145
18370
9048
22701
36036
4112
16528
65415
39916
9426
7942
64247
48460
29351
52972
11883
60992
57001
47232
606
39042
58443
58994
58548
29436
189
58112
33888
6618
26732
4168
15830
61800
29270
17535
7904
22186
16864
64645
47160
28706
27810
62880
15712
17276
28801
64476
46724
36676
33450
44233
64133
5890
36389
48384
54019
17954
44215
28672
17473
56836
11718
752
61101
48214
22575
2858
41500
30499
26725
61480
6708
7452
2501
40960
1768
48381
32430
21453
45248
9383
1024
0
13389
118
44687
59292
38132
33358
11480
4672
23761
39569
31507
24711
4096
42472
7443
18673
33522
49298
58658
49676
59953
35712
56901
2110
28671
2480
26581
8693
50553
49012
1608
47640
16444
48996
36731
30442
1082
65315
8576