2064
18956
77
137
8448
0
0
16512
128
24576
201
2176
5122
16384
1032
1040
1
17416
4610
16384
8256
4096
4224
16412
1024
1032
320
576
2048
8224
8200
512
4162
32
8194
8208
8448
1104
8232
8204
6
258
256
16896
0
1184
8704
2
256
16416
16408
8
417
2464
2048
0
8200
896
2080
0
8196
32
72
0
8224
0
16385
1
3072
132
2305
6148
24
1025
768
128
4128
4
16384
4130
0
8
0
4129
288
2080
2054
8196
2560
514
16384
5120
146
18688
16452
33
16416
2336
96
20
0
8448
0
10752
0
2565
64
8192
592
49
768
320
1024
16545
8192
512
1026
0
2048
256
26624
4
8320
16400
4624
128
4096
3
25
16
2
2304
1088
4096
11264
2176
520
512
256
4352
2
16896
8256
548
36
8193
9216
64
2048
6400
144
40
10
64
17952
4224
512
64
18448
8720
0
0
0
640
10240
1536
8208
5
8224
32
2049
8200
8705
2048
5156
0
1281
0
256
6400
192
130
1056
4608
128
4
9
0
8192
0
576
168
1536
257
5136
16
4100
2306
64
304
1089
4104
16385
128
1024
16386
18432
16
2052
256
0
16400
4097
16
4096
32
32
144
20
64
1
0
8960
2
42
8192
24704
260
128
0
10
2049
8
4144
256
770
10
64
8
6152
16392
258
4144
16384
16
130
16420
8192
578
8208
530
8194
24704
2192
5376
5