57
21
2282
4101
1718
15039
31640
7034
61294
36489
15192
28327
5097
63521
24878
7875
136
449
37578
63133
48204
4889
59700
58990
55971
2528
64250
46412
30636
24211
742
20776
33907
26217
51192
1929
23314
60895
3774
899
3110
60653
32121
27380
33380
7877
21396
12255
1404
9399
39840
23282
58929
35523
20586
60167
10317
9297
3315
64232
46419
23304
12448
27184
63281
787
51162
30838
63896
55080
26999
60452
44038
51970
22812
3387
31666
36133
7224
13045
53264
23888
29271
15453
10887
12081
32707
45106
39165
40611
18465
46823
29311
43581
36361
30779
28821
704
3198
25318
19456
50175
3958
26706
20698
2064
58267
37313
8256
20215
48467
38197
47910
50675
4103
24622
24472
18364
14685
33066
52631
40515
56992
14309
44032
28721
58553
21385
8
28982
959
10840
23648
31312
7090
8131
25629
1935
54200
52210
6586
61671
4769
33505
30905
3552
6534
35317
48466
105
39926
46302
38620
57805
28416
42076
25216
42448
6528
27039
1111
34009
12612
63823
54209
19197
19514
34181
15563
8458
2904
23268
63756
40353
62506
30590
17000
31451
45422
34015
39487
4187
40042
59410
64096
38939
8971
65420
42166
15580
51046
5758
10913
24865
41551
50331
792
59853
44867
52634
16716
10660
41037
18068
25501
35373
17985
64765
19686
25044
52001
18167
96
45909
46816
19238
20816
9352
1308
23473
16843
16513
50361
33350
44159
1694
21634
31216
35784
44476
45786
21232
20151
37000
35240
45685
9046
33516
19737
57688
36222
24236
60415
25281
25443
19185
12722
22517
41358
19032
52222
22269
30271
1753
33592
51566