57
21
2282
4101
49
15039
23448
7034
44910
36489
15193
28327
5097
63521
24870
16067
136
449
37578
63133
48204
4889
59700
42606
55969
2532
64250
46412
30636
23699
4838
20776
34163
26217
51192
1929
23314
60895
3838
903
2086
60909
32121
31476
41572
7885
29588
12255
1404
9399
39840
23154
58933
35555
21098
60167
10313
9297
3315
64232
46451
23304
12960
27184
55089
531
51162
30966
64920
55080
26999
60452
44070
51970
22796
3131
31666
36645
7226
4853
49168
23888
29271
15453
10919
12209
32707
45170
39165
40867
18465
46839
29311
43837
36377
30779
20629
704
3198
25318
19456
50175
3942
30802
20682
2072
58267
37185
8256
20215
48467
38196
47910
50675
4099
24622
24472
18364
14685
33066
36247
48707
56993
14309
44096
28721
58553
21385
8
20790
9151
2648
21600
23120
7090
8147
25629
1951
54200
52218
6458
62183
4769
33505
26809
3552
6566
35317
48466
105
39926
38110
38620
57837
28416
42060
25216
42448
6528
26911
1111
34009
12612
63823
54209
19453
19506
34180
14539
12554
2905
21220
63820
40353
61482
30718
25192
31323
47470
34527
55871
4185
35946
59410
64104
38939
11019
65420
42166
15580
50022
5886
10913
16673
41679
52379
536
59789
36675
52634
24908
10676
41293
18068
25501
35373
17989
63741
19702
27092
52017
18167
96
37717
47072
19238
20816
9352
1052
24497
18891
16513
50361
33350
44159
1566
21634
31216
35784
44220
45790
21232
20151
37000
33192
45685
8982
33516
19737
57688
36222
7852
59903
24769
25443
19169
13234
22517
41358
19032
52158
22271
30271
1753
33592
51534