57
21
21
4229
49
15031
23448
7035
44908
34441
13145
28327
4585
63521
24870
16003
138
449
37450
62621
64588
4889
43316
41582
55969
10724
56058
46348
30636
19603
4838
28968
34163
26217
51192
1801
23442
60927
3838
901
2094
60653
32121
31444
41572
7885
29588
11999
1532
9399
37792
23154
63029
35554
21098
60163
2121
8273
3315
64232
46451
23304
12960
27184
38705
530
51162
30964
64920
55081
26999
59428
44198
51970
22796
3131
29618
36645
3130
4849
49170
23888
29271
31837
10919
12209
32707
36978
39165
36771
18469
46847
29309
43325
36369
30779
20629
704
7294
25318
19456
50173
3942
30802
20682
2072
58267
37185
8256
20214
48467
38204
47910
50674
4097
24618
23448
18364
14717
33066
36247
48707
56993
14317
60480
28721
60601
21385
8
16694
13247
2648
21600
23152
2994
8151
24605
1951
54200
52218
6202
62183
4769
33505
26809
3552
6566
35829
48466
105
56310
40158
38556
57837
27392
42060
25216
42449
6530
26911
1111
34009
4420
61775
54209
19437
19507
34182
14531
12554
2905
21220
61772
40353
61738
30718
29288
31323
47470
34527
55871
5209
35946
59418
47720
38939
11019
65416
42162
15582
50022
5886
10913
16801
41167
52378
536
59789
36675
52635
24900
10676
41293
18068
25501
35389
17989
63741
19698
27124
52017
18103
96
37717
47072
19239
20817
9352
1052
24561
18891
16512
54457
33350
44159
17950
21698
31216
35784
44220
45790
21232
20151
38024
33194
45669
8982
33517
19737
57688
36222
5804
60927
24705
25443
19137
13242
22525
33166
19032
60350
22267
30271
1737
33592
51534