41785
42
21
0
0
49214
41562
6936
44764
34521
2749
28263
4629
63943
46332
15972
115
15
37455
55437
64556
5094
43570
32399
56159
47633
24160
46540
30636
19567
48094
29153
34188
26262
21244
22954
12102
60672
54194
895
2286
61043
32134
45525
41556
7722
5693
11808
60170
48743
37804
10073
58014
24757
21097
59548
30553
8657
41106
64238
46451
23304
12911
27343
16369
820
42872
30914
64614
54991
65069
59482
37462
51969
23039
3083
28850
33240
31361
4718
41883
23726
26853
32673
60932
12209
11887
32797
39171
36764
18646
46655
29261
43582
36592
30779
20845
832
45595
25062
19456
24424
3966
14212
20533
1458
54547
3848
2516
20240
48467
1199
34024
50494
4542
23905
23130
18370
14877
33237
4391
48828
56993
14125
43440
9809
61370
64824
776
16838
13183
47313
60954
23171
62507
7657
24804
1951
54200
51974
6234
61976
39955
33310
3113
39054
47892
35593
18870
113
46705
40126
38818
28538
1934
42108
2531
9881
6535
24391
1449
5493
4290
54573
54078
18965
19699
4703
48789
12535
764
21146
60288
40377
61734
30718
3243
31380
33238
9565
56024
58690
34992
59610
47246
39140
11115
64648
22518
15582
31451
5888
10945
57552
41263
52383
50356
44462
59127
52571
20443
10708
41394
18068
25437
20133
17993
47916
19602
26729
52174
56028
108
37547
46879
19224
54751
9239
1028
306
58863
55201
55201
33350
44159
18157
53053
31216
35639
44099
45790
21232
26599
30239
54143
46053
52285
33518
18988
31420
36225
49218
55438
24766
25440
19089
13178
22502
25798
61511
59998
22116
709
31231
33729
33743