57
20011
21
19715
0
49214
44640
6936
55524
62434
2749
40818
33569
63943
46332
15972
115
15
25459
13216
64556
5094
45896
32399
12151
47633
24160
5095
30636
19567
48094
29153
34188
26262
25630
25293
12102
60672
54194
895
2286
61043
40880
8704
4992
7722
20843
11808
39530
63689
37804
10073
46650
24757
51103
59548
58057
8657
47308
64238
46451
23304
15789
27343
16369
17269
42872
61957
30446
55828
65069
6817
37462
14410
23039
3083
59902
33240
31361
7357
41883
23726
1161
54260
20312
12209
11887
53620
61787
36764
18646
46655
29261
43582
36592
30779
20845
832
45595
58028
19456
35533
3966
23378
20533
1458
54547
31859
40620
48253
55745
31006
34024
50494
4542
23905
37442
18370
14877
7875
16287
48828
34453
16296
7468
9809
61370
25527
776
16838
13183
47313
60954
23171
3249
38512
24804
46257
54200
51974
49662
61976
63905
33310
3113
39054
47892
35593
22346
113
46705
40126
52538
28538
21032
42108
14463
9881
6535
36070
33353
5493
19556
16336
54078
18965
19699
4703
48789
12535
22950
39749
60288
54886
1236
30718
3243
39749
33238
45251
56024
29356
34992
59610
7750
51101
27941
64648
22518
32667
52121
5888
32897
15249
26291
52383
50356
50803
59127
52571
32931
42653
41394
65525
25437
35186
50405
47916
19602
26729
13216
56028
108
23893
46879
45295
20663
9239
1028
12557
58863
61566
38459
33350
44159
18157
53053
31216
35639
8744
45790
21232
26599
59144
18537
59088
52285
33518
18988
31420
36225
49218
55438
24766
25440
19089
37222
22502
25798
61511
63832
26975
709
31231
33729
33743