57
65504
21
52992
49
49214
40532
6936
37852
62434
2749
40818
33569
63943
14830
8789
115
15
25459
13216
64556
5094
45896
32399
7519
33503
24160
5095
61812
2898
48094
11427
34188
6773
25630
25293
12102
60672
54194
895
2286
61043
40880
26538
54868
43517
65341
11808
39530
63689
13690
10073
64722
24757
51103
57189
58057
1944
15506
55475
16439
23304
15789
27343
15281
17269
42872
61957
64682
55828
65069
6817
35342
14410
23039
40128
40370
60222
31027
7357
41883
22109
41015
54260
20312
5212
11887
53620
61787
36764
13692
16100
8085
43582
25490
30779
20845
832
45595
58028
19456
10856
3966
32797
60261
1458
54547
21000
40620
48253
52563
31006
29816
11356
63308
23905
37442
18370
14877
5452
16287
7626
34453
16296
7468
9809
23998
40633
34184
16838
13183
42062
60954
23171
3249
38512
24804
17704
54200
45691
24690
61976
63905
33310
3113
39054
47892
35593
22346
113
46705
40126
21362
28538
21032
23777
47843
9881
6535
61096
33353
54228
19556
2093
3666
18965
8781
4703
32493
12535
22950
39749
1576
54886
58150
29519
3243
39749
33238
45251
31780
29356
34992
59610
910
27435
27941
64648
24958
32667
52121
59457
32897
15249
26291
52383
50356
45230
34609
52571
21979
19924
15848
65525
19345
35186
50405
24974
19602
26729
13216
56028
27332
23893
9331
45295
54023
9239
1028
12557
51987
61566
38459
31847
44159
9740
53053
31216
35639
5187
45790
19977
54807
59144
18537
59088
41041
33518
10046
26573
36225
44625
48028
715
7800
19089
37222
22502
25798
61511
63832
26975
709
31231
18117
14800