36409
65504
17687
3
2613
18942
16385
51476
6676
188
4094
9993
256
52250
19072
20000
51227
1280
56408
2269
1845
21015
4606
43557
3007
40034
0
64
6860
1438
4606
53591
37841
11173
50112
36491
9771
17936
12754
131
52988
231
40056
1518
4319
20333
218
50270
4160
10957
48
1510
0
1270
14591
9351
46806
30475
2688
60522
32505
38524
35656
8192
37488
4128
61376
9026
33958
60747
5343
27617
31228
18298
4
29586
12433
1123
4096
64373
37024
4094
33328
33985
10742
10223
8126
4332
2492
4874
3336
27953
14171
15542
16639
9537
4098
27331
38296
16567
6161
64680
42704
4532
60912
34876
33421
4451
15576
53261
25675
59065
47736
31088
9078
55101
64
58187
16883
2260
17024
255
1026
238
8
21501
33214
2294
288
46719
11014
11012
49680
13571
5121
50977
18048
5508
34204
15301
20986
58648
35615
6177
48176
256
80
9766
61709
266
8399
29958
4223
38178
61004
19764
31544
222
5052
251
4386
466
4936
127
18940
1024
238
2085
237
30891
22527
44969
16639
46105
15194
25440
33892
32592
244
11477
11188
4598
16640
16797
1026
3181
1527
32170
17088
7356
644
8
25872
38865
13728
26561
55721
15046
12742
25941
8959
33315
22418
33182
57587
239
2304
24649
2303
8196
27834
515
42150
18639
250
25590
4108
61983
50540
13674
15068
16022
6784
4596
507
11214
6912
2791
56931
50070
27749
41550
21686
32
9213
27499
39639
33698
0
13238
12306
2
21698
16511
97
23284
1278
58849
10650
2064
8418
44034
510
17661
37448
58232