57
664
109
36
73
2299
4118
24704
815
30884
18761
2594
5133
4120
2094
9657
234
248
4480
527
880
4102
17632
16602
536
1148
838
64
2289
28694
122
542
5172
248
332
8192
640
8284
16407
24879
53
470
892
1616
768
64
510
17822
628
19352
448
1043
16796
2272
266
168
17658
372
3036
242
24961
2155
544
8328
12779
16630
18817
4639
2096
164
1041
4200
122
1110
176
335
1872
163
8372
4364
6551
244
32
296
15
2189
326
8764
188
1445
24595
1214
2672
2143
24672
773
126
2084
72
90
638
9200
1072
2738
1260
518
200
25596
957
429
14
331
224
17098
8227
401
17414
2088
2303
848
24816
2848
756
17338
4660
248
20979
2844
2049
1111
18216
286
1484
154
9550
800
12990
543
485
20988
10225
810
16958
603
3
382
9344
1488
18904
12600
16453
30
128
34
1920
152
498
515
128
8408
122
16783
4224
924
2630
700
491
2875
12056
798
530
8360
8349
15149
21249
65
2
864
4378
256
4262
1230
1931
4206
2902
106
4443
17417
24807
17268
1548
88
3660
228
3285
58
268
45
376
4355
636
17162
18678
146
1062
17445
18528
8212
8711
10312
534
30
80
2842
450
4144
650
9352
279
8271
1049
780
8704
352
28
8904
17500
16709
0
497
63
18
177
4444
240
8454
1008
128
78
2966
2360
428
55
960
7071
130
17421
1010
482
492
8251
304
17164
1398
13414
388