16
18444
77
129
8448
0
0
16512
128
24576
193
2048
5120
16384
8
1024
33
16392
4610
0
8256
4096
4224
16404
1024
1064
320
64
2048
8224
8200
512
4160
32
8194
8192
8448
80
8200
8204
4
2
768
512
0
160
512
2
256
16416
16408
8
385
2336
0
128
8
384
2080
0
8192
32
72
0
8224
0
16384
1
2048
132
257
6148
24
1024
256
128
4128
4
16512
4130
0
0
0
4128
288
2080
6
8196
512
2
24576
1024
130
2304
16448
33
32
2336
96
20
0
8448
0
2560
0
2561
0
8192
80
33
256
320
1024
16513
0
512
1026
0
2048
0
24576
4
128
16384
4624
128
0
2
24
16
0
256
1024
4096
9216
2048
512
512
256
4352
2
16896
64
548
32
8193
9216
64
18432
6400
144
40
2
0
17920
128
512
0
2064
8208
0
16384
4096
640
2048
512
16
5
8224
32
1
8200
8705
0
4132
0
1281
0
0
4352
192
128
1056
4608
128
12
9
0
8192
0
576
160
1536
1
5136
16
4096
258
0
288
1088
4104
16385
128
1024
16386
18432
16
2052
256
0
16400
4096
16
4096
0
32
16
20
0
0
0
8960
2
10
8192
24704
260
128
0
8
1
8
48
256
770
8
64
8
2056
16392
258
4128
0
16
130
16420
0
576
16
18
2
24576
2176
5120
5