28
8332
4563
5206
262
2
96
576
2720
16388
8963
8192
768
27
2275
4608
129
1226
1072
10382
2052
8192
4672
72
24579
1024
1728
0
2224
1056
16384
896
346
1030
2817
21272
17298
24
1130
161
412
592
8192
60
387
7363
8252
8204
1126
824
32
10016
2304
4352
6912
49
17154
44
512
8352
4
1052
198
20576
16464
16768
18826
8192
10
393
1200
16
106
756
16414
8270
80
4146
12388
128
1024
9476
152
4136
15
88
2158
5148
2072
100
12492
2332
128
4312
4
263
20764
97
16388
88
26624
37
26
39
16544
17073
8194
3
267
16388
64
66
16392
8706
84
16390
105
704
2146
8226
414
8
9216
4109
8214
36
112
2050
768
8206
10
436
134
2656
1025
17356
15
2048
2464
576
698
1024
179
23
836
716
472
4576
260
1027
24
144
4355
10448
12292
1632
12
420
2052
53
4224
8224
2376
128
2088
5248
464
18484
24658
140
4256
12288
17472
926
8672
4618
4102
3265
1412
4137
25472
4736
18437
4867
712
3072
456
16409
2436
0
16563
48
25
528
4124
8291
163
76
54
2412
12804
9
1054
4486
2328
16832
1388
16388
160
9112
560
512
832
18960
12
16410
68
16384
770
12289
96
16388
3592
78
561
56
608
904
8
2456
779
780
7042
224
293
16444
5135
16385
1056
4993
8226
0
8600
4104
800
2096
16834
28676
224
16
8
527
199
116
227
256