28
8332
21
5202
4358
2
96
578
19112
18436
8707
8321
1792
59
2274
4640
16513
3274
1076
14478
2049
8192
4672
1096
24611
0
5824
16384
2224
9312
16384
17280
282
1030
6945
21272
16786
2072
1146
161
156
592
9216
316
259
6339
8252
4108
1122
2872
32
1824
256
4352
6913
17
17218
4136
2
8352
1060
1052
198
20640
16592
16640
16778
8704
4618
397
1168
16
234
756
16414
8302
88
12338
12900
1152
17408
11526
152
4137
12303
88
18542
5148
2072
356
12492
3357
136
4344
4
263
20764
99
16388
344
27648
2085
16410
37
16552
17328
8226
35
267
16388
64
322
16392
8834
80
16390
41
740
2154
8738
414
8
8192
13
10262
4
113
2050
8448
8206
8202
180
134
2656
1
17356
271
10752
2464
576
2746
17472
55
21
2884
716
1496
4546
788
1027
4120
148
4871
10704
12294
608
4620
388
6212
53
4224
8288
10572
130
2088
5256
1488
2100
24658
140
4320
12288
17440
9118
25568
4619
4358
193
1412
20521
25540
4768
18469
4643
9160
7168
392
25
10628
256
16627
304
1049
4624
4124
12387
227
79
54
2412
12800
2057
3102
5542
2072
16720
1388
16384
17568
9105
8752
16896
768
18448
156
16394
68
16512
1792
13317
104
16420
3624
78
49
17464
624
904
264
2456
779
780
7046
736
37
16444
5391
16385
17504
5025
8227
0
408
4360
800
2352
16834
28676
224
144
8
527
87
244
739
257