19001
65504
22807
11349
49
903
614
701
19031
18436
17169
8321
29976
453
2274
4831
45713
3274
1076
21153
32789
8192
4672
1462
24611
510
5950
16384
34536
53658
16894
17279
282
1030
14848
21272
16786
2072
1412
161
18354
12503
35369
7783
508
6339
38250
27451
11410
33641
223
1758
256
4607
30775
495
17084
18191
508
8542
1060
1506
198
20640
31342
16640
16757
35395
13368
115
1168
239
27229
756
16414
31195
422
42778
53815
23503
41551
27465
103
4137
12528
167
31975
14707
2534
356
12339
3357
119
4103
29529
21847
20764
99
16890
29193
28158
2266
16868
218
16726
17328
34188
35
267
31710
446
18097
26982
57183
30914
16633
214
740
2197
36487
96
502
34682
13
10262
251
113
62208
8448
8206
51982
180
121
2656
1159
34113
14457
35720
37812
43606
23761
21836
55
21
2884
6852
1496
28623
788
30354
4120
148
29343
10704
44947
926
4851
388
6212
41992
24864
8606
11605
380
2263
5239
10964
17777
36948
28700
4382
12798
17631
25163
25568
4619
4344
62
1412
20951
33774
37395
18469
4643
9015
7168
392
3028
10362
19389
16396
14575
7385
5102
4124
43811
285
23413
13455
2451
20679
28096
3102
24433
2279
16815
1170
38094
42031
55009
39538
26577
1023
18448
354
25057
10268
38232
1792
13562
104
16420
4054
50510
9745
17607
624
904
8411
2150
779
754
6776
736
7621
32430
5616
25070
37966
4958
10189
43232
408
4360
991
2352
37170
28923
224
111
502
1009
87
244
6936
34301