54272
65504
21
0
0
17827
36452
701
19031
18436
17169
23179
58656
453
43612
4831
45713
14858
14248
21153
32789
8192
4672
1462
8008
55582
5950
16384
34536
53658
55748
17279
282
42182
14848
21272
16786
2072
8600
161
18354
43207
35369
7783
508
22139
38250
2843
11410
33641
223
1758
13312
4607
48794
11865
17084
18191
508
63658
1060
1506
7156
63328
31342
16640
5930
9865
13368
115
44896
239
27229
52116
16414
59433
422
42778
53815
23503
41551
27465
103
2891
12528
26739
31975
37093
2534
356
12339
3357
40644
4103
8366
21847
20764
99
65460
29193
61752
2266
8408
218
16726
17328
34188
35
38564
31710
4516
18097
26982
3311
64612
16633
214
49716
2197
14263
44288
502
38436
13
10262
16527
59038
36096
8448
8206
2104
8220
121
58208
1159
34113
46408
35720
15112
43606
23761
21836
8322
37589
2884
30532
1496
28623
788
30354
28176
41428
29343
10704
44947
49390
4851
388
38392
41992
54272
8606
11605
380
18876
21171
10964
17777
36948
49788
4382
12798
17631
30639
25568
10373
4344
62
1412
63317
33774
54395
60494
4643
9015
7168
42192
18868
41888
19389
16396
49745
22464
5102
49464
43811
285
20461
13455
7493
19320
55744
13752
24433
2279
16815
37320
63826
42031
28081
39538
32067
1023
13648
33608
25057
54176
38232
1792
13562
20096
16420
4054
1266
9745
36871
624
20888
8411
9022
59362
57438
6776
56800
56082
32430
5616
25070
46724
4958
10189
43232
39008
4360
991
2352
37170
28923
224
111
502
53067
16292
244
6936
34301