54272
42
21
0
0
670
36452
701
9551
16635
17169
40821
48916
50104
43612
59088
45713
14858
14248
21153
61677
49387
4672
1462
8008
29957
5950
16384
47536
27773
18312
17279
282
38053
14848
21272
14958
2072
12326
161
18354
43207
35369
7783
41168
22139
38250
2843
11410
18232
223
40056
13312
4607
48794
57890
64900
18191
508
63658
35756
34920
45176
63328
31342
16640
49128
7750
9460
115
25114
239
27229
52116
16414
59433
422
42778
40937
23503
41551
27465
13763
36856
58012
49865
20113
37093
2534
356
12339
37826
40644
64682
47696
21847
20764
40194
65460
29193
61752
42101
48498
218
35462
17328
34188
35
38564
31710
4516
18097
26982
3311
51186
16633
214
20671
38943
14263
44288
502
38436
56343
10262
16527
59038
7809
48512
8206
57782
8220
121
58208
1159
34113
46408
31743
15112
16075
62905
21836
8322
37589
53284
30532
47942
28623
43648
30354
28176
41428
29343
34206
44947
35923
4851
388
7868
41992
46176
41725
11605
380
18876
21171
10964
17777
18092
49788
4382
55123
17631
30639
13106
10373
38296
62
55762
63317
33774
33297
1580
61292
5759
7168
42192
18868
3436
19389
41872
49745
22464
42797
18806
43811
285
20461
13455
3454
19320
55744
13752
60582
2279
16815
37320
44419
42031
28081
39538
25456
1023
48806
33608
25057
4080
38232
1792
13562
20096
16420
4054
1266
9745
36871
624
20888
8411
40847
57596
24489
43408
28151
34344
32430
5616
25070
46724
4958
10189
14063
39008
4360
63211
2352
33084
28923
224
50301
26882
23888
53164
60663
45338
15614