57
21
21
56317
0
44953
36452
701
9551
56809
59143
8799
48916
45227
43612
57025
42369
53753
65174
21153
42713
49387
4672
1462
8008
19692
49956
16384
47536
27773
18312
17279
282
23940
14848
21272
14958
2072
31450
161
16266
43207
35369
7783
41168
26612
38250
2843
354
51207
223
7749
204
4607
48794
30187
64900
18191
44482
63658
20848
8491
45176
40993
31342
16640
42662
7750
9460
34862
19156
239
27229
52116
16414
59433
422
42778
26779
19328
41551
24824
57969
48210
58012
49865
11323
7310
2534
33291
12339
37826
40644
64682
22258
21847
20764
10657
65460
29193
24176
42101
48498
51315
35462
17328
6434
53944
38564
31710
52278
18097
26982
2686
51186
55942
29678
60746
38943
201
44288
39549
38436
56343
7066
50706
59038
7809
48512
31244
57782
6041
121
30427
1159
34113
40248
31743
15112
47029
62905
21836
61940
12102
53284
40593
47942
62268
43648
63592
28176
41428
29343
34206
44947
35923
44631
59111
7868
41992
46176
41725
52659
380
6680
21171
10964
51402
18092
49788
4382
55123
48263
30639
13106
10373
38296
45197
55762
41890
10042
33297
1580
10055
5759
7168
42192
7673
63152
19389
41872
49745
22464
9643
18806
43811
285
20461
13455
3454
19320
55744
3310
60582
2279
7650
18170
44419
17503
28081
39538
9629
1023
25809
33608
25057
4080
57510
1792
50719
56008
16420
4054
55059
9745
36871
50318
20888
6135
40847
48406
24489
39920
53541
34344
32430
5616
25070
46724
4958
10189
14063
39008
4360
63211
2352
19526
28923
224
35218
26882
8533
4788
45315
21276
15614