63
490
8221
8194
49
2539
2812
18526
51156
21384
8622
17128
12512
4993
24069
21576
4815
45601
34104
29921
16620
44308
12412
60259
13258
12857
25059
14731
20434
53478
1248
2802
43980
1264
5095
34718
792
19758
42225
654
16618
15446
4462
10939
25352
14527
1022
38950
95
34594
24864
1298
18450
13228
21976
4551
3512
2703
724
12580
31360
47086
627
2536
23651
53503
6256
17145
2552
6748
1239
16536
60
52068
8433
315
1762
35799
8352
29456
24352
12905
9067
6524
12343
56040
52
16212
2948
394
12786
4240
19940
6527
4052
6434
62525
45165
6208
41432
17960
16838
12423
241
14422
859
65097
12490
26045
30
19769
294
12400
2903
64370
28795
1008
64622
42609
9
20595
2176
16719
16818
47975
394
33922
10873
57248
42768
6052
32211
17488
2637
17871
3144
17476
13401
21737
12595
61480
2280
35056
41886
25945
19873
12483
27617
17140
767
4392
3125
59083
49374
13631
802
12827
42440
16604
508
4269
4253
10745
3265
22535
16815
55799
2068
4134
17886
28011
17046
766
43424
3238
10990
18583
12827
3205
7112
18512
64350
52375
3023
43718
7390
11579
572
21765
380
47315
28275
12411
52780
38231
15364
17375
570
758
57136
2176
12700
59241
19898
1822
564
29054
57769
10196
11770
55332
5981
59
43858
23634
15412
30812
31241
468
22795
8756
16463
11836
17404
17591
30811
26
8612
59
760
5856
40050
510
34509
56717
109
6523
25409
8659
27267
13279
62624
12235
7724
40396
18108
2620
58148
16566
1496
23520
3386
2878
7888
24815
38241