57
4117
525
2076
49
73
1025
2072
16392
2052
128
2313
2
64
2208
8264
8480
48
9226
3208
545
9
133
11328
6
16896
2049
1092
512
576
786
4226
24704
260
16408
8768
1089
2816
65
2184
24
1316
13408
97
8204
8
0
6432
6160
18
8192
512
612
2212
1032
5154
64
16388
0
8258
128
2056
256
24840
25668
1028
32
24640
0
2176
256
16392
16386
2320
37
35
3585
0
3
8
320
16960
8208
32
20
19456
2048
524
0
32
4104
21760
130
1024
1552
16513
80
5122
1280
8704
14344
299
4104
128
128
8
3088
192
5632
1
264
4112
4104
1570
618
32
20992
2066
17920
4101
8256
4484
12577
18
417
298
4096
3088
5184
0
2818
11266
8456
4104
3136
2048
134
534
534
2564
258
1156
2056
14337
40
524
8193
0
130
16528
3169
513
640
4096
16560
2056
2208
73
4488
544
17
2656
6408
9
320
264
768
12296
1026
560
4128
528
14
1032
1064
8576
6721
264
19496
6160
20608
0
12800
4096
24576
11
17088
4
7176
0
1283
2
6664
544
1043
5193
1025
4096
2056
3
66
17539
4096
16384
4100
34
145
2115
128
257
0
25098
9728
128
4096
8706
256
16900
512
16
19456
544
10328
129
96
289
1664
528
136
10273
8512
8198
1666
258
1216
1416
8
32
1028
8856
16384
2
273
608
3586
384
640
4
16394
64
9216
96
8960
16772
768
2112