4153
4117
653
2076
49
75
1153
6168
16392
2052
128
10505
130
0
2208
8264
24864
48
9226
3208
553
9
129
11328
6
16896
6145
1092
512
576
850
4226
25216
260
16408
8769
1601
2816
65
2186
24
1316
13409
101
8196
8
0
6432
6672
18
8192
512
612
2213
8
5170
64
16388
0
8290
128
2048
256
24840
25668
1028
32
24656
0
2432
272
17416
16386
2320
8229
35
7681
2048
3
9
328
16962
8208
8224
20
18432
2052
12
4
4128
4232
21762
8322
1024
1536
16513
80
5122
1280
8704
14348
43
4106
128
0
8
3120
192
5632
4097
264
4112
4104
1570
622
32
21120
18450
17952
4613
8256
6532
12577
50
417
302
4096
11280
5120
0
2882
9218
10504
4104
3136
2176
134
534
534
10756
258
132
2184
14337
40
524
8321
0
2178
16592
3169
1537
640
6144
16560
3080
2080
16457
4490
544
17
2912
6408
9
16704
268
896
12296
1026
560
4128
528
15
1036
1064
8584
6721
4360
19496
6144
20480
64
12800
4608
24576
11
17024
516
7176
2048
1283
130
6664
544
1171
5193
1281
6144
18440
7
66
16515
4096
16384
4228
38
145
2115
136
257
1024
25098
9728
136
4096
8194
256
16900
8704
144
17408
608
10328
145
224
801
3712
536
136
10273
8512
8262
1666
258
1216
1418
8
32
1036
8857
16384
2
17
610
3586
384
640
5
20490
16448
9218
97
768
16780
896
2048