57
4125
21
2076
49
79
1665
6168
16392
2052
132
10537
386
0
2210
8266
24864
48
9226
3208
625
185
31
9280
253
32384
43354
1092
48368
17087
44192
4604
0
31108
20504
64411
1601
19200
16548
2420
88
42692
13462
46923
1200
247
50040
19519
3840
21155
8192
2157
612
26071
8
5341
72
6372
20480
43764
27616
30190
61890
9961
58624
58628
57936
28752
62400
20486
61786
35496
10752
63783
62158
50603
43200
65239
13802
20278
21296
25532
8336
35086
57460
26964
2299
16627
32096
45054
58028
32495
8316
0
40260
16510
32256
51324
54686
39712
32640
54899
44400
128
2048
247
29048
61805
6142
62510
20404
4590
62976
18829
62204
35117
49008
18257
18143
64566
8383
41891
4385
205
28860
300
24064
2737
0
51194
25328
13204
14582
40142
43392
2430
24392
1000
662
46124
44496
132
65164
14337
58480
755
21316
54087
16832
20649
3169
3585
63184
12951
28828
59501
8192
20662
49878
47858
0
30140
142
9378
40524
8434
58460
38791
3424
2767
4384
751
53568
47874
1494
62169
43264
60761
34544
9861
20480
3022
31636
38144
29182
39579
44242
46665
61504
18048
55116
6393
4096
64160
11746
19217
61
6971
24424
59649
66
21084
56118
23829
50628
34772
31864
13043
63232
20474
34612
7324
40160
35507
45056
645
21440
14034
54952
45212
37412
7520
39155
14574
19744
44541
34300
54645
43360
59452
19712
10253
1661
64587
27392
46477
6272
23968
1522
32378
59664
64564
19694
48338
33268
179
7024
13971
10816
65088
21507
34951
769
24947
35584
59910