20
18444
77
2177
8452
0
0
16514
640
24704
2241
2112
5120
16384
8
1024
1057
24584
5634
0
8256
4096
4224
16404
1024
1064
320
64
2048
8192
8200
768
4160
2080
8706
12288
8448
80
8712
8204
5
2
8960
4608
0
128
512
2
4352
16416
16440
8
389
2336
0
0
8
384
2080
16384
8192
16416
4168
4096
8224
4
16392
513
2048
132
273
6148
16408
1056
264
1152
4128
516
16520
4258
0
16384
0
20512
288
2080
6
8196
768
0
24832
1024
130
256
16384
16417
36
2336
96
20
0
8450
0
2560
1
2593
32
8192
80
33
0
320
1040
16513
4
513
1026
0
2049
0
24608
132
128
16384
4624
160
0
2
24
48
2
256
1040
4352
9216
18432
516
0
2304
4352
2
16928
576
16932
32
8201
11264
0
18688
4352
144
40
66
0
17922
128
2560
1024
10256
8208
0
16400
4096
641
2050
16896
16
5
32
32
5
8200
8705
4096
4133
0
1281
0
0
5376
192
130
1056
4608
128
12
8201
16384
8196
1
8768
160
1536
1
5144
16
20480
258
16
288
1088
4232
16385
384
9216
16394
18433
16
2052
768
16384
16400
4096
272
4096
2
544
16
148
0
0
0
8960
130
10
9216
24768
260
130
8192
8
1
8
8240
320
834
8
64
136
2056
16408
770
4128
1024
2064
642
16420
16
584
16
530
2
24576
10368
5120
5