18476
17
8220
9728
932
1170
3
4134
17600
8192
565
0
12291
2216
16896
19052
6528
28674
16916
1870
8
640
1040
8448
4256
45
36
16544
16524
4260
12300
19084
20557
16705
1549
12416
26656
22625
18992
1024
1024
770
80
3608
17412
24576
23088
10260
8657
12674
2632
736
16392
8193
4453
524
16901
16936
20800
4544
22788
8264
1024
896
9384
520
19524
10373
1382
4256
4160
36
16960
16704
16390
1067
1057
24706
17479
1601
128
6408
17040
12800
4100
16394
7428
16392
1925
9256
956
25600
8262
0
22592
10500
1321
29697
20736
25
2147
28750
16641
26625
2353
16780
4352
137
26116
16666
6243
20640
22664
64
13066
22569
1234
145
17954
24657
8365
2309
8480
14596
4096
150
8520
8709
673
4608
1047
1027
16962
833
18024
25810
8597
2752
6352
18459
18432
1075
8545
16916
20481
8454
4096
6313
3337
16400
1282
529
19589
11146
17664
11
518
37
4168
20864
321
14464
17442
12304
4483
3584
14369
4099
330
5733
2601
16899
4296
17702
448
773
6946
4224
2084
8316
8240
8192
27684
8282
994
2073
2308
1673
1029
66
388
29448
19457
17960
144
7172
1220
25120
628
4324
90
1288
663
4385
27976
17728
18433
16706
11456
1408
4404
2800
10841
4429
4218
4236
8264
6308
27392
22149
1525
4371
25056
5392
22692
264
28744
17420
18464
9844
5320
321
1028
21153
20504
16552
591
17024
2161
1032
1002
29248
11665
25216
2304
1032
12792
578
2324
12552
328
21168
1190
17152
17920
12808