18468
65504
21
9856
5028
3218
515
4134
17648
8192
567
8256
12291
168
16898
18988
6536
28674
16948
1358
8
640
1168
8448
12416
8237
8228
16608
16527
4260
14364
27278
20549
24896
1561
14468
26668
18657
18992
1284
5120
1794
1108
3612
17476
24584
23152
10324
9689
12672
2633
2784
16393
9233
5477
524
23045
17000
20736
4416
18724
8264
1536
912
25768
1560
19524
10373
9590
4256
4160
37
16960
16704
262
1065
1185
24738
25670
17921
1152
6408
17040
4608
4292
42
7172
16392
1925
9760
956
25608
8263
512
22850
10512
1313
31749
4352
89
2147
30798
24865
26753
2352
16780
5376
16393
25092
24858
14433
20768
22922
320
6922
22537
208
1
18210
24661
8621
6405
8480
14628
4096
151
8520
8197
2737
4608
1047
1043
21056
577
18024
26322
8597
10944
6352
18459
18496
1075
8545
25108
20481
8454
4096
22697
3337
16400
1346
17
19589
11146
17664
11
16902
36
12360
20864
65
14464
17442
12306
4483
3584
15393
4115
330
5733
2601
16899
4300
17702
448
773
6946
6272
2084
8300
8240
8704
27686
8282
994
2073
2308
1665
1029
66
388
29448
19457
18024
144
5124
1220
25120
628
4324
90
1288
695
4401
27976
17728
18433
16706
11456
1408
4404
2802
11865
4461
5242
6284
8520
6180
27392
22021
17909
4369
24992
5400
6308
8
28744
21516
18464
9844
5256
321
1028
21153
22552
16552
591
17032
2289
1036
1006
29250
11665
27264
2304
3080
4600
586
2326
12552
330
21168
1190
16896
17920
12812