57
82
41
9868
4964
3218
515
4906
17600
8384
599
8368
12291
552
16642
18986
6792
28770
16948
1358
8
640
1296
8448
12416
8219
8226
16608
16521
4386
14352
27022
20547
24768
1562
14466
26668
18657
18992
1156
5120
1026
1111
3996
17540
24680
23056
11096
9685
12792
2634
2784
16393
9233
5477
628
23141
17000
21016
4336
18724
8272
1632
528
25768
1950
19528
11141
9590
4268
4160
805
16960
16704
542
1050
1965
24674
25862
17921
1920
6416
17040
4716
5060
42
7196
16392
1925
9760
944
25688
8263
704
22722
10512
1313
32133
4352
489
2051
30798
24737
27521
2384
16780
5632
16473
25192
24858
14817
20768
22922
544
7114
22777
200
1
17442
24653
8541
6405
8483
14612
4096
143
8488
8197
2689
4608
1039
1043
21062
653
18020
26322
8613
10944
6352
18459
18892
1075
8546
25108
20481
8454
4144
22681
3305
16400
1406
17
19525
11194
17676
7
16908
60
13128
20870
71
14512
17826
13090
4533
3590
15377
4211
354
5737
2609
16911
4096
17894
704
5
6948
6323
2088
8252
8432
8704
27670
8282
1006
2079
2180
1665
1123
66
388
29459
19460
17768
150
5146
1028
25120
524
4327
90
1380
692
4407
27976
17696
18433
16706
11456
1408
4308
2546
11605
4462
5238
6284
8526
6183
27392
22021
17909
4417
25019
5560
6292
488
28712
21900
18464
9844
5304
961
1055
21154
22936
16558
591
17038
2301
1084
246
29220
11665
27269
2496
3080
4504
326
2326
12600
394
21168
1958
16896
17968
12812