61497
65504
21
0
0
3436
51709
4820
10038
8384
680
7845
12291
46538
16636
19157
6775
29084
17099
1200
32443
639
38138
64743
12416
54987
8226
1221
61019
4386
14352
27022
59036
4255
2020
46867
26668
18462
56548
1402
5120
1026
49278
3996
57688
24680
59072
3703
9514
12551
2634
48813
16393
21362
49252
628
18989
17000
15102
4111
18724
8272
1632
41425
25687
1950
19894
10875
9590
4268
4287
986
50295
16831
992
63695
1965
11344
2219
18174
1662
6416
61502
4716
5060
38272
7650
16392
37421
46279
944
509
45404
39267
22722
10735
1247
14116
1950
489
2300
47335
24737
27263
16094
16780
5632
643
25494
53056
11379
20959
18970
735
6708
2182
55
47498
17442
9276
8541
6650
8668
14827
52866
143
8663
8197
2689
37503
1521
1260
21062
43502
18020
56094
8613
10944
46757
61018
18892
1075
8348
65526
4977
8454
46750
43123
3351
2171
56146
59514
19525
11194
17522
19921
16908
62757
44667
20857
184
64015
51130
13277
4533
3590
52553
4211
22546
6039
2609
64582
38228
17689
575
507
6874
6323
57637
8387
8207
8704
6707
8282
785
41574
2180
60358
1180
58111
388
29268
19460
4263
105
5146
1028
25566
524
4120
58002
722
587
4407
27976
48518
18433
16706
11456
1408
51288
17529
11605
57020
38644
6284
8368
6617
27392
22523
17419
4542
25019
5190
6292
279
8436
21900
15866
9844
44897
64218
23119
21154
16302
14182
31961
50100
2050
1084
246
29220
11665
27258
2367
3574
162
37967
57328
12743
394
21326
1958
17406
7376
12812