57
27105
21
0
0
3436
51709
4820
33086
8384
16562
7845
12291
18916
16636
19157
9351
29084
26845
1200
32443
44222
59920
11006
12416
17380
8226
26592
631
6975
14352
34477
59036
4255
2020
7990
57168
18462
56548
1402
5120
1026
49278
3996
57688
24680
33308
26022
34394
12551
2634
49632
16393
21362
49252
628
18989
39841
15102
4111
26208
8272
5278
2320
52887
14559
19894
10875
9590
28657
4287
35688
50295
16831
992
63695
27641
13213
4089
18174
28110
30049
61502
4716
26648
38272
7650
16392
37421
5920
944
600
45404
44666
25052
23118
1247
14116
1950
22860
2300
47335
24737
27263
16094
46174
13162
643
25494
61869
44001
20959
18970
735
21926
30828
55
47498
17442
4394
42573
6650
8668
14827
52866
143
8663
13956
2689
47360
1521
13167
21062
43502
18020
11685
20525
10944
53551
61018
18892
30285
8348
10117
4977
8454
6704
43123
3351
3600
56146
4369
19525
29779
17522
20076
35496
62757
54809
20857
43512
64015
51130
13277
4533
3590
52553
4211
34746
6039
2609
64582
38228
17689
23021
13994
8074
42773
57637
8387
8207
12213
21919
8977
16585
41574
2180
60358
1180
58111
18242
55827
19460
4263
27373
36573
24520
25566
524
4120
58002
722
587
19458
20960
48518
39631
16706
11456
1408
51288
17529
11605
9361
38644
8035
8368
6617
27392
22523
17419
4542
25019
6437
35444
31705
24022
21900
6594
29785
56391
64218
45367
21154
23704
33105
42181
12193
2050
12843
22246
29220
26499
27258
2367
8427
29848
37967
5352
12743
394
61764
1958
43259
24782
30219