57
21
21
0
0
32652
51709
4820
25584
8384
36596
12055
12291
18916
16636
19157
9351
29084
21130
1200
8348
13206
59920
11006
35840
17380
8226
62624
55556
6975
12768
34477
59036
51583
2020
27234
57168
18462
56548
52630
5120
22306
49278
3996
57688
8776
33308
26022
18944
36695
48244
32672
48084
21362
5472
628
18989
47953
15102
4111
24192
8272
51320
47856
52887
14559
5356
10875
9590
28657
4287
35688
47224
46967
7872
12965
27641
56121
30174
28770
28110
30049
11384
4716
59360
18816
7650
16392
37421
5920
944
600
5392
44666
11632
38130
1247
65060
1950
32868
2300
47335
24737
27263
27648
46174
13162
17601
64840
56565
44001
20959
51040
735
15340
30828
55
47498
17442
4394
42573
6650
8668
14827
52866
41171
8663
13956
58752
47360
1521
52685
25696
13886
18020
11685
20525
10944
19030
35038
18892
54741
34440
10117
60560
8454
6704
11529
52208
36688
56146
12551
28152
2467
5268
20076
35496
62757
34788
20857
43512
17871
51130
33975
4533
3590
52553
4211
34746
4527
18058
64582
38228
17689
31510
13994
8074
42773
13498
8387
33392
12213
21919
8977
39288
41574
2180
60358
1180
35139
14088
12845
19460
4263
27373
36573
24520
25566
524
4120
58002
722
45048
19458
20960
27726
39631
16706
39936
1408
63536
17529
46948
59301
35040
36883
8368
38641
27392
22523
17419
4542
25019
29541
35444
29113
15596
21900
17536
29785
56391
64218
17112
21154
23704
33105
42181
12193
2050
12843
22246
29220
26499
26062
2367
63719
29848
37967
5352
24719
394
61764
1958
43259
24782
30219