57913
65504
49110
3
42793
25425
0
528
44912
34057
512
512
48884
510
18448
6144
0
20446
253
56553
15824
47065
57064
971
54504
52711
60138
36298
8128
45241
49152
1
25568
0
1912
20492
30000
21688
48654
94
7668
17390
4308
207
2932
6398
47104
8192
64
36918
24508
49050
2252
511
6638
45642
57226
1184
767
16528
50053
16565
2308
46300
510
10272
51960
45691
61504
19466
25962
1036
15104
1727
24388
61034
57396
50842
56242
18560
0
13933
59894
48480
40928
446
64
55280
32
53838
51788
46592
50288
2010
8516
60321
20991
51263
16392
47428
10750
63751
37017
16637
65176
58792
24830
8
51494
62464
1060
8445
24576
1022
30664
53899
61644
24850
508
34702
892
54662
26890
190
61571
57152
69
53748
510
10
8
0
64379
65398
9972
50895
764
254
58996
64
111
9216
50037
238
18096
11117
2238
511
37995
38771
430
59760
20864
11175
3941
1014
4349
61021
42594
8192
37823
34188
8456
59611
34064
1279
4335
34436
0
43264
60822
4096
0
4098
33106
52740
0
55454
16206
48725
19776
4319
7480
40554
16384
590
264
19645
2052
9155
43456
223
258
61263
4863
18942
2303
41610
14435
10319
39279
40854
4554
4100
41192
4352
53041
4349
34400
8192
57518
2685
0
10622
61994
8
8204
32100
58634
57381
0
0
2430
44587
57470
45912
1536
34593
52520
63286
18918
46105
40152
53760
1023
53813
0
16891
4096
20992
37222
59660
26368
34061
0
44301
15336
50670
476
16
15830
11465
251
9162
4799
2240