57
3218
237
412
206
42235
4215
1311
5118
5588
27174
29888
754
516
20750
55
47504
34170
5592
3263
32335
50664
54187
12249
44573
19601
1726
2446
8883
24863
9957
41798
20798
57259
16856
1922
53600
64382
37322
45559
3008
1665
904
28834
52886
6617
258
25089
46512
10
3199
38781
15616
20705
5738
2205
50944
20617
12292
256
34777
13059
62126
60157
258
313
8482
25195
57137
24130
1184
8266
52384
55526
6462
2506
64800
58946
41590
59448
22480
46820
42624
56311
18487
41648
51144
577
52548
10357
53308
6736
60073
35475
32716
17736
40258
32870
39238
43722
56721
21857
35862
59751
49208
48939
41306
494
57320
38698
256
60683
2910
5672
45237
47549
22660
20990
17466
15560
334
25087
4097
48430
22264
54483
279
5360
170
6199
26856
5693
6155
35691
50155
45029
40992
63759
510
150
47428
4444
60112
486
35408
48093
2178
44945
20068
56286
2511
53631
46711
8048
53186
24856
646
25966
60844
49865
4594
50030
27729
3988
55726
26838
49062
7105
39300
47255
20598
22576
1604
7621
53250
16511
56
17036
61802
16604
55786
55152
14632
24354
8437
4382
962
44623
40010
21960
44950
16560
19584
62044
121
2293
1067
4261
12394
675
54620
28085
2670
65143
496
21441
61080
59490
32608
28374
62346
62857
20956
1083
55456
57570
62768
12500
30636
42196
1192
51814
99
243
28806
112
8910
375
17440
56475
1460
23351
51697
27673
1286
36954
54036
16505
43986
44135
31536
22250
34898
16723
524
51634
48376
672
33871
1294
10726
2557
13264
42869
10446
35800