2105
3730
229
924
49
42171
4215
1311
5118
13780
27175
29888
754
516
21774
63
47504
34162
5592
3247
32335
50664
55211
12249
60957
19601
1726
2446
8882
24607
26341
41796
4414
57257
25048
1922
53600
64382
37322
45559
3008
1665
904
28842
50838
6617
8450
25093
46520
10
3199
38781
15360
20705
5736
2201
50944
4233
12292
256
34649
13057
62124
43773
258
313
8482
25195
57137
24130
1696
8266
52640
53478
14654
2506
64800
58946
41590
59704
22480
46820
42624
52215
16439
41520
51144
577
52484
10869
53308
6672
60073
39571
32716
17736
40258
49254
39238
43722
56721
21865
34838
59767
49208
44843
41306
490
57322
38698
256
60683
19294
13864
45749
47549
22660
20990
1082
15560
334
25087
20481
48430
22256
54483
407
5360
2218
6199
30952
5693
6171
35627
50155
44901
40992
47375
510
148
47428
4446
60114
486
39504
48093
130
44945
20076
56030
2511
53631
46711
7536
53186
24856
646
25966
58796
49865
4530
50030
19537
3732
55724
26838
48934
7105
39300
47255
20598
22578
1604
7653
53250
127
56
17036
61818
16604
56810
55152
6440
24354
8437
4382
962
44623
40010
21960
44948
16560
19840
62044
57
2293
1067
4261
12394
675
53596
28085
2670
65143
2544
21473
61144
59490
32608
28372
62346
62857
20700
1083
53408
57442
54576
8404
29612
42192
1256
51814
227
243
28807
16496
13006
311
17440
56475
1428
23359
51697
27673
1030
36954
53780
16504
43984
44135
31024
22248
34898
16722
16908
51602
48376
17056
33999
1294
10470
2557
13266
42357
10438
35800