57
3714
229
924
49
42171
4215
1307
5118
13812
27175
29888
754
516
5390
63
47504
34162
5593
3247
30287
50666
55179
12249
60957
20113
5822
2446
8882
24607
9957
41792
4414
65449
27096
1922
53604
64382
37354
45559
3009
1729
904
28842
50710
6621
9474
25125
46520
10
3195
38909
15360
20705
5736
2201
50944
4235
12292
2304
34649
13057
62124
43261
258
16697
8482
25195
57137
24134
1698
8266
52640
49382
14654
2378
64816
58946
41078
59704
21456
46820
42624
52215
16951
41520
53192
833
52485
10853
53304
6674
59945
39571
32716
17736
40386
49254
47430
35530
56723
21865
32790
59511
49208
44842
45402
490
57258
38666
256
58635
19422
13864
45749
63933
22724
20926
1082
15432
334
25079
20481
40238
24304
54483
407
5360
2474
7223
30953
5693
2075
35619
50155
44917
40993
47375
510
148
47172
4444
60114
486
39504
48093
16514
43921
20076
55902
2511
53629
46711
7536
53186
24856
646
25964
58796
49865
5042
50030
19537
3728
55724
27094
48934
3009
39172
63639
20596
22578
1604
7649
53250
639
56
17036
62330
16604
56810
55088
6432
24354
8437
4510
960
44622
48202
21960
44948
16528
19840
62044
57
2293
1035
4261
12394
17059
53596
27829
2670
65143
2544
21473
61016
59490
32608
32468
62378
62857
20700
1083
53408
57442
54576
8406
29612
42704
1192
51814
163
4339
28806
17008
12878
307
16416
56987
1428
21311
35313
27673
9222
39002
53780
16760
43984
44391
31024
22250
34898
17234
18956
51602
48376
17056
32975
1286
8422
2557
13266
42357
10454
36824