33
65504
124
898
49
38274
15931
36469
4738
13812
3849
29948
12291
2216
16641
19520
14352
20546
17412
1370
8
512
1048
8640
160
16421
36
18048
138
4128
24
1548
28680
16724
4612
128
14372
21536
20528
1056
8
2
16384
600
1024
24640
20517
49
10577
8450
73
640
0
12288
5441
268
516
808
13640
1024
17413
8720
512
1
8448
2056
7168
5
1088
16416
4416
36
4
8193
16388
1056
5409
22656
4195
1088
132
4488
162
576
768
4106
4352
0
1728
8744
768
17408
740
4736
22592
2320
73
21504
261
553
2064
4164
16652
10306
2320
384
256
12
9224
16400
97
16416
16392
32
4362
2312
1171
1024
64
16464
8321
4613
8225
12800
16388
16404
8448
8261
681
16896
1029
257
198
257
1032
11280
4240
3264
128
18499
6404
7
8512
4
20481
288
4096
128
2048
16433
386
17920
3201
17288
17416
16386
2
1156
2128
20608
2052
14336
17698
2048
4352
5664
22528
12303
2056
4611
8193
20097
14344
1060
320
132
2307
4264
11776
4120
16
8192
26624
8216
160
18449
17184
16393
19456
24896
448
12544
18944
19456
4225
3348
1092
8800
540
672
1106
3330
514
288
9224
21760
2048
16706
0
3072
12553
2596
10258
8514
4408
16782
8272
4096
11520
16453
3236
257
16736
1028
4224
2820
24588
1216
18432
84
72
264
1024
16545
8
8
86
16384
39
272
16608
25124
8192
2560
832
1032
28736
16962
276
4520
16729
4648
36
16384
1536
10240