575
180
1043
118
49
4178
7683
1054
17700
8760
10246
12
786
229
600
9224
2464
22537
6520
790
20827
8963
6164
11265
21066
25856
887
1556
3916
17984
16600
4301
256
5250
25480
9345
16779
592
6657
748
8320
1228
56
1228
2564
2182
512
20768
8224
25311
6300
2272
800
2700
13318
6033
60
28913
771
1922
1167
18784
13090
17667
19584
19976
16614
9657
8577
8456
8659
16645
306
10524
14944
690
19490
4107
16
6704
12558
272
2513
1164
10257
3376
6172
3080
834
4247
4131
25489
4158
17856
16798
12577
208
5484
268
8778
12416
1899
20680
8357
17026
396
4355
8972
552
21377
1485
6
7368
16389
2150
2176
29376
2386
1728
4613
8267
20608
49
273
544
16688
5568
2537
8502
2468
2961
1382
12545
260
22348
28514
6242
834
2564
518
9572
5249
22723
7462
4360
16740
8268
4097
5408
862
17471
8279
161
5144
6466
1034
11308
8264
824
25040
26
609
4906
16424
796
416
9824
8344
8194
640
4224
530
1545
25680
1819
24800
6753
9740
8768
3076
16560
1033
4736
4352
402
17555
16984
16424
3121
4192
1315
944
4876
4264
8435
5545
1480
4696
20835
2067
488
2113
4385
160
12486
17072
417
194
17156
311
2568
17744
9400
8242
1426
8576
25094
404
12544
2120
2319
21541
12366
392
10051
6205
5504
8202
8792
28
8238
4614
1265
17901
19985
1446
104
1468
2030
26340
21249
3104
368
2288
2274
16456
14080
12352
8226
917
6148
1494
8426
2336
2705
8274