57
2228
1043
16503
49
4690
7715
3102
1060
8760
10246
1036
786
229
602
9240
2465
22536
6520
790
20827
8963
6676
11521
21066
24832
886
1588
3916
17984
16600
4301
256
5250
9096
9217
16843
592
6657
748
8320
1228
312
1228
3588
2182
528
20784
8224
25567
6364
2528
768
2716
13382
5521
60
28913
259
1922
1167
18788
13091
17675
19584
19976
16614
9649
8577
8472
8691
16389
2354
10524
14880
690
18466
4171
16
6688
14606
2320
2513
1180
10257
3376
6172
19464
9026
12439
4131
25473
4158
17856
24990
4385
16592
5484
8460
8778
12420
1899
20680
8356
17024
396
4355
9100
552
21377
3533
134
7372
16389
2148
18560
29376
2386
1728
517
8259
22656
49
277
544
16688
5600
2537
8486
2468
2961
1390
13569
260
22284
28642
6242
834
3588
8710
1380
5249
22723
7463
4360
16740
8270
4161
13600
862
17471
8279
161
1048
6466
1034
11308
8264
952
29136
26
609
4906
16424
860
418
9824
8216
12290
704
4224
530
1545
25680
1819
24800
6753
9732
8768
3076
16560
1033
4736
4368
16786
17619
16984
16680
3121
4192
1315
944
4876
4264
8443
5545
1481
12888
20834
2067
488
65
4353
161
4294
17072
4513
194
17156
311
2568
18256
9400
8242
1426
9088
25094
468
12544
2632
2831
21605
12366
424
10051
6201
5508
8202
8792
16412
8238
6662
1265
17903
17937
1446
40
1340
2046
26340
21249
3360
368
2288
2786
16456
14080
12352
34
919
14340
1478
9450
10528
2705
8786