57
2300
21
16507
49
4690
7885
3102
1060
9038
10260
1228
802
421
666
9216
2537
23304
6776
22
20891
8413
6668
11777
21066
24680
865
1332
3916
18108
16600
4301
283
6078
9096
9275
16659
524
6401
754
9151
1036
312
1256
3591
2176
528
20784
8224
25376
6367
2528
780
2844
13350
6113
60
28913
295
1592
1167
19044
13123
17675
19571
20216
17382
9655
8673
8728
8685
16571
2546
10540
15024
334
18658
4171
223
6300
14478
2320
2502
1178
10257
3248
6160
19866
8252
12719
4131
25473
4146
17694
24593
4577
16632
5484
8502
8759
13240
1811
20680
8380
16791
332
4355
9100
524
20609
3341
913
7375
16393
2132
18679
29304
2351
1788
577
8323
22814
49
277
528
16688
5880
2545
8678
2521
3055
1390
13581
263
22512
28614
6242
801
3354
8454
1356
5321
22735
7463
4474
16804
8334
4209
13776
868
18239
8265
93
1024
6466
1802
11311
8318
72
29142
421
383
4791
16616
860
594
9833
8192
12794
950
4211
572
1599
25680
2020
24809
6777
9766
8798
3100
16688
1270
4672
4368
16802
17616
16696
16664
3399
4192
1315
944
5119
4260
9091
5482
1289
12888
20834
2049
496
473
4354
925
5114
17084
4377
171
17156
479
2568
18259
9312
8194
1498
9166
25094
412
12920
2596
3059
21917
12366
424
10237
7081
5512
8216
8792
17255
9006
7046
1118
17683
17937
1386
96
1475
2006
26340
20493
3546
48
2096
2786
16882
14332
13120
222
919
14340
1289
9578
10415
2721
8785