57
65504
21
16507
49
42317
43308
3310
1243
9014
10280
1354
798
346
666
5300
52830
23286
6776
488
20858
8483
6772
12287
21173
43108
42614
41732
48275
18108
16424
47278
484
59792
8822
7842
16659
46046
6641
30911
9136
64713
312
39781
4089
52337
543
20784
39536
25376
6176
20920
55502
40679
13541
49779
60
28926
471
1592
52051
19044
13123
61109
19842
32764
17385
9655
46042
9190
7460
16714
2557
64227
30650
38915
18690
4276
42585
6509
9521
2543
2086
42579
10707
3248
6640
19866
8252
12759
4131
5668
48342
17632
20880
4386
9502
5532
2004
8904
12888
1745
4450
8514
16129
178
40083
8782
755
20622
3570
865
56001
16526
2229
2453
29252
41307
1539
65338
6155
22680
11360
277
48755
16847
5862
2354
63721
2521
35880
1392
13774
197
47588
28216
6301
679
3562
8454
1356
24335
22591
63128
4469
16826
8334
4105
53914
37650
11622
8279
33858
40805
63267
48975
11311
8318
34585
6794
69
353
46596
16662
60344
27923
10136
8387
12601
696
4499
31692
1599
25640
64377
14439
39943
64533
9040
3554
10522
1033
5054
28649
16733
1397
16696
16871
63944
44465
1315
58377
49215
60899
60593
50855
1289
60563
5339
2289
57774
473
4322
620
38498
17092
38522
181
17156
33
2807
18339
65223
3341
1317
9168
25337
412
51372
2584
3053
21917
12478
343
11858
7001
5512
50997
9129
52354
65273
6776
1470
17891
10051
57247
96
64592
2006
26139
20597
42229
52044
2094
2563
253
14332
13120
29
871
14842
1526
65432
10387
2641
50514