56889
65504
21
0
0
64855
43308
3310
1243
9014
10280
34656
798
346
666
5300
52830
23286
6776
488
20858
37197
6772
12287
15589
17558
42614
32112
48275
18108
16424
47278
19492
59792
12030
7842
16659
46046
6641
30911
9136
4891
312
39781
31401
52337
543
23438
39536
25376
6176
20920
42294
40679
19281
6881
14508
53104
35403
1592
23619
19044
13123
61109
19842
32764
46321
8253
46042
6768
7460
16714
2397
48501
28750
31385
18690
46414
42585
49833
9521
2543
2086
42579
32547
54276
40092
19866
47852
12759
4131
57050
48342
17632
13388
4386
9502
5532
2004
8904
11240
1745
15406
13022
16129
178
40083
8782
755
20622
36558
42047
56001
16526
2229
46663
19756
41307
1539
65338
6155
37742
11360
9739
48755
16847
40418
2354
63721
49371
35880
1392
44758
197
44272
46918
6301
1465
3562
8454
1356
24335
14967
32242
4469
16826
8334
65327
53914
55356
20926
35205
33858
55241
20363
48975
11311
58610
34585
41416
69
353
46596
36770
60344
27923
26852
8387
44681
14858
4499
31692
1599
25640
64377
14439
39943
39799
9040
3554
13954
6003
5054
28649
16733
1397
16044
41309
55616
44465
1315
58377
447
60899
60593
50855
1289
60563
36967
2289
1342
473
4322
620
38498
17092
38522
181
5796
33
2715
18339
14959
15969
1317
15148
13913
412
19040
35278
35237
21917
12478
42261
28114
7001
5512
10945
9129
52354
6853
54292
1470
17891
10051
10101
96
56874
2006
26139
20597
62649
52044
29178
49643
253
14332
13120
14861
871
14842
1526
65432
10387
2641
40784