57
31969
21
0
4
64855
43308
35317
1243
9014
10280
34656
798
16999
30120
5300
54126
46087
7818
25083
25230
37197
6772
12287
33789
26568
61098
32112
48275
18108
42566
47278
19492
9938
12030
7842
16659
46046
6641
30911
30424
4891
1890
39781
65025
7582
31053
27325
39536
25376
6176
48926
42294
40679
19281
35919
14508
53104
40837
1592
60091
32161
22657
61109
19842
32764
46321
8253
59678
8373
7460
16714
29349
48501
28750
31385
49486
8859
42585
49833
9521
2543
2086
42579
32547
54276
40092
19866
2884
12759
4131
2101
13106
17632
13994
736
9502
27645
25398
36395
11240
1745
29588
13022
16129
539
52221
32441
755
33019
36558
42047
15521
16526
18983
46663
25248
41307
1539
65338
6155
63975
35802
9739
62959
45132
2656
28849
26473
49371
35880
1392
44758
197
2422
46918
14629
1465
3562
8454
14180
45865
32261
32242
4469
16826
8334
65327
53914
11985
51540
45340
33858
3426
20363
14058
11311
58610
34585
55655
28389
353
46596
54341
60344
59832
26852
8387
64305
30387
4499
50551
1599
43906
64377
14439
55479
39799
9040
3554
13954
6003
9332
28649
39445
1397
16044
51155
64184
44465
1315
13959
29759
60899
9587
50855
1289
60563
2093
2289
8710
473
4322
620
38498
17092
38522
181
32884
33
29503
30838
42563
15969
1317
15148
13913
21877
29422
35278
35237
21917
12478
42261
39090
25146
5512
10945
9129
52354
39595
8905
18854
17891
29975
28747
96
7191
24004
26139
20597
62649
6718
38893
49643
253
62696
19767
14861
871
14842
1526
25492
10387
17999
40784