57
42
21
16385
4
4224
0
28
1
20996
1
12296
1281
16400
1056
2081
16
3
6
0
8706
2
0
1089
304
8740
44
8450
8448
16385
8
17152
8
1025
512
8192
8720
264
5392
1040
2078
16
130
320
10240
2073
13384
0
4864
12
12
16768
4640
4384
68
145
138
10248
4106
224
256
64
0
578
8280
512
256
0
1088
4096
0
130
64
0
16640
8457
2305
196
3
16
2
16644
9472
6144
0
16384
18
21504
192
4168
16392
134
546
129
196
128
2
2
0
36
32
17410
24576
2048
544
5280
384
8193
26112
16646
352
6
19464
16928
1040
256
14592
1120
258
0
8200
545
2048
194
2305
16
256
2052
641
1088
16898
386
7424
32
8272
16436
2050
1
2433
2048
6976
64
576
4
17408
18436
22544
18434
388
592
129
16904
8196
544
9736
4101
544
32
3074
25
16386
8
34
6144
0
8320
9256
641
9346
6144
2177
0
2056
1024
129
28
1024
1536
1536
290
17408
0
21528
768
16400
1
24704
8234
1040
16444
2336
2560
16396
512
16392
644
10240
16384
8214
256
5120
4
5123
1089
9
16416
10288
2112
16448
512
4384
6
6272
8208
33
2048
9220
8320
3328
16
3168
0
4352
2057
1
4096
16384
8256
66
100
4096
17408
9217
65
1056
1792
65
640
0
8272
8704
0
24585
16388
2
8320
8320
8258
1104
40
16672
9248
769
1
10320
32