57
21
21
16397
1
4320
768
28
1
21000
385
12296
1287
16412
1440
2113
208
3
102
24
8705
2
192
1153
304
8764
428
8449
8448
17153
56
17152
104
1025
512
8192
8720
136
5395
1040
2462
16
130
384
10240
2169
13384
0
4912
12
108
16768
4640
4384
68
145
138
10248
4106
208
256
64
0
578
8280
256
280
0
1091
4102
768
129
128
12
16640
8457
2306
200
3
32
2
16644
9472
6144
0
16576
786
21507
204
4168
16440
230
545
135
244
128
4
4
384
40
16
17410
24768
2096
528
5304
384
8193
26136
16650
352
6
19464
16928
1040
256
14616
1120
258
384
8200
545
2051
206
2305
32
268
2052
385
1088
16898
386
7424
416
8336
16628
2050
1
2049
2096
7000
70
600
28
18176
18439
22560
18530
4
336
129
16910
8199
550
9736
4101
550
16
3074
409
17154
8
33
6144
192
8320
9259
641
9474
6144
2273
48
2152
1024
130
16
1072
1632
1536
274
17408
192
21528
771
16400
1
24704
8234
1040
16432
2336
2566
16394
560
16392
644
11008
16384
8214
448
5888
4
5135
1113
9
16608
10288
2115
16448
536
4384
10
6400
8224
65
2240
9244
8320
3340
16
3171
0
4352
2057
7
4480
17152
8640
65
100
4096
17408
9985
65
1040
1792
65
640
384
8240
8704
0
24777
16388
4
8320
8320
8258
1104
40
16544
10016
769
385
10320
224