52537
42
57363
3
49
4006
33399
48017
30814
52821
54094
7201
64010
49428
61891
8478
99
31135
54402
21638
57026
247
52466
44050
24132
60677
40568
46515
12944
37721
42494
35480
60722
47361
52114
44576
8684
60704
3646
49477
13272
40242
4687
4449
37476
11532
9788
23024
1396
28075
30219
2238
64770
20942
64536
44248
16591
50541
26602
48045
29221
975
34984
57715
625
18152
6866
25907
36898
3952
48087
13644
18688
36857
58662
21541
55705
59627
4964
4855
720
16128
261
24931
16425
14243
43735
13357
49931
33610
26602
58656
2759
17665
36854
16858
29802
17406
23801
17025
19968
11231
3208
7870
58226
24941
9939
38096
60755
56439
28190
5096
1785
46127
29347
21832
64176
59987
51841
48975
57919
12475
18021
49955
38787
12468
58434
10
59528
28980
62268
6601
476
33089
25543
64192
1173
43389
38830
23516
4164
65075
4833
16893
4137
18240
14713
7762
3476
52292
35936
42254
40849
25857
28414
33134
24704
33855
6527
57344
15680
64485
51874
5863
13047
19331
34064
16991
50131
8436
13444
21443
49310
39967
62322
26832
326
60692
54139
45997
14040
48700
8368
47414
64096
33776
63197
45751
59532
512
256
16
4608
4128
65
1
0
4096
2304
3
64
65
1
192
7
16384
1
2
256
1
0
16384
0
4096
4112
8192
0
1028
1024
1048
2050
1040
8200
128
72
0
1028
0
8
0
256
514
1026
256
196
1024
256
0
64
0
0
1538
256
64
2050
0
1664
4096
4
1
0
128
8449
4
0
64