512
18476
29
8320
1312
256
8
24960
64
24736
2241
32
5120
4096
2056
1024
1056
2060
4226
0
64
4096
16512
16408
512
1120
832
320
2058
24864
138
516
4104
2080
3
8200
272
80
8
24582
20
50
17152
524
1024
0
128
16388
16640
16392
24
1032
1408
2088
0
8384
16392
400
48
2
24576
36
264
0
12288
16386
18560
545
2560
133
1
4132
16
1090
0
384
1057
4
8192
4128
2560
4
128
32
32
2054
260
8192
2
10
24576
1032
192
2050
24576
1
2048
2084
64
18
0
10240
0
2624
32
545
0
8193
72
42
0
328
16
16517
8193
16
1282
32
2176
128
28672
292
8
17408
4624
16512
16384
10
16
8208
16388
258
1028
0
9728
2048
8704
512
260
4352
9234
520
16448
16916
32
17
9472
32
18432
12544
144
264
130
0
1600
0
514
512
16
16
32
16448
4354
128
2144
523
16
516
26656
512
389
8192
8193
4160
4102
8320
5
0
4240
257
192
0
1152
4096
2688
524
520
1026
10248
0
515
1184
1568
1
3096
400
4096
2
258
4096
1088
12
16393
152
1152
17410
18432
1040
517
2048
8
0
4112
16
16
4609
8
9216
2308
4096
1024
0
8704
16
514
8320
16768
20
160
1
0
1
10
4112
0
262
4
64
256
2568
296
8448
32
0
4240
130
17924
1024
66
16
0
16514
24576
1152
5122
20