40504
61408
29
160
4096
45263
9184
40572
128
22295
61235
36864
8964
2226
64640
31551
33267
17188
24777
46544
14708
8235
1497
8673
10567
2199
63161
946
30975
10484
3706
20801
8703
38610
98
5870
19342
8916
47206
12432
53012
12652
12570
64353
8326
873
20
305
24354
15144
11237
64523
24663
378
246
20608
26552
60272
65123
3388
21954
13119
4815
8810
1400
2082
62816
16454
23611
3254
15493
18961
17870
22593
153
6409
19599
65174
16030
6738
27974
31912
53971
31042
2519
520
16815
40274
18472
4357
56038
19380
1260
21478
13500
19895
63281
181
38878
29027
39620
5328
64316
1019
49170
32
24416
13754
1361
4243
16428
230
26660
8671
53658
34429
14405
10198
53521
3967
33420
860
20488
50036
55566
40597
29430
1347
24828
51778
47154
45183
48618
2114
10303
16592
384
11052
64466
16635
35800
2266
239
27412
26236
11153
58827
31426
4151
4
2200
29425
7316
280
49440
24461
42576
192
520
9302
2951
64852
1161
29535
1039
22177
31128
62017
1856
15657
21505
9611
2054
1104
62905
3048
51964
6419
8274
63811
19040
45145
53120
37223
20169
37991
9574
31060
21234
830
213
14399
2432
416
2232
40751
62227
37331
50527
27748
52469
424
20594
9228
18426
64536
38345
18576
16103
192
18614
20836
1512
25416
63288
17918
61976
52773
38778
17032
2267
13178
56322
272
10239
60936
44940
7746
50459
7674
33597
50568
24299
8346
16920
15667
48599
7654
51437
47515
36143
57727
26081
41170
21030
49143
37854
15115
4902
3052
28988
8680
3071
23558
3326
15872