56888
21
21
8192
0
45295
9184
38524
128
22303
61239
38912
8980
3762
63618
31551
34299
16948
24809
46416
14452
8235
1497
8689
10565
2199
62649
9138
30935
2292
3706
20801
8671
38354
226
5870
23438
8852
47206
12435
53020
12652
12690
64353
9222
1001
404
307
20258
15145
4069
48267
26711
4602
4342
20608
26554
58224
64099
3380
21954
13247
4751
8802
376
2146
62816
16454
23611
3254
13445
18963
17614
22593
153
6409
19599
65174
16030
6738
27974
31912
53971
31058
2519
2568
16815
40282
16424
4365
56038
19380
3308
21478
13496
19895
63280
189
38878
30051
39620
5328
62268
1019
49682
32
24417
13754
1361
4275
16428
230
26660
9183
53658
42621
14661
10196
53521
3966
33412
17244
20488
50036
63758
40597
29414
1283
24764
51782
47154
45151
48634
2146
10303
16576
384
10540
64466
16635
35800
2266
495
27408
26237
11153
58827
27330
6199
516
10392
29425
7316
280
49440
24205
42576
192
584
9286
3975
64852
1161
29535
1031
22177
31130
62017
832
32041
21505
9611
2062
1104
62969
3016
51964
6419
8274
63843
19040
45145
53120
38247
3785
37991
9590
31062
21234
831
197
14527
2464
416
2232
40719
62259
37843
50527
27764
52453
488
22642
9292
18426
64536
34249
18576
15975
192
18870
20837
5608
25416
63288
17902
61976
52789
38770
17024
2267
13178
56326
272
10223
60936
44940
7750
50587
7674
33597
50568
24299
8330
16920
16179
48599
7654
51437
47515
34095
58239
26089
41042
20518
49143
37854
15115
4390
3052
30012
8680
4095
23558
3326
7680