65460
21
21
8192
192
45103
9184
38522
128
21535
61233
38912
8980
3762
63617
31551
34299
16980
24809
46432
14516
8235
1497
8689
10565
2199
62649
9150
30935
2292
3706
20801
8671
38370
130
5858
23426
8844
47206
12435
52996
12652
12706
64353
9222
1001
404
307
19490
15145
3685
48267
26727
4602
4341
20620
26554
58128
64099
3380
21954
13247
4847
8802
440
2146
62816
16454
23607
3253
13445
18963
17614
22599
281
6415
19599
65110
16030
6738
27974
31915
53963
31058
2519
2952
16815
40278
17192
4237
56038
19380
3308
21478
13492
19895
63280
957
38878
30051
39623
5328
62268
1019
49682
32
24417
13754
1617
4211
16436
230
26658
9159
53674
42685
14661
10196
53521
3838
33412
17244
20536
50034
63806
40601
29414
1283
24752
51782
47153
45127
48538
2146
10335
16544
387
10572
64434
16635
35803
2266
495
27414
26237
10385
58829
27138
6203
514
11160
29425
7332
280
49443
24333
42576
0
584
9290
3911
64852
1161
29599
1079
21921
31129
62017
832
32041
21697
9707
2062
1104
62873
3016
51964
6421
8658
63843
19052
45145
53056
38247
3781
37991
9462
31062
21226
703
165
14503
2464
416
2232
40719
62271
37843
50527
27764
52457
491
22634
9292
18234
65304
34249
18576
15975
192
18870
20837
5611
25464
63291
17901
61976
53173
38770
17024
2283
13178
56326
272
10223
61128
44940
7750
50603
7674
33597
50574
24299
8330
16920
16131
48407
7654
51437
47515
34095
58239
25705
41042
20542
49143
37822
15115
4390
3040
30012
8936
4095
23558
3326
7680