57
405
21
8240
320
45103
9184
38586
896
21727
61234
38912
8980
3698
63617
31551
34275
16980
24809
46432
14516
8267
1497
8701
10563
2327
63417
9086
30935
3060
3610
20801
8671
38354
130
5870
23042
8780
47206
12435
52996
12652
12738
64353
9318
1001
20
307
19490
15146
3685
48267
26721
4602
4149
20620
26170
58000
64096
3380
21954
13244
4847
8802
472
2146
62720
16478
23611
3251
13446
18975
17608
22599
282
6511
19599
65110
16030
6740
28022
31912
53963
31058
2327
2184
16799
40278
16424
4173
56038
19380
3116
21286
13492
19895
63280
573
38878
30051
39620
5344
62244
1019
49698
16
24417
13753
1617
4213
16436
134
26682
9159
53674
42661
14917
10196
53521
3838
33436
17308
20532
50034
64062
40729
29542
1307
24752
51782
47185
45124
48538
2146
10329
16544
384
10572
64433
16635
35803
2282
751
27414
26237
10385
58877
27138
6971
516
11166
29233
7364
280
49427
24333
42576
0
968
9338
3975
65108
1161
29575
1463
21921
31385
62017
838
32049
21697
9707
2070
1096
63129
3019
51964
6421
8658
64099
19040
45145
53080
38247
3525
37895
9590
31054
21226
703
165
14503
2488
416
2232
40707
61503
37843
50527
27764
52457
491
23018
9292
18234
65304
34249
18576
15975
320
18870
20837
5613
25464
63267
17901
61976
53173
38674
17024
2091
13178
56326
272
10211
61128
44964
7814
50603
7650
33789
50568
24295
8266
16920
16131
48407
7653
51437
47131
34067
58191
26473
41117
21280
49129
37830
15231
4378
3057
29964
8944
3972
23768
3296
7740