49
65504
2053
44537
49
16567
1217
19456
18929
44090
13467
17088
1
36865
25116
5529
0
24894
39792
18632
17048
304
5118
384
25760
63982
40
2546
17038
16652
26720
8996
8508
52494
47932
4545
16456
60614
8200
4230
54
16407
21762
38276
6336
3071
35392
8444
45856
8636
41984
0
56836
45558
61444
39063
33224
14977
6460
37159
63366
240
18688
28298
2
402
37668
47470
16662
10484
27034
56753
698
26870
45864
1015
31088
70
16498
4100
45188
15624
32774
58336
3071
53786
759
27520
0
4757
16528
9187
500
20233
10516
45054
26644
24221
2735
8614
53762
61956
502
4354
33648
260
520
42158
6450
6
35363
1482
16390
4132
195
912
52608
16750
57648
3650
528
16822
2124
352
45040
10222
39932
30195
20832
51452
36544
1399
4606
1028
16635
54418
2531
26760
59392
41575
0
12999
76
46334
51436
63521
38080
29092
25856
8648
7216
34864
16432
17127
61824
1024
8214
1046
2190
44614
528
6176
136
16448
292
22913
16890
29466
64
15166
61774
63309
592
8690
21507
255
48224
40242
14336
16606
22528
767
52160
62140
16428
21661
512
510
39948
0
15768
38142
2401
2118
43388
17968
800
10016
5686
35385
62024
1380
9214
1526
4112
10478
512
0
12130
26551
20930
256
58418
251
506
40174
9348
544
35198
16520
506
62251
83
31744
5123
5120
6163
10679
17409
17118
12736
3524
144
64223
4103
4475
510
6912
804
48343
45076
21184
16960
2
2812
41742
32
16960
25086
8210
149
11881
208
49318
26593
61940