54272
64992
21
4
1
17827
36580
685
23127
18500
17297
23179
59168
453
43612
4831
62097
14862
14248
20641
32789
8196
4672
1462
8009
55326
5942
16388
34536
53658
56772
25471
280
42182
14848
29464
16786
2072
8600
225
18338
43207
35369
7719
508
22267
38250
2843
11410
50025
207
734
13376
4543
48794
28249
17052
18191
509
63658
1188
1250
6900
59232
30830
16640
5674
9929
13368
114
44898
239
31325
35732
16926
59437
422
42778
53799
23501
41551
27467
71
2889
12528
27763
31975
37089
2534
100
12595
7453
40644
12295
8430
21847
20764
99
65460
29193
61496
2266
8408
2266
16726
17336
34180
35
38564
31710
4516
18099
26982
3311
64612
16633
2262
49716
149
14263
43264
502
38404
29
10262
16527
59038
36096
8448
8206
2104
8732
121
58208
1159
34129
46408
35720
15144
59990
23763
21772
8354
37589
2884
32580
1496
28623
788
30610
28176
41300
29343
10448
44691
49390
4851
1412
34296
58376
54280
8606
11607
348
18876
23219
10964
17779
36948
53884
4382
4606
17631
30638
25568
14469
4344
190
1412
63317
33790
54395
60750
4643
9143
23552
42176
18868
41888
23485
16412
49744
22464
1006
49464
43779
285
20397
29839
7501
19320
55488
13752
24433
2278
16815
37320
63570
42031
28081
39538
27971
1023
12624
35656
29153
54176
38168
9984
13434
20096
16420
4054
1266
9745
36871
560
4504
9435
9022
59362
57438
6776
56544
56082
30382
5584
25070
46740
4958
10189
43232
39010
4360
991
2352
37170
28923
240
111
503
53067
16288
244
6936
36349