54272
65504
21
0
0
17571
35556
2733
23159
18532
17297
23179
59168
453
43612
4831
62161
14862
16296
28833
32788
8196
6720
1462
8009
55326
5910
20484
34536
53658
56772
25471
16664
42438
14848
29464
16786
6168
8600
225
18402
43207
35369
7719
509
22267
38250
2842
11410
49961
16591
735
29760
4543
48794
27737
17052
18191
1021
63658
1188
1258
6388
59168
22638
16640
5674
9929
13352
122
44898
2287
31325
35732
16926
59437
934
42778
53767
23501
41551
27467
71
6985
12528
27771
31975
37089
6630
228
12595
7965
40132
12293
10478
21847
21276
99
65460
29193
61560
2266
8408
2266
17750
17336
34196
163
38628
31710
4516
18099
26982
3311
64613
16633
2262
49716
16533
14263
43264
502
38404
1053
2070
16523
58526
36104
8448
8334
3128
8732
113
60256
17543
34161
46536
35784
15146
59986
19667
21772
8354
37589
2884
16196
1488
28111
788
30610
28176
41300
29342
10448
44691
49390
5875
1408
34288
58376
54280
8606
11607
4444
18876
31411
10964
17715
36948
53884
4382
4606
17631
14254
25568
14469
4344
158
1412
63317
34814
54399
60750
4651
9143
23808
42176
18864
41888
31677
16412
53840
22464
1006
51512
43811
285
20269
29839
7501
19320
55488
13624
24432
2278
16811
37320
63568
42031
27825
39539
27971
1015
12624
35656
29153
62368
38168
9984
13402
20096
16484
12246
5362
9745
37127
560
4508
9435
830
51170
41054
6776
56480
56082
30380
5584
25070
46772
21342
9677
44256
47202
4360
991
2353
36914
28923
240
16495
499
53067
16288
2292
6936
36349