54280
65504
21
0
32
18083
35556
2733
23287
18533
21393
22667
59170
453
43596
5087
62161
14863
16360
28833
32772
8196
6720
1462
7497
55838
4886
20485
33512
53658
56780
25215
16664
42438
14848
29464
18834
6160
10648
225
26594
43203
35625
7783
1021
18171
38250
2842
11474
49961
207
735
29760
4287
48282
27737
17052
18191
17405
63658
1188
1256
6390
59168
22638
16768
5672
9929
13864
122
36706
2287
31325
35220
16926
59437
932
42778
53255
23501
41551
27211
87
6921
4336
27771
27879
37057
6630
228
12595
7965
40133
12309
10478
21846
21404
99
65460
29193
61528
6362
8664
2267
17494
17336
34196
171
38628
31646
12708
18099
10598
3567
62565
16625
214
49204
24725
14135
43264
438
37892
1309
6166
16515
58527
36104
8576
8366
3128
8732
113
60256
17575
34160
46472
35784
15146
59474
18643
21774
8355
37589
2884
16196
5584
28623
789
30642
28304
41300
29598
10448
44947
49390
5875
1408
42480
58380
54280
8606
11607
5468
19388
31411
10964
17715
36948
54012
4382
4542
17631
14126
25568
14469
4280
414
1412
46933
34814
50303
60750
4651
9143
23808
42048
18832
33696
31677
16396
53840
21440
1007
51512
43811
285
20285
29839
7501
19320
56000
30008
24432
3302
16811
37336
63568
42031
27889
39539
27971
1011
12752
35656
29153
62368
34072
9984
13434
3712
16484
12246
5362
9745
37127
688
4508
9435
830
51170
41038
6760
64672
57106
30396
5584
25062
46260
21342
9677
44256
43106
4360
983
2097
36914
28923
1264
17519
4595
53067
16288
10484
6937
36349