65460
225
55184
6364
26096
18016
61352
23199
16904
20196
21393
22771
26648
25
52672
4951
61970
15088
22057
28753
50176
8316
6847
1465
7546
6953
36658
20485
45106
51293
13343
49223
16799
44266
738
29671
18786
6610
7898
13112
50304
50803
11387
7831
781
49805
52368
56154
0
6234
318
27935
59956
4160
51105
1909
17037
35144
60298
63573
62172
1528
35910
59102
22690
32544
12568
23807
41840
15594
36689
2272
31571
35240
32738
34576
64524
42778
33706
58767
41553
60939
62130
59437
31572
46569
27654
15733
6168
33394
12784
15648
64584
12329
38132
38837
7168
30022
60624
29687
5388
28068
37930
2356
11129
17585
34196
103
38420
31633
37168
19354
10598
54114
62690
16565
32076
57508
1776
14025
49776
462
2181
1506
48768
16508
58300
28662
8576
8528
22140
17269
49376
60184
17735
33934
46455
58763
26528
43266
18643
62345
6720
37606
2951
56952
32259
28659
539
49678
41780
37656
29522
30055
58530
49390
31391
1438
19678
58380
54534
10619
33529
27835
19388
32315
11090
17619
54605
17509
18452
4542
4120
9915
57534
44310
15096
414
3382
47018
45792
59987
31696
40647
27072
48440
42063
21290
33344
37685
24702
53974
23752
24175
55216
47902
47120
20418
29839
7507
19319
9735
15822
24430
3230
61817
37174
63663
0
27919
4766
57358
51904
12317
59504
54214
25024
63285
3808
24608
3849
4282
12276
36874
31985
37247
59648
19411
9252
29834
50788
42391
29184
10945
34592
35725
20250
24808
46216
21346
9522
52105
43046
10668
34432
6871
37058
28923
50687
17580
1456
23318
16033
19514
36720
36323