65445
65504
37389
3
8192
20387
18802
12619
23216
34354
54480
13144
45348
31878
6190
15154
40688
53265
8270
49461
47226
13709
10942
2158
61536
44563
34035
40422
55465
54756
24890
38622
60384
64286
20728
46995
57862
35977
4595
6105
19896
17145
40960
65391
5526
2455
7320
46195
8562
38351
53649
993
12532
10352
45145
35578
42826
10334
2292
17273
55982
16243
16637
12410
52623
48801
818
61157
24139
32578
27704
26020
53046
996
10963
59339
10272
60323
64968
46931
1222
38735
38819
38589
4460
35841
42434
225
35754
28599
156
59017
11895
2094
36450
12429
9858
48626
64426
58853
59900
754
3972
398
3201
651
30222
52438
4386
31433
48166
35840
42624
20727
25540
20587
2368
57982
2076
28120
54924
48328
40806
5804
16452
8854
63186
56031
32889
6602
16384
697
8243
39636
145
18408
856
19601
36036
4199
27280
65434
36816
9353
7414
64233
48572
29354
52746
11883
61016
65113
47352
550
39345
42075
58994
58419
29372
700
58352
34016
7110
27108
5124
15753
62630
22088
17789
7872
21589
16657
62717
48182
28704
31962
62884
15713
17020
28831
56168
49058
36732
33450
33993
64056
6010
44581
48368
54195
18022
48335
20508
17473
56836
10738
19184
61101
48198
22723
2386
41834
30554
11386
62544
6892
5396
6597
41020
1224
48380
32414
29644
43217
8625
1024
1
13405
16440
44701
59266
37114
33462
11500
4924
23763
47790
31507
16827
240
42474
23913
18681
33461
53398
58652
49884
43571
43648
57013
2048
12167
18642
26491
8693
50633
49028
1660
47622
18612
49046
45043
29431
6
65314
12424