512
18476
29
8320
288
0
8
24704
64
24704
2177
0
5120
4096
2056
1024
32
12
4098
0
64
4096
16512
16408
512
1120
320
64
2056
24608
10
512
4104
2080
2
8200
256
80
8
24580
4
34
768
524
1024
0
0
16384
256
16392
24
8
384
2088
0
192
16392
384
2096
2
24576
36
8
0
12288
2
18432
513
2048
132
1
4132
16
1088
0
384
1056
4
8320
4128
2048
4
0
32
34
2050
262
8192
2
10
24576
1032
128
2050
24576
1
0
2084
64
16
0
8192
0
2624
0
513
0
8192
72
34
0
320
0
16389
8192
16
1026
32
2176
0
24576
36
0
16384
4624
128
16384
2
24
16
16388
256
1024
0
9216
0
8704
512
260
256
9218
520
16448
532
32
1
9216
32
18432
12544
144
8
130
0
1536
128
514
512
16
8208
0
16448
4354
128
2112
522
16
4
10272
512
261
8192
8193
4096
4102
128
1
0
4224
256
192
0
1024
4096
2176
12
8
1024
8200
16384
514
160
1568
1
3088
144
4096
2
256
4352
64
8
16385
144
1024
17410
18432
16
516
2048
8
16
16
16
0
4097
8
8192
260
0
1024
0
8704
0
2
8320
16768
20
128
1
8
1
8
4112
0
262
4
64
0
2568
264
256
32
128
4240
130
17412
0
66
16
2
130
16384
1152
5120
4