65445
65504
37389
3
8192
20387
18572
12619
23216
34509
54574
13223
45531
31878
6190
15154
40688
53265
8270
49610
47237
13682
10817
2158
61599
44563
34061
40422
55639
54298
24890
38433
60384
64286
20728
46995
57862
35977
4595
5671
19526
16902
41215
65169
5224
2153
7526
46195
8332
38351
53614
543
12299
10383
45145
35588
42826
10401
2292
17286
56144
16243
16637
12421
52592
48734
818
61157
24244
32578
28102
25690
53193
538
11053
58933
10463
60252
64566
46765
1222
38735
38819
38466
4499
35841
42434
30
35669
28488
156
59017
12169
2512
36450
12402
9858
48626
64084
58853
59900
780
3972
398
3198
885
30704
52265
4386
31433
48166
35840
42624
20727
25540
20885
2368
57982
2530
28120
54924
48438
40806
5970
16571
8809
63186
56031
32889
6602
16639
839
8243
39636
367
18199
856
19601
36036
4199
27280
65124
36398
9353
7414
64233
48572
29354
52746
11883
61350
65447
47111
550
38991
42075
58994
58419
29372
579
58127
34016
6969
27108
5124
15753
62630
22199
17789
7872
21674
16657
62717
48329
28704
32036
62554
15713
17027
28831
55958
49058
36739
33365
34103
64056
6010
44581
48368
53837
18073
48176
20707
17855
56836
10252
18959
61101
48313
22845
2386
41834
30554
11386
62639
6892
5611
6597
41020
1079
22732
32414
55040
30205
18823
7168
1
43139
16440
45652
59004
37371
33719
34256
4924
34645
47952
31469
16453
15
42261
23913
18695
65052
53398
47385
23104
18545
43647
57163
61440
36713
39666
52334
36073
50486
6000
62832
47865
635
42858
45043
29431
3332
65501
12407