57
458
21
42544
49
1916
1009
36719
16589
43914
1226
38958
5372
22664
30820
18818
34560
23020
1044
5962
255
1918
43636
2
26624
50775
16688
16804
16406
16307
37424
20333
52256
16446
17921
8319
30752
20638
18830
2014
1407
43058
64
3974
17668
25071
21454
10262
8750
12540
2764
704
50476
25086
4442
763
1011
53215
20736
4576
26884
2486
61122
17118
13480
1022
19520
8332
25508
4182
24576
21723
25376
22711
64444
1750
1247
37658
19897
63243
127
6627
5776
38746
37425
16394
14520
46216
1659
9684
21598
11296
8256
12963
20544
27131
2048
32254
22800
17323
20160
21169
32730
10623
25576
33718
4864
4599
62248
280
14492
52785
22728
442
52632
6185
1069
145
17822
25007
12120
45530
2336
15364
4570
178
8264
29061
673
20992
57712
3075
17212
438
18358
26108
4500
23232
19084
11
60272
71
8590
65316
20743
8703
0
56309
2833
16432
57136
8705
63552
8756
17910
11
34688
202
20663
20864
18753
12676
16400
13551
41492
45750
15102
12293
24096
5019
27098
18177
200
41908
22912
1537
2848
4224
3291
8615
9233
25600
61696
24664
61572
17169
22788
32513
50928
16556
8507
13056
19457
50688
36382
60977
1211
54560
18364
4262
32384
58070
568
46379
11446
49804
16895
17664
10368
9599
584
56092
10935
4286
62288
4219
49928
4474
27136
62558
3083
28499
41024
5543
6305
264
29110
17591
18679
9296
7368
8446
1056
38816
16488
45960
37280
17408
19844
32785
829
51953
8431
9344
1281
33406
8552
4793
2298
5623
58040
29240
344
25343
20223
32778