0
12
31
16
16
8192
0
128
16416
4
512
0
4
0
4
5120
260
0
0
32
64
8192
64
64
16384
544
0
2
16640
48
0
512
8193
1024
1024
0
1088
0
16416
4096
384
8194
8192
8192
256
32
16384
16400
0
128
0
4
0
0
16384
128
8193
8
2048
128
129
4
66
4096
2
0
65
4
0
33
0
64
8
4096
20480
2
1
8193
8
2
18432
0
2
256
128
0
16
0
2112
0
4
8
0
96
0
0
512
64
8448
0
0
80
64
0
4096
1024
520
4
1
0
20480
0
256
0
4
16388
2064
16384
0
136
2
129
8704
8448
0
160
0
9216
32
17
160
2064
0
130
1056
16384
1024
144
4096
64
0
17
32
8
16
0
0
4
257
2
512
512
2050
1024
512
16
256
8
512
512
0
65
0
1
2
16392
32
0
64
512
20480
288
2
16
0
0
0
1
1056
0
16
4
640
136
33
0
0
8192
0
16384
1024
4096
0
4096
0
2112
16384
8704
0
40
10
16388
12288
32
0
0
8
4096
776
8192
0
1024
2048
16896
0
17408
256
0
4128
2080
16392
576
4096
8256
4
4112
8194
2180
128
32
2
512
256
22532
2066
128
16392
576
8448
160
8448
8194
128
273
257
16544
1
520
16512
257
136
0
2304
2112
18432
588