57
18948
77
137
8464
256
0
24704
128
24576
713
2178
5250
16384
1032
1072
5
19464
4866
16640
10304
4112
4224
16412
1280
1032
320
576
2050
8224
8
640
4162
2080
8194
16
8450
1104
8744
10252
6
8450
256
16896
2048
1184
8705
2050
256
16416
16400
2056
417
2464
2048
16
8232
896
2080
512
8196
32
104
0
8288
0
17409
1
3072
132
2305
6150
4120
1025
768
128
4130
4
16416
4130
2
24
256
5153
4384
2080
2310
8196
2560
514
16384
5120
146
18688
16580
41
16416
2336
96
20
32
8448
256
10752
0
10757
4160
10240
592
49
896
320
1026
16545
8192
520
1034
1024
6144
256
26624
4
24704
16912
4626
128
4160
8195
25
17
2
2304
1088
4104
11264
2048
522
0
256
4353
4098
20992
8768
548
36
8193
9472
1088
2080
6416
144
41
2058
64
18016
4224
4608
64
2064
8724
32
0
0
640
10240
1024
8208
5
8224
32
2049
8200
8705
2048
5172
8192
257
0
256
6400
192
1154
1024
4608
384
132
9
1
8194
0
592
168
1536
257
5136
16
4100
2306
64
304
1089
4104
16385
128
1024
16386
16384
4112
2084
256
1024
16400
4099
16
20480
32
40
144
4116
64
1
0
8962
2
42
8192
24704
292
128
8192
10
2053
16392
4148
256
17154
42
64
264
6152
16392
256
4144
20480
272
130
16428
8192
578
8208
534
8194
8320
6288
1280
5