38144
65504
21
0
0
1280
0
63922
44008
24576
713
2174
5488
16846
1482
10574
459
19460
59108
16799
10383
24912
54080
59332
1266
7268
323
831
26880
23619
104
640
38976
2266
34884
32
36576
1104
6032
5213
11504
33833
58070
42156
6208
1364
8441
28881
259
16416
28184
2292
95
63564
31636
441
8232
895
2268
30208
8388
800
18252
34627
8312
23038
17470
10051
3231
125
52202
6264
4321
1343
32140
381
50360
40274
59840
4129
194
996
3968
5596
4959
1692
64004
8196
53376
753
32768
5144
146
18784
24588
425
37696
2780
25866
49470
37400
9202
352
11135
12
11256
26420
10240
57420
49
908
48627
22416
16545
9215
753
1531
64022
4096
280
26624
57156
32000
17296
32484
16000
4158
8195
16384
489
484
39680
1136
4104
2048
2054
11584
13846
14712
4990
53456
54208
57810
471
36
8663
9472
1112
49536
46672
3
22
56184
398
62912
4224
5112
128
2199
8724
416
159
0
12826
10366
1274
3568
773
8543
61336
28430
12285
8705
44060
5586
8498
461
57231
94
6400
12
1166
1918
4761
6336
374
9
115
8253
12
727
168
1728
29313
5598
47560
4484
32788
991
304
1166
23439
32220
134
1269
16637
16432
4200
2306
268
18432
16392
38524
477
20705
274
59776
59920
4486
32720
53900
50360
65372
3812
42
8384
24704
28312
286
44734
30312
21238
38552
54484
234
17139
436
112
54
36302
16392
256
38272
20839
272
130
16620
8192
892
8224
489
8508
8320
6288
62976
54