38144
65504
21
50173
58108
48123
33530
63922
44008
34533
43967
2174
5488
49332
1482
47679
459
499
7872
16799
10383
24912
54080
30125
61146
7268
323
831
26880
23619
104
55393
59136
2266
34884
32
10428
1104
6032
5213
11504
33833
58070
42156
6208
1364
8441
1954
49059
63215
16358
2292
37367
63564
31636
44674
8232
895
38562
30208
51592
800
18252
34627
42296
445
17470
10051
3231
125
29860
6264
4321
54518
32140
42802
50360
40274
59840
4129
39458
996
3968
5596
63243
1692
64004
8196
53376
753
32768
39613
146
18784
18094
425
13536
2780
48100
49470
13236
61837
352
11135
12
35878
20170
43925
57420
49
59056
48627
30896
3376
9215
52862
391
64022
46474
280
26624
57156
32000
17296
32484
10243
4158
2692
16384
489
484
27636
40428
4104
2048
2054
59832
13846
10734
4990
53456
28723
57810
471
36
4934
2926
1112
43244
46672
3
47487
37704
398
51750
4224
49756
54755
53753
4469
416
159
57020
12826
10366
45397
3568
773
8543
61336
18020
12285
8705
50709
5586
8498
461
57231
94
333
12
1166
62408
60130
6336
374
41807
115
8253
12
727
168
46592
41278
5598
47560
56256
32788
64281
304
1166
23439
26642
134
1269
16637
63586
4200
2306
268
18432
62773
38524
477
20705
274
59776
58935
4486
32720
53900
50360
56702
3077
42
8384
24704
16309
286
33497
2230
21238
38552
41451
46848
54813
8176
112
54
33503
16392
59663
38272
20839
59700
130
41984
63497
892
41767
489
51782
8320
6288
61698
54