455
720
233
2810
49
425
1791
442
1215
16793
510
74
4097
2303
575
2109
520
20
726
1219
318
413
1376
17824
223
0
40
12312
47
99
991
4352
125
771
3071
1023
8446
8710
17512
16760
315
253
1534
68
9471
12288
4492
1399
319
12338
4163
511
82
4096
65
8
255
4
4872
21
4
1024
2546
253
8896
2070
255
106
768
15
3
38
100
989
18687
787
254
400
2
255
96
774
536
241
1277
4304
176
365
254
39
1410
831
1772
64
579
16695
8595
32
126
412
191
229
16894
6279
16384
224
767
458
1778
16519
180
16539
17414
32
2196
40
8441
286
2
24624
123
166
18
1342
231
232
4298
178
768
4582
510
0
254
560
16
494
1022
1030
16498
2648
4348
0
88
4100
16575
3
4870
2303
81
477
176
1022
766
1480
1223
2820
127
766
64
191
192
6646
241
504
498
64
8575
511
484
4480
3078
0
798
1062
574
17135
657
255
9350
510
385
192
16384
636
224
2463
16798
5047
0
414
223
2044
12504
746
12671
508
477
8320
254
2560
755
383
4349
8568
16488
17152
2534
8640
766
402
272
6621
748
792
239
255
12414
252
254
252
183
64
8454
383
17150
286
16627
1185
126
21
8445
24
1183
1
1228
259
43
9720
124
4300
498
48
8253
195
128
264
24588
444
379
16798
16416
16416
1407
63
2048
2444