44056
65504
37
0
2048
2556
20608
51668
4948
8377
3071
9741
258
53018
17552
19104
51418
1408
53336
10460
7701
22615
6652
43911
2877
46162
8
32
22748
5598
4602
57175
37850
15269
50052
36299
17995
18964
12754
8343
36600
8398
40057
3374
479
19565
1210
50334
12992
2248
8336
17914
26890
17878
2811
11399
46326
30466
2816
51562
20185
37485
52040
24577
49905
8546
59360
10098
37038
60747
5375
27585
29685
19931
4
29594
2449
5571
4224
60272
53793
6142
33844
34369
2514
14332
6130
4299
3068
4938
3436
32115
15835
12464
2239
8515
4632
10955
54672
24759
2065
62635
42192
13748
53222
39036
33422
20851
31880
55839
18523
59133
45144
28976
9014
50993
578
58187
17905
2516
16514
10495
1050
16574
2052
22125
34286
2286
9472
59005
8710
27404
49680
5907
4097
42784
548
6080
38300
15331
20971
49408
35775
15385
48180
2368
75
26374
45901
4362
479
30470
766
38316
60992
16692
31032
4186
4348
4329
5166
16882
6476
24665
2492
5132
222
37
511
31145
22519
42937
20727
45401
15706
24928
42212
30044
9468
28213
25588
502
2688
18637
17419
7791
1511
30139
16582
7609
537
8201
17664
53457
384
25552
64683
15045
5522
27999
5103
33379
6035
37022
57593
511
320
25353
3256
8268
28594
4107
44198
18637
5366
25590
14380
61595
53101
11594
16092
12182
12160
12788
16875
7119
2928
3811
57195
41118
19557
58958
5782
5024
8633
25451
39639
33250
288
15286
8274
586
21955
25079
1889
21156
9983
42993
10554
32
8426
44170
3070
24696
45080
58472