1024
4
13
0
0
0
0
0
0
0
0
0
4096
16384
0
0
1
16384
0
0
0
64
0
0
1
1024
512
0
1024
2048
16
4096
1
0
8
1024
2
0
0
512
2
128
16384
256
0
4096
2
0
4
0
256
0
128
128
4096
16
0
2048
0
0
1024
0
0
0
0
0
0
0
0
16
16
0
32
128
16
0
0
2048
256
0
32
1024
0
0
0
1
1024
16
0
32
0
0
0
0
0
2
128
256
0
0
0
0
4096
2048
256
0
2048
8192
0
4096
0
8192
0
4096
0
0
0
0
2048
16384
32
1
8192
8
32
128
4096
0
0
0
64
0
256
0
1024
0
2048
32
128
0
16
0
256
128
0
64
128
0
4096
16
64
2048
4096
0
1024
0
8192
0
0
0
0
2048
0
0
0
1024
4
0
0
0
0
0
0
4
0
0
1024
128
0
0
0
0
8
0
0
2
8192
0
2048
0
0
0
0
256
0
0
0
2048
0
0
0
0
0
16384
0
0
0
64
0
0
0
4
1
2
0
16
0
0
0
0
32
16384
0
32
64
1
16384
0
0
0
0
16
0
1024
0
0
512
0
0
1
128
512
8
0
0
512
0
2048
16
64
0
0
8
0
0
0