35864
65504
21
0
0
2556
21632
51664
4980
8369
2943
9737
8450
53019
17552
18976
51418
1408
53336
14556
7701
22615
6588
43911
2877
46674
24
288
22748
13790
4538
57175
37850
13221
33668
36299
17995
18964
12626
8343
36600
8398
48249
3374
479
19565
1210
50334
12992
3272
8336
22010
26890
17878
2809
11399
46326
30466
2944
52074
19161
37487
52040
24833
58097
8547
59360
10226
37038
59723
1279
27617
29685
19803
16388
29658
2449
5571
4224
60256
53793
6142
33846
34368
2512
13308
6130
6347
4092
842
3436
32115
15835
12464
2239
8515
21016
10955
54672
24759
2065
62635
42128
13620
52710
39028
33678
20979
32392
55839
18507
59133
45144
28976
9014
50995
578
58187
17905
2516
16530
10495
1042
16574
2180
18029
34254
2158
9536
59005
8710
27404
49744
5971
4097
46880
548
6080
38812
7139
20971
49408
36799
13337
46132
2368
75
26374
45893
4362
8671
30471
254
38316
61024
16692
31032
4184
4348
4329
5422
16882
6476
24697
18876
5132
478
37
511
31145
30711
42937
20599
47449
16218
24928
42212
30044
9468
28213
25588
502
2688
19149
17419
7783
1479
30137
16580
7609
537
8201
17680
53457
384
25552
56491
10949
5522
27995
5039
33379
6035
37022
57593
511
320
25353
3256
8268
28594
4107
44166
18637
5366
29686
14348
61595
53101
12106
16092
12246
12160
29172
16875
7119
2928
7907
57195
43166
19557
58958
13974
21408
8601
25451
35543
33250
4384
15286
8274
522
21955
8695
1905
21156
9983
42993
10298
32
8427
44202
1022
24696
45080
58476