35864
65504
1045
0
256
2556
21888
52176
4980
8369
3071
11785
8450
57115
16528
18976
51418
1920
49240
14556
7733
22615
7612
35719
2877
38482
16
288
22748
13790
4538
56663
37850
13221
37764
36299
17995
18964
13650
8343
36472
206
48249
3374
475
19581
1274
50334
12864
3272
8336
22010
26890
17878
761
9351
46334
30594
2945
56170
19097
37483
52040
24833
49905
10595
59360
10226
37038
51531
1279
27361
29685
19835
16388
29658
3473
5571
4224
60256
53921
14334
33846
38464
2512
13308
6138
6347
2044
842
3372
32243
15835
12464
2238
8515
21016
10955
54674
24631
2067
62635
42128
13622
52710
39028
33674
20723
32392
55839
18635
59133
46168
28944
9014
50995
16962
58187
17905
468
16530
10495
3090
16574
18564
17965
50638
2286
25920
59005
8711
19212
50768
5970
4096
46880
548
6080
38812
7139
20971
49408
36799
13369
46644
2370
91
26406
45893
4360
9695
30471
222
38828
60000
16692
31000
4184
6396
5353
5420
16882
6604
24697
18876
5132
478
39
511
31145
30711
42941
20599
48473
12122
24928
42180
30044
9468
32309
25076
502
2688
19149
17419
7783
1415
29113
16580
7609
537
8201
18192
53457
128
25040
56491
10949
5522
27995
5039
33379
6035
37006
61689
447
320
8969
3256
8268
28594
4139
44038
18669
5334
21494
14348
61467
53101
12107
14044
10198
12160
29172
18923
6607
2928
3811
57195
43166
19557
58958
13975
20896
8601
29547
35543
34274
4386
15286
8274
586
21955
8695
1904
29348
9919
42993
2106
32
8427
44074
2046
24696
45080
58476