4683
1761
2695
3
49
2526
21900
12338
15392
8238
2927
44073
29324
30796
16622
26414
40960
41667
4786
39685
15369
23139
7555
35710
35328
29117
286
455
64000
13721
4171
46939
37850
13186
48154
50636
3876
19165
36400
12190
34816
348
29085
3345
475
19610
1274
6835
8192
36065
8328
21722
58717
10706
5796
9302
46351
29819
2687
31284
2812
1320
9342
25023
16960
14002
59390
29190
24968
5113
17216
53392
46660
20899
16892
52635
3645
8330
4251
5806
54208
23985
8192
41935
28528
34434
48600
6199
1964
31107
3244
33865
44673
28565
25502
60589
43116
25812
50250
5394
63844
6444
25728
13626
52506
39028
33657
24952
32120
56081
30449
59068
46359
49408
8966
13566
3444
51815
18259
932
16866
1462
268
0
49040
10222
37784
22512
192
51454
53184
159
4605
1056
232
54506
444
27272
59904
35431
112
13703
0
47102
52208
60461
46192
29156
25862
768
22544
51288
6
647
47496
192
8288
1200
2096
44614
528
2052
0
16400
229
22786
16894
31098
48
8702
62294
63340
64
511
16416
1279
46592
54591
24588
510
23040
3327
52032
63112
96
22175
16992
462
40004
64
15608
38132
97
3074
43069
9222
48
2096
15929
35385
57952
384
5118
4550
12291
2078
0
400
27746
27831
22720
1120
58368
16637
412
44046
5124
96
39294
16512
509
63215
16
32512
384
1304
1
55
16390
223
1280
3406
160
65247
0
63
4606
2432
1344
47327
45584
4096
16416
0
510
41614
16480
20544
8696
786
0
11353
512
13559
22388
4608