57
14
16405
64602
193
64957
9716
57509
7943
20708
46686
38194
5558
13723
113
2684
43864
17511
17318
1046
16847
59
32943
33763
17276
16438
56512
25323
1174
12601
40455
23457
52570
33603
32989
45031
12390
16432
47783
16037
2159
3244
10587
7990
31108
13347
7077
4048
16636
62157
3527
63891
5348
4600
34581
8433
30361
9047
4741
55584
44997
1049
1771
20102
7206
63940
17249
10276
26296
2468
6452
64648
47456
53910
22545
4203
5324
52547
5098
8865
56625
5851
2686
16316
39430
52189
2894
33451
18523
59304
4014
51405
1559
6845
2711
2403
12523
47024
12480
17639
48706
2262
23910
26807
20634
8606
1530
16949
28670
25579
17320
45567
16608
12736
4486
60741
19651
3351
16439
22681
35166
65164
43510
13503
17090
41767
39983
44305
45731
4477
49628
2580
622
12789
19440
38290
4322
14262
16444
22681
4335
19221
61780
6200
39013
36732
4647
1348
25109
7938
9032
747
37028
5156
1960
4110
3133
15038
16439
13701
52871
2152
23132
53191
54085
20929
62391
45
60429
27875
61185
54105
17003
1374
5540
6785
5134
43916
25668
50274
49485
18277
2120
6775
3811
20946
595
55612
4525
32576
59760
58284
11539
50479
50746
8308
9344
24806
2663
450
36429
64221
12440
2217
17147
16478
2633
50374
44355
9007
16564
5105
17052
25968
10607
59578
56699
21154
8555
979
396
50556
11969
25487
10782
61043
13328
1477
9697
63913
44186
4825
18116
1524
7241
2519
46259
9585
6993
23475
773
65462
49720
144
18349
16956
8479
485
17456
25063
20346
40441
64146
59384
2639
599