57
270
16405
64602
49
64957
1524
57517
7943
20676
46686
38194
5556
14235
113
2684
43865
25703
19366
9238
16847
59
32943
33635
17276
16438
56512
25323
1174
12601
39943
23457
52570
33731
35037
44903
12390
16400
47783
16037
2127
3308
10587
7990
31108
13346
23461
4048
16892
62413
3526
64915
5348
4600
34581
8305
30361
13143
4741
55588
44997
1049
1771
20102
5158
63940
17257
10244
26296
2468
7476
48264
47472
53910
22545
4203
5325
53059
5096
8865
56625
5851
19070
16060
39430
52189
2894
33451
18522
59304
4014
51421
1047
6845
2709
2403
12523
47024
12484
17575
48706
2262
22886
26807
20666
9118
1530
16949
28671
25547
17320
45567
16608
12736
4486
60741
19655
3350
16423
22681
43358
65164
43510
13503
21186
58151
39982
44305
45735
4221
50652
2068
622
12533
19184
38290
4290
14262
16444
22685
4331
19217
61780
14392
39013
36732
4647
1348
29205
7942
9032
17131
37028
13348
18344
4110
3129
15038
16951
13701
61063
2152
23132
53063
62277
20929
62391
45
60941
27875
60161
54105
17003
1406
1444
2689
5134
43916
25669
50275
49485
18277
2120
6775
3809
20946
595
55612
4527
32576
63856
58156
11539
54575
50746
8310
9344
24678
2663
450
36425
64221
12312
2473
25339
94
2633
52422
44355
9071
16564
5105
17048
25968
10607
59562
56699
21154
24939
979
460
52604
11969
25483
10782
60019
9232
9669
9701
63905
44186
4825
18116
1524
7241
10711
46259
9521
6992
23475
805
61366
49784
144
17325
16956
8479
16869
17460
25063
20346
40441
64146
59386
2639
599