198
240
16618
64701
206
64547
1387
57455
7207
21056
46240
37986
5556
13925
142
10831
43861
26520
18544
9238
16857
200
33073
33699
17026
16438
52224
17323
1192
13017
39967
23457
52570
32997
35107
43863
12441
16496
47806
16038
2256
3091
10542
8185
30794
13330
23128
4048
16677
53938
3526
64912
5403
4230
34573
8591
30308
13141
4741
55840
44805
1254
916
20320
5158
63944
25449
26628
26296
2692
7416
48268
47475
62302
22546
4517
5133
52989
4374
24926
56657
5827
19452
16060
39454
52189
2827
33120
19290
58934
3870
59613
1314
7041
2581
2556
12692
47024
12347
17512
48706
2766
22937
26799
22824
8990
5382
21237
28416
25141
16936
45504
16415
12607
12792
60888
12899
3348
16615
5538
43358
45048
43504
9283
21070
58328
32986
44305
45652
4483
50652
51349
64218
12537
19230
37997
194
10158
17522
19320
4889
19225
61867
53554
10549
36700
12833
17589
28693
51045
8360
16212
18164
13348
13142
27834
3270
262
17226
14253
23417
31833
23203
56455
62149
20862
17643
8402
60962
19795
64135
48302
6368
1789
1956
2590
5134
42431
25929
50177
49485
18075
56446
52177
3832
56691
37164
55679
4534
15490
64142
29229
8531
45832
51130
8584
10172
469
2687
34425
36770
38388
6197
2151
2296
478
55002
52422
37660
9065
584
47646
16999
44699
10615
59562
56655
7363
3425
867
23499
52366
12071
25483
10977
35227
60103
63783
52982
32866
44070
4646
18116
1524
41615
10281
46278
26050
6992
22861
34029
47448
49688
62650
17357
3540
8256
16725
17866
25056
6784
38862
64274
58887
2872
233