42182
65504
21
0
25336
64547
22879
57455
7207
52782
46240
4428
5556
42059
142
45120
12101
39798
18544
9238
65477
43187
33073
20853
23634
42987
51942
10128
1192
3260
48325
12674
52570
17604
10719
40721
12441
55883
54642
16038
2256
3091
53722
8185
30794
53131
23128
54689
60917
34433
9008
35421
35711
50513
61601
8591
51188
13141
46923
23466
2189
1254
916
20320
19238
55687
64485
23233
34608
39743
54706
48268
47475
4044
39550
4517
5133
25878
4374
24926
35585
52257
27480
11625
39454
52189
54111
33120
51538
58934
35178
30759
1314
7041
2581
60061
12692
47024
12347
44450
25366
31236
18739
59720
22824
8990
5382
21237
28416
16584
54714
45504
16415
12607
8838
12018
46319
46751
16615
3883
43358
45048
43504
9283
21070
43099
13404
39826
45652
1282
22874
51349
64218
52340
19230
37997
194
10158
51176
63725
42125
38911
61867
53554
10549
36700
12833
14114
28693
51045
47378
52774
37316
20466
57532
21791
3270
58985
53676
14253
23417
31833
23203
56455
25725
39476
17643
31620
43898
19795
64135
48302
6368
1789
27976
2590
5134
42431
25929
48974
49485
10726
45256
49434
44352
56691
25202
33476
4534
15490
64142
29229
8531
45832
51130
58565
6904
469
2687
34425
26842
38388
6197
2151
63532
478
28478
52422
37660
9065
584
376
63635
44699
10615
59562
56655
2282
3425
867
18671
52366
12071
7596
48129
30906
34533
63783
35090
32866
44070
43839
18116
22050
41615
10281
46278
64981
6992
2910
14333
33639
49688
29652
17357
3540
8256
16725
17866
56302
6784
38862
27162
58887
2872
233