57
21
45
0
0
0
8
512
128
1024
2049
5120
0
4096
0
0
1024
8196
4096
0
1
4
0
4096
1
0
0
64
32
0
514
4096
0
8
256
0
1024
2
3072
128
17
0
4096
128
0
0
16
0
4
8
0
128
1024
16392
0
128
0
128
18
0
4096
128
0
0
0
0
16384
2049
4096
0
512
16384
1
9
4
4096
4
0
2048
16388
516
4096
1024
16
9216
8
0
32
512
0
8
160
4096
8
8704
1024
1
0
4096
32
18432
2048
4096
258
256
0
1152
256
32
32
128
16385
0
8
0
512
520
16384
4
2048
5120
1088
3
0
8
9216
0
256
64
1026
0
16384
0
0
10240
0
2
8200
1
256
0
4
0
512
512
512
128
516
32
258
16384
0
512
512
1
0
0
16
132
0
16
1040
8
8
512
64
4096
16384
0
256
0
2
64
4
0
2048
24576
520
4096
1024
4100
16
18432
0
512
0
4096
512
80
4
0
2048
128
68
1026
256
4100
1024
1024
32
130
12
2048
8
1040
1024
128
130
0
3072
0
1
1536
4096
4096
0
0
0
32
128
32
2
1
9
4096
8
0
128
0
1028
2
0
2048
2056
0
0
0
257
32
48
16384
0
256
768
16384
2
256
0
1024
128
2
129
64
0
64
16