64
1068
31
133
128
144
17409
164
5696
16513
0
265
5121
2176
32
2112
528
0
0
1026
0
258
1024
66
36
2
544
8192
1
32
96
21056
16544
256
513
1
12288
512
1808
16388
516
258
0
66
9216
10240
4352
2056
257
4098
352
2176
10240
4097
64
64
16388
24
4096
4192
4
1027
64
130
8212
3072
128
33
64
1280
0
8736
38
0
22528
33
256
4992
16390
16456
0
1792
513
24584
516
2064
2
1
128
8
3088
1
17920
128
4160
16672
8192
16928
16384
6
64
578
16388
2048
16448
16768
260
0
3584
17416
20
132
16392
2080
200
8200
0
2048
18
24576
148
1025
160
3328
17
52
4352
65
518
512
0
0
9
512
16
52
16416
1024
128
6209
4609
1
64
4102
16448
8192
4628
2052
261
272
128
544
8192
1536
1056
4098
128
32
1032
4160
528
6272
82
0
512
64
10241
1
3
4608
1032
16386
136
1024
260
548
1
0
9344
0
513
1
16512
514
544
513
16384
136
0
16640
160
1792
8256
8208
21504
8196
512
8192
2572
8448
50
32
4103
128
520
16642
2336
1120
0
545
16784
6176
16
321
98
0
12544
16896
257
0
80
67
9472
1024
8192
144
16384
1024
10240
368
0
0
1024
16387
1028
272
513
8192
128
512
16896
0
9219
0
2368
136
8320
98
4
16448
16416
40
128
4352
3072
0