64
1068
31
197
128
145
17413
164
5184
16515
32
265
5249
2177
32
2048
528
0
8192
1030
0
2
5120
64
32
2
545
8192
8193
16416
16480
21056
16544
256
513
1
12290
516
1808
16388
524
258
128
82
1024
10240
4352
2184
257
4098
352
2176
10240
4097
64
72
16388
24
4096
4200
1028
1027
64
16514
8212
3072
128
1057
64
1280
8192
8736
550
512
6144
33
256
5056
16646
16456
32
9984
515
24584
16900
2064
1026
1
640
520
3600
1025
16896
128
4160
16688
8192
16930
16384
6
64
578
16388
2048
16448
16768
260
0
1536
17544
22
132
18440
2144
200
8204
0
2048
18
24576
148
1025
160
3328
49
52
4352
193
518
528
0
1
9
512
16
53
16928
1056
132
6209
4609
4097
64
4358
16450
8192
12820
2052
269
272
128
672
9216
1536
1058
4098
16512
96
17416
4288
2576
6272
86
4
520
8256
10241
1
3
5632
1544
16642
136
1040
268
804
1
0
9348
2048
513
1
16384
514
544
1537
20480
200
8192
16640
160
9984
8768
8210
20480
8196
512
8192
2604
8450
306
544
4103
192
520
20738
10528
1120
0
33
20880
6178
48
320
98
0
12608
25088
257
8192
80
67
9472
1024
8192
208
16384
1056
11264
376
128
16
1024
16387
4
256
513
8192
128
512
16896
4
9251
0
2368
136
9344
98
4
16448
32
40
128
4352
3072
0