57
1252
31
4317
128
145
17541
452
5184
16515
57
265
5249
2177
320
2048
546
0
8192
1030
0
2
5120
198
18
2
545
8192
8193
17188
17216
21056
24864
256
513
1
4482
516
1808
16413
524
1284
128
90
1200
10328
4352
2184
257
5506
352
224
10240
4097
64
72
24964
24
4121
4200
1028
1295
64
16577
24692
3097
195
1057
64
1408
8368
8224
550
912
6344
33
4355
5056
16646
16428
32
14104
515
24576
16914
10640
1026
1
64
520
3590
3841
16896
65
20512
16688
8707
18990
16384
6
64
578
16388
2048
18464
16768
8324
0
1536
17992
222
76
18440
2256
715
8448
0
2050
18
24576
148
1281
160
3395
49
45
5248
2253
8704
528
67
1
395
512
16
53
16928
1056
199
6145
4659
4113
64
4198
16450
8200
12820
2228
269
28
128
672
9216
1536
1058
4106
20632
96
17416
5440
2064
6272
86
4
587
8390
10305
23
259
4656
1544
16835
136
17520
444
804
1
0
25828
2304
513
1
16384
2658
569
1889
20480
200
8214
16640
160
9992
8793
8210
20480
8452
512
8192
2604
8450
362
544
4639
203
520
20914
10528
5219
0
97
20898
6178
316
328
98
512
12896
25088
433
8256
80
603
26112
1124
8704
8416
16384
1056
11440
376
144
16412
1536
16387
8194
960
8711
8192
128
512
16896
4
9251
22
2368
651
9344
4193
29
24688
32
328
128
4363
3072
268