56121
65504
21
0
0
4821
17691
27037
57856
29803
12860
19319
5245
20096
44953
52624
39920
43758
47228
43955
8919
61
43754
65198
17
157
64519
8702
8434
17186
9889
30144
29408
511
13756
1
4477
516
2031
16738
755
1284
128
858
3648
10324
15048
59989
59086
64080
43373
19
8192
4098
52608
55578
24698
45852
64428
32205
1052
1265
41154
10944
50048
42903
47298
1089
191
19575
52861
8658
697
879
6344
57763
4604
5056
58848
48078
94
14104
60075
39546
62826
56687
1788
242
20368
6422
3833
49673
16896
51434
47296
3233
63456
51214
29176
51106
64
642
41327
20683
18464
35436
47784
0
1536
45627
7104
37044
40496
35773
51610
48154
510
62831
20528
51689
7520
28928
35878
38027
21264
45
5376
10573
42098
41485
701
9835
18051
512
494
45
17374
20369
313
50030
7708
53717
42980
11543
16462
8203
12823
10892
62504
494
115
754
24576
1535
54664
4345
19616
29284
17424
2592
11200
6272
32332
41849
11532
7061
48804
20681
46432
4656
1783
56913
41162
17806
50581
59812
10496
14748
59424
2559
49588
31556
16543
54187
60175
53471
14080
31671
9792
64768
5568
10040
64897
6098
60742
24062
512
8192
2588
56861
60624
41738
62246
309
1014
21170
6080
61988
255
254
20897
47065
188
36275
43500
512
31920
13862
79
46656
17160
39166
5120
1434
8959
48191
0
1056
11340
134
29224
16412
1536
50199
8445
63048
24204
33369
37778
35922
57664
18722
46870
33501
2368
34454
56160
4961
24
23683
53732
606
382
4339
3840
46350