43065
65504
49683
0
0
40400
55061
27037
57856
3682
55346
19319
5245
55155
40587
44417
39920
43758
47228
24205
8919
32275
43754
65198
64249
157
64519
8702
55994
17186
9889
1953
29408
42462
13756
46046
4477
42975
2031
16738
41163
1284
128
55599
58388
10324
15048
33830
59086
56351
37435
63712
50892
38093
52608
41187
24698
45852
64428
52311
1052
53172
41154
52353
50048
42903
47298
1089
60795
57650
49207
8658
697
879
6344
57763
48304
5056
38290
48078
94
14104
60075
14375
41070
28442
1788
242
20368
6422
3833
49673
16896
51434
47296
3233
63456
39341
29176
51106
24696
10680
41327
8804
18464
35436
47784
0
63892
45627
7104
37044
40496
35773
51610
48154
21410
62831
20528
51689
7520
903
7596
13072
56212
53043
64130
2254
40946
41485
55355
5096
18051
512
494
45
17374
20369
15653
50030
7708
38216
42980
5000
16462
8203
4485
249
29844
494
115
59995
24576
1535
37102
4345
19616
29284
17424
57570
11200
6272
32332
41849
11532
7061
48804
16930
39608
4656
18595
56913
41162
17806
50581
59812
10496
61419
55150
2559
32768
31556
16543
24308
38743
48166
14080
31671
40648
64768
39170
56953
64897
6098
60742
23355
52540
7995
39254
29640
42248
41738
62246
63082
46122
21170
6080
61988
255
59949
11727
33542
188
35038
17686
512
31920
13862
79
46656
45904
39166
5120
40379
8959
48191
64542
1056
62312
53921
29224
57141
1536
50199
8445
63048
24204
8044
37778
35922
10336
18722
18724
33501
51288
34454
56160
54643
29736
63377
53732
606
21126
45046
3840
46350