63289
65504
229
36
49
2299
5142
25086
17199
28158
205
2288
11
16384
9240
2816
2082
18539
4549
144
8288
4511
4748
18659
1207
3880
102
1041
6278
58954
13246
482
4223
569
9190
8206
8536
624
4617
17132
8192
1248
184
1092
2564
2054
518
20768
12372
24796
6300
2581
2907
2572
12034
5663
155
57350
771
16119
1154
1222
916
20320
19238
55685
64421
31425
34672
39743
50610
48268
47475
20428
39550
4517
5132
25862
4374
24926
35617
52257
27480
11617
39454
52173
56159
33120
51542
58422
51562
26663
1314
7041
2613
60093
12692
46896
28731
44458
25366
31232
18803
59720
22824
9054
1286
21173
27392
16840
56762
61888
16415
13631
8838
12018
46319
46783
16583
3883
43358
45048
47600
9299
21070
41051
13404
39826
45652
258
22874
51348
64216
52340
2846
37997
194
10158
51180
63981
42125
38911
61611
53682
10293
36700
14881
14130
28692
51045
39186
52774
37252
24562
57532
29983
3270
58985
53676
14252
23385
31837
22691
56455
25693
39460
17515
29572
43386
19795
62087
48294
6368
1789
28488
2654
21518
42431
25931
48910
50509
10726
45256
49434
44352
56689
25200
34500
438
15490
60046
29229
8659
45832
51130
57541
6906
468
2815
34425
26842
38388
6197
2119
63500
222
28479
52422
39708
9065
584
888
63634
44699
10615
59562
56651
2282
3425
865
18663
35982
3879
15788
48129
30906
42725
63911
35090
32866
44070
43837
18132
5666
41615
10281
46278
65013
6992
2910
14077
33639
49688
29652
17373
3476
12352
17749
17866
56302
6784
38862
26650
59143
2873
2281