57
21
267
4117
49
15039
31639
7034
60318
36601
15136
28247
6118
63517
25054
7875
662
479
37588
54941
48204
4889
59724
58990
55891
2543
64250
46418
30556
24083
742
20816
33843
26217
55288
1945
23314
52673
3742
899
3078
60653
32057
25332
33352
7877
21484
12287
1420
9399
39870
23282
57905
43741
20586
60415
10242
8273
3314
64232
46413
22792
12352
27182
63294
1003
51163
30834
64920
55096
27015
44124
35846
51970
31212
1287
31666
35933
7232
13045
53472
23912
29400
11357
8839
3853
32767
45162
37091
40667
18465
46823
29296
43549
36393
26683
28841
4800
3166
25286
18432
52223
3936
26706
20698
10271
58339
37375
8368
20215
48403
38181
47928
50675
4104
28720
24484
18364
14645
33077
52583
40515
56913
14181
44032
20529
58553
21387
8
28982
1023
10839
23663
31341
6978
8139
25629
1937
54202
52110
22970
45275
4689
33023
30912
3582
6552
35317
48494
145
39414
46126
55004
57843
28656
42076
25246
42960
7582
27088
1089
33881
12612
63859
54223
18957
19518
34677
15419
9492
2392
23316
63766
40277
54324
22414
16468
31429
47470
34011
39119
91
40043
59490
64111
55323
9003
65420
42166
15580
51046
6001
11937
8481
41551
50343
872
59858
44883
36322
16716
10660
41037
17988
25533
35533
18301
48381
19478
16852
51997
17039
96
45909
46816
27430
22864
9396
1516
23437
16835
17537
50361
33350
44159
1646
5250
31216
35720
44467
45778
21196
20107
45296
35318
45685
9174
33488
18725
57688
36222
24227
60415
25310
26515
18673
12716
21389
41462
2648
53186
22029
30279
1697
33080
51566