0
65504
5
0
0
1152
470
382
22532
50010
758
2048
16891
895
4598
1
55008
1
503
159
256
49824
190
0
4382
254
17024
44706
39936
25560
25360
11722
191
47104
22920
16828
1034
13751
9248
132
55256
8638
6702
672
8960
4096
18480
16384
20544
58400
58568
942
35536
4098
33354
5086
8193
9218
444
4604
36836
4
108
5119
2048
62655
1276
58990
10692
8192
516
2489
0
16606
16408
189
17406
65
6389
8437
45232
222
511
61101
0
0
528
20735
17336
2894
48968
51417
504
22534
12
8704
2566
8193
128
511
1848
54775
26498
51313
0
1536
4768
58005
1024
2163
16718
62365
448
247
2180
13613
30528
1024
16384
24831
17680
1025
32000
8414
384
34
1535
8698
59008
16590
772
272
54600
62120
5363
16400
62840
16
18530
494
3528
42070
39987
64768
49152
2301
57354
4343
1533
492
19218
516
2174
25038
36864
35991
6920
1278
50182
13010
22528
8510
510
4478
2
23849
3232
4262
12306
1022
16704
45429
58224
2048
623
33185
45057
6622
1025
16575
16384
17150
59392
48000
17736
68
50950
43520
44000
1024
26756
4611
1096
4736
44094
22389
648
5403
1534
1526
5879
29878
57358
7274
51808
0
1462
816
16392
4596
29836
0
382
51851
49482
50586
158
4153
136
34264
0
17023
447
11010
14208
44495
11808
36
16
16894
8
1407
52144
52563
2116
383
52776
64320
0
62336
4420
1277
255
2704
2271
16575
0
1416
24576
32898
13836
4346
2568
1438
16959
72