16
42
5
0
32
1152
1494
382
22533
50011
1782
2048
507
895
4598
129
55008
513
503
155
256
49824
190
512
4382
254
16512
44962
39937
25432
25360
11723
191
48128
22984
16812
1038
13751
9248
132
55240
8638
6700
672
8960
4160
18480
16384
21568
58400
58568
1966
35536
4098
33354
4830
8193
9218
444
4596
36708
4
2156
5119
2176
46271
252
58990
10692
8320
517
2473
512
222
16400
189
17374
65
22773
8437
45232
94
1023
60589
0
0
528
20735
17338
2894
44872
51417
1016
22534
4108
10752
2564
8193
128
4607
1848
54759
26499
52337
0
1536
5024
58004
1280
2163
16734
54173
4544
247
2180
29997
30528
3072
16384
24815
17680
1025
32000
8414
400
290
3583
8698
59008
24782
772
16656
54600
45736
5362
16912
62808
272
26722
490
3464
42070
39987
56576
49280
2293
57354
4311
1533
492
19226
516
2170
25038
36864
35991
6920
254
50182
13010
22592
8510
16894
4478
16386
7465
3200
4262
12434
1022
16704
46453
58232
2048
1647
33185
46081
6614
1025
16831
16386
17150
59392
64384
17736
196
50694
43584
43744
1028
26756
4611
1096
4736
60478
22389
640
7451
1534
1462
5879
31926
57358
7272
49760
0
1462
2864
16392
4596
13452
256
382
51851
49482
50586
158
4217
136
50648
2048
17023
4543
12034
14210
44494
11810
36
528
16894
4104
383
52152
50515
2148
383
52776
64320
512
62336
4420
1277
255
19088
6367
16575
0
1160
24576
49282
13836
250
2568
1438
16959
8264