16
42
5
0
160
1024
1494
350
22533
50011
1782
0
475
863
4342
129
54976
513
2551
155
320
49824
190
512
4382
4350
20608
44962
39969
25432
25361
9675
191
48128
22984
18860
1038
13751
9248
132
55240
8639
6716
676
768
4160
18480
16384
21568
58402
58568
1966
39632
2
33358
6878
8209
25602
316
4596
40804
20
2156
5119
2176
46269
4348
58990
11716
8320
1541
2473
8704
220
16528
4285
18398
65
22773
8445
45232
126
1023
60589
4096
8192
784
20735
19386
2886
44873
35033
952
22662
4100
10752
2564
8197
640
4543
18232
54755
10115
56433
4
1600
5028
57492
1280
6259
16734
54173
4544
247
132
29965
30528
3072
16384
25327
21776
9217
29952
8414
402
290
3583
8442
59008
24782
773
16720
54600
45736
5370
16912
62808
4368
26722
458
1416
42070
39995
56577
49152
2261
57354
4311
2045
1004
19226
4
2154
25036
36864
35989
6408
254
50182
13014
18496
24894
25086
20862
16387
5417
3200
20646
12434
1022
16704
46389
58216
2048
1647
33185
45057
7126
1025
16830
16386
17150
59392
65408
17736
228
50692
43584
41696
1028
26756
4611
1097
4768
60478
22389
8832
7515
1470
1462
5877
29878
57350
7272
49768
0
1460
2352
16392
4604
13452
256
382
49803
33098
49562
414
4217
4232
50632
2064
16991
4542
12034
14226
42446
11810
36
656
16886
5128
383
52136
50514
6244
383
52776
64320
512
62337
20804
1273
1279
19088
6239
16575
8
1160
24576
57474
13828
242
2632
1438
16959
8264