57
234
21
0
160
1792
1494
318
22725
49987
1782
0
475
851
4246
225
54784
897
2551
155
320
49824
166
512
4382
4350
20704
44962
39969
25428
25361
9675
143
48128
22792
18892
1230
13748
9632
132
55240
8636
6716
676
792
4128
18492
16480
21568
58434
58376
1966
39376
2
33358
6878
8215
25602
304
4596
40708
36
2164
5095
2176
46269
4348
58990
11716
8320
1285
2729
8896
208
16528
4285
18398
65
22773
8443
45244
102
1023
60589
4096
8192
656
20735
19385
2890
44873
35049
952
22662
4104
10764
2756
8201
640
4543
18184
54755
10115
56439
4
1600
5026
57492
1280
6271
16722
54171
4544
241
132
29965
30592
3168
16384
25327
21776
9313
29964
8414
402
289
3583
8442
59008
24590
773
16720
54664
45736
5370
16912
62808
4368
26722
458
1416
42070
40187
56577
49152
3029
57354
4119
1277
1004
18458
100
2154
25039
36864
36085
6404
1022
50182
13014
18560
24894
25086
20862
16387
5423
3224
20646
12370
638
16960
46393
58216
2048
1711
33186
45057
7126
1031
16862
17154
16958
59584
65408
17742
252
50692
43596
41824
1028
26780
4611
1097
4768
60477
22393
8576
7517
1726
1462
5685
29870
57350
7272
49768
0
1492
2344
16395
4604
13450
304
381
49547
33162
49818
414
4217
4280
50632
2256
16991
4542
12036
13842
42446
11810
36
648
16886
5128
380
52139
50514
6244
287
52968
64320
515
62337
20868
1273
1279
19024
6239
16575
200
1160
24600
57474
13828
1010
3016
1374
16911
8264