0
12
15
0
16
0
0
0
8192
0
0
512
0
256
4
0
128
0
128
0
0
0
0
0
0
16
16
2048
4
4
0
0
1
2
512
0
0
0
1024
16384
0
4096
0
128
0
2048
0
0
2048
0
0
0
8
64
32
0
16
4
0
1
4
0
64
0
4096
0
8192
0
64
0
16
2048
4
256
0
0
0
0
32
2048
0
8
0
0
0
512
0
2
0
8
0
1
0
0
0
4
0
0
2048
0
0
0
1
0
0
0
32
64
2048
8192
128
2048
16384
16
512
512
0
0
4096
0
2
8
0
1
16384
0
0
0
256
1
0
64
0
0
32
0
4096
0
0
8192
8192
0
0
8
0
2048
2
0
0
0
512
0
16384
2048
0
16
4
0
0
512
2
64
2048
0
0
4096
0
0
0
32
128
0
1
4
0
0
0
0
0
0
0
0
2
4
0
16384
2048
0
2048
1024
64
32
8192
256
0
0
2048
0
0
16
2048
16
32
8
0
0
512
0
0
0
2
4096
4
0
0
4096
4096
1024
1
2048
0
1
32
2
0
8192
2048
16384
0
2048
16
0
0
2
0
0
1024
128
0
0
0
1024
0
0
0
16
0
0
2
1024
128
0
0
8192
0
1024