57
21
21
462
49
50947
1486
28464
23099
50011
11813
49128
53309
8063
3250
24
30688
57248
23521
55505
48368
49775
166
31698
4323
19554
2794
48898
8793
58312
42091
17844
143
50434
8088
52614
26344
13434
14828
11875
54870
55958
28694
660
999
4128
52384
5116
2720
36832
38700
1966
34396
19921
26306
28272
65335
25880
463
59284
23667
13470
2438
35228
2188
46267
60666
4860
12090
22793
2043
2735
9022
302
55703
48083
20958
190
23541
56860
45378
63641
52340
2221
4510
15190
54244
47791
19269
5634
25962
30441
33480
22856
4104
61749
2780
39115
894
7604
18423
54652
52607
13755
6203
7324
56468
24724
3072
51403
6353
54100
19968
25615
4512
30707
11966
3180
16870
25361
20863
9374
9447
8225
116
43047
3583
5882
10175
25329
1018
16558
23679
19890
43246
16912
62808
34191
27036
15284
8864
42064
6395
25727
51934
38958
5648
1219
1405
19858
32440
31734
2195
53603
3392
35846
5068
5956
20994
12822
18813
46196
34166
20856
33467
5600
3200
20774
23122
47662
63655
60897
58219
54181
1455
36956
10785
35444
1031
16673
55706
65133
61991
65150
17750
22644
65028
50596
41836
1031
26780
6523
16432
4957
60610
55039
28880
61875
59596
57895
29637
29777
57398
33166
710
38906
1484
28473
16392
3672
55221
206
381
49269
33141
49765
47598
9411
52877
8622
17383
27301
27773
38782
31314
42446
45030
36
51336
19006
59351
7552
61851
4827
6244
54667
7486
64368
13601
30625
4004
25064
27939
57450
42579
56489
229
1398
36968
57469
13572
19201
24515
1362
12819
64643