37945
65504
21
0
0
8943
5504
2287
2554
19557
65525
42869
66
30966
1266
8431
1534
53721
47332
8694
592
55318
1087
9150
528
4
58084
511
55777
17069
48353
52189
47072
272
28237
65119
55003
43838
20468
16858
17076
57559
4319
33194
5156
1021
25764
47119
24669
4715
58574
128
50664
52169
58059
490
43146
4510
59332
35654
30856
255
2558
31892
51408
43201
383
2080
65364
38782
62394
40104
0
37994
53191
36712
8464
43110
992
32608
62687
35981
8962
63387
38698
35496
50602
16734
52984
32
1088
63619
2726
11
3986
3013
17468
16861
397
7993
16
54682
46951
50137
33196
53159
42642
223
990
127
4315
42021
17680
49692
1025
25360
23455
33047
44681
4607
36748
52881
41126
15626
38515
5118
3860
2308
512
37246
33374
36095
39673
60031
55418
39289
64888
1535
36
1024
57720
46446
0
576
2082
8563
1470
41178
38617
424
382
38
11214
43639
21256
47465
62179
62564
50272
38321
247
1
50129
16615
11339
12544
223
38809
15786
50990
48738
37717
20480
20718
46690
59729
38224
47690
64
7117
5630
9225
48788
25232
510
254
34373
53308
32
1022
4096
25216
40381
46657
65343
2173
511
2558
2559
16389
59727
14701
460
61491
63634
32537
64813
49969
6144
42332
39443
45425
0
58411
32149
4343
57383
4725
56376
61493
38436
32
48544
4478
59172
48423
42236
36949
3412
58643
46140
510
59927
510
34556
58922
1007
494
13810
5630
3102
40335
38670
41740
251
47561
20971
16638
45318
17408
45829
49155
16389
4287
2564
8194