38009
65504
21
2048
256
8959
5376
239
2554
19559
65525
42869
74
30966
1270
24815
5630
53720
47340
25078
592
55314
1087
9118
4624
4
58092
511
55793
17133
48353
52189
63456
4368
26189
48735
55003
43838
20468
16842
21172
57559
4319
33186
5156
1021
27812
47135
24669
4731
58574
129
50664
52173
58059
4586
43146
20894
58308
36678
30857
255
2558
31892
51408
43205
383
2080
65364
38780
62138
40168
0
33898
52679
36712
8464
43110
992
32608
62687
35983
8978
63371
46890
35496
50600
16734
52984
33
1088
63619
2726
11
12178
3013
17468
25053
397
7993
20
54682
46951
50137
32940
53031
42642
223
990
127
4315
58405
17680
50716
1025
25361
23455
33047
44745
4607
44940
52881
41126
15626
38515
5118
3860
2436
513
37238
34398
36095
35577
60031
55422
39288
64888
9727
2084
1040
57720
46958
0
576
2082
8563
1982
41178
37593
296
510
38
11214
43895
21320
47465
62178
62564
50400
46513
247
1
49873
16487
11851
12544
207
38793
11690
50990
48738
37717
20480
20718
46694
59729
38226
47690
8256
7119
5630
1033
48820
25104
511
1278
42565
53304
32
1022
4096
25216
40253
46657
65471
2173
16895
2558
2559
16389
59727
14701
460
61475
59538
32601
62765
49969
6144
42268
39443
41329
0
58403
15765
4343
57383
4693
56378
61493
38436
96
48544
4478
42788
48421
42236
36949
7508
58643
46108
8702
59415
1022
34556
58922
1007
1006
15858
5566
3102
40331
38666
41740
251
47565
20971
254
45314
17408
45845
49155
16389
4287
2564
8198