18466
65504
1037
9858
5028
3218
514
4390
1264
8204
1591
8320
12339
164
16898
20012
6536
28672
16900
1358
0
1664
1040
8624
12464
8229
8228
16610
16513
4260
31132
27278
22598
24896
1561
14468
27372
18657
18992
1284
5344
1806
1364
3612
17480
24584
23155
11092
9689
12672
2633
2528
16585
9225
10539
499
23500
13209
36301
15586
25215
5233
18681
43558
52915
56908
2048
8193
320
8208
2
128
2048
0
16384
2048
32
1026
1024
16512
9
512
32
0
64
0
0
1
0
4
1024
4128
0
0
8192
4104
1056
8192
1024
8208
64
1
0
0
2112
1
16
576
4096
512
16
8
256
16640
32
0
16
0
16
4
0
40
256
2048
0
12
68
0
4
0
2
512
1024
0
2112
16400
0
8
2048
136
128
512
0
512
8192
256
0
128
288
12
96
0
8
64
512
0
64
512
64
4096
64
8
32
8192
0
4
0
2048
8
1024
16
0
0
512
0
0
32
0
0
2
0
0
256
16448
32
4352
0
0
8
16384
256
32
512
32
0
0
16392
16384
16
48
4100
16384
0
2
64
0
1
0
136
0
32
0
16
2048
16
512
16
12
128
0
4128
0
512
0
2064
0
5
16
132
128
0
0
2064
8
260
0
4160
32
1
1
256
8
0
72
8704
16384
128
257
4
512
0
0
0
136
512
4