57
65504
5
43385
49
2295
1024
17408
18928
44863
12543
704
1
37376
8208
5523
0
25022
43896
19456
640
0
5118
1024
17536
64366
160
2550
25088
0
26864
10272
11552
50558
44860
0
16640
60758
8
64
36
9
22368
38273
32
255
57600
1278
41888
8502
44032
0
56832
45538
45056
38943
33152
15045
12304
37158
63360
494
512
20104
8192
0
37920
39658
16384
10358
18864
52665
8443
26771
45992
247
32112
247
8192
4168
45080
32008
33024
49696
18943
55976
255
27525
320
4789
20496
1957
508
17176
8208
44979
18432
23199
703
1023
55296
45570
4572
4224
55232
660
2560
33930
499
4096
43008
362
20488
4356
2
0
60804
374
59716
3105
672
918
10508
1032
48120
12286
39896
30704
260
43262
53058
181
4542
1024
4351
55026
509
31240
59904
39543
8200
13959
8
46574
55522
52259
46154
28964
9474
0
23045
52032
64
17030
63884
20480
8448
1169
32
44622
529
2080
1544
16641
32
22592
18926
31610
4
12670
45142
64593
1241
444
18432
16639
45571
56582
8304
508
31248
3583
35172
54952
132
29843
256
1534
48162
0
15838
38138
197
2114
43238
13312
1536
1155
7484
43649
58002
8204
8702
4598
4800
2246
64
4096
19554
27835
22000
104
63024
219
508
44126
1028
34
39134
16516
506
62255
20
10240
304
1105
20736
2355
16900
16607
770
3454
176
57055
16515
4349
14846
129
386
46780
61459
1033
16580
224
510
33548
8976
16454
9518
44
8
11521
1
15862
13688
528