57
21
25
59775
49
2247
17448
17408
18931
44835
12527
448
15
53763
8200
5529
512
25086
59516
19516
640
0
7164
1024
17928
64270
192
6256
25246
136
26872
14630
11488
50558
48959
64
24728
60727
16392
832
44
41
21984
38273
32
247
58112
1279
41867
8501
44048
8960
56864
45346
46104
38935
33162
6853
12692
37174
63360
491
624
20014
8384
4120
37952
39660
24728
11222
2736
52233
8442
26899
47080
8945
31344
1013
8220
5195
45150
32136
33024
49696
18943
55979
63
27573
480
4790
20496
1573
484
17176
8200
44928
19200
23135
447
255
55680
45570
4188
4224
55046
664
2304
34698
501
4111
43008
362
20484
4228
1
192
60804
630
60020
3089
675
149
10508
1806
48116
12286
39896
30614
263
43390
53058
179
4541
1216
4339
55154
509
31246
59904
39543
8196
13889
440
46824
55650
52291
46178
28868
9474
30
23141
52042
832
17030
63884
20480
8460
1175
32
45006
529
2080
1544
16833
416
22592
18914
30746
7
12590
45142
64593
1241
444
18528
16636
45571
56582
8310
496
31240
3535
35172
54948
132
29840
128
1438
48186
0
15838
38138
201
2114
43238
13312
1560
1091
7482
43649
58002
8212
8606
4854
4800
2246
64
4096
19566
27787
21904
104
62976
215
508
44126
1796
34
39134
16520
506
62255
116
10240
304
1111
20739
2355
16900
16575
770
3454
176
57031
16515
4349
14834
129
2
46780
61651
1033
16580
227
414
33556
8208
16454
9518
428
8
11521
25
15862
13691
912