57
21
31
59776
49
28177
39408
17915
18746
44835
61466
448
1008
53964
8310
12997
42976
25062
59504
52018
640
0
7116
52037
18161
55390
192
6158
25504
534
26872
14886
11526
14208
48959
575
29040
60727
16635
35336
236
790
21984
38258
348
1467
58247
1279
41867
8618
44504
5356
62240
45533
11556
32386
336
6710
44814
36937
63022
491
1006
58863
8384
4120
34712
39710
5980
10772
2881
52532
8438
26899
22800
9073
31344
11069
8930
63013
45345
4603
32982
40470
18559
55636
705
41677
50432
4822
31020
1742
410
32430
8392
44867
19449
23135
41758
63791
30208
45572
55852
4319
55097
53606
2304
56423
405
6435
42708
362
64272
41540
7
192
56576
58568
59914
3310
45928
245
38142
20696
64596
11518
54474
22416
0
43390
23816
26091
4797
14272
4339
50579
15296
31536
35956
39495
10800
13889
862
46359
5152
52540
46576
13452
9981
30
23141
52042
9728
57228
64112
20576
8460
1192
46016
44861
529
24702
1735
16833
110
5430
18914
31012
31
5390
45104
64609
1241
61351
64320
16413
52480
48408
8310
14
32160
5979
35485
54587
3624
15316
56576
1438
35576
96
16166
42526
36416
30525
64044
54272
15000
1088
7674
43550
57746
8243
8862
59542
4350
2374
10768
4864
48480
14459
11742
46866
63039
31299
98
44460
1914
4743
39102
65451
506
43411
363
11008
310
1111
20751
2352
22888
4059
18248
3441
406
57032
4418
4146
16928
141
50
46798
61741
1033
22344
412
414
33428
8208
16454
9697
54460
33078
11713
25
13086
13755
915