0
65504
21
0
0
38476
46096
50731
11392
44835
41488
54208
53312
53964
49000
56101
42976
52390
51550
40479
35436
0
7116
52037
18161
50558
64256
6158
62312
534
26872
1190
38912
14208
60780
44919
18176
53266
8784
36049
236
55492
21984
21602
39936
1467
58247
40144
41867
59513
16550
33228
62240
1243
11556
32386
0
6710
9208
36937
63022
53534
440
55407
0
39062
46688
3915
5980
57295
62715
60660
58240
22762
33024
60198
65280
9712
4500
10757
45345
4603
5252
51485
18559
27572
57621
17622
50432
10102
48832
53662
410
32430
30496
52483
57753
23135
41758
6505
15572
55652
250
38776
55097
53606
8088
44807
31760
6435
22118
18090
64272
53602
7
192
20480
39560
59914
3310
45928
245
38142
20696
64596
11518
54474
1936
0
33662
23816
35907
46992
33462
21844
59781
15296
31536
35956
1167
62884
57321
46800
35720
5152
3260
23390
2297
16208
30
19804
16611
32768
54083
22128
20576
8460
1192
46016
44861
63857
30749
1061
7566
110
59793
55356
50909
31
5390
37872
64609
1241
1559
15616
52415
0
42520
8310
39771
22764
11382
35485
54587
10752
52507
58328
1438
57216
96
16166
48414
0
30525
64044
54272
9536
46459
7674
43550
57746
8243
17280
64998
56032
56697
48706
13056
4096
51547
7984
6447
64256
8814
11232
44460
1914
4743
39102
52432
61856
43411
363
19041
310
1111
20751
62285
22888
4059
18248
2300
406
17494
38766
27170
16928
15573
62020
46798
61741
7145
4896
412
24576
32756
53018
51279
4096
54460
47216
6086
25
64545
6908
16276