37376
11810
21
38812
49
2687
40888
127
0
39560
34616
21237
1524
62195
11068
21560
33792
21918
511
41984
60120
60224
47872
8209
213
4130
23552
2432
127
7584
36172
0
0
144
35048
14295
20896
8256
6656
20080
4601
1774
62748
57621
56868
57088
8080
56017
10432
2778
5294
40986
1548
16513
23448
46558
12288
3374
18591
487
24576
12995
19724
33024
0
44613
27876
50493
55492
16735
48448
8208
28528
35104
11348
16631
33504
1152
22376
1749
36864
111
16830
65280
31856
45312
36864
64672
2
10494
20016
61888
45532
702
57344
45248
2568
0
636
55742
16384
1
6783
43746
546
61492
41912
32
4500
2303
2706
11109
39936
34366
9
48781
42316
20480
42224
1018
251
24823
27916
31818
59344
55552
25892
5136
0
51216
61400
25981
41024
28795
0
16261
510
61007
5120
44266
26624
49654
4832
0
56832
383
34192
53856
5624
23040
2048
53786
38912
372
21246
4096
10084
64630
16384
62401
20512
8192
38768
11360
58848
26718
16385
60424
36864
2127
15530
26595
23360
52567
41924
8738
4663
34684
14464
38637
48052
63669
16540
0
54656
48942
812
37916
1029
24872
47600
11202
0
450
38982
28046
49664
51729
20672
8193
26624
30961
57856
42012
51712
42699
36948
13263
45056
62046
48856
57298
16384
24514
20564
39648
25183
34015
48934
28032
55632
31296
16896
63224
50464
8439
47996
46988
13424
47570
21564
59431
44424
48606
63896
530
0
64203
56032
20992
0
32772
33808
13268
63344
5150
6658
2
8
8686
478
2303
10744
127
2564
8194