2105
9228
21
17249
48
16432
2316
6912
1036
12289
93
8647
8273
176
25091
524
20
16432
9
1032
3200
16775
532
4096
16646
2112
2268
801
1250
545
19
4
2195
4096
24640
18
514
20546
20546
80
14598
16
12592
4148
6144
300
3072
8193
4680
18816
5216
0
1930
25160
48
24583
8324
16808
12384
2756
24640
19200
2145
256
3072
352
16482
24
12304
8712
1033
11268
1040
8840
2640
2822
8218
17920
9828
16460
24612
1160
546
24704
16896
1426
196
4377
290
4
18598
8288
1120
262
455
9280
2054
264
16646
4208
960
8195
6688
64
4528
256
928
641
113
8226
9420
162
16385
16640
16648
4416
67
384
2566
208
1536
576
4737
8196
4636
18436
8194
7
16898
16760
16610
266
210
64
6197
8195
20660
1408
2324
416
8320
4744
12299
320
4108
1104
18
4144
2056
21522
4100
96
16417
16901
528
785
6880
5280
9344
4224
4138
66
16657
64
8384
10308
20634
2080
4
0
16522
1026
1672
16402
4801
5184
5184
520
4101
8288
260
4451
25600
12304
2585
6167
9244
4192
4130
770
416
16418
1060
12288
17541
4368
4112
968
4624
2180
2
538
1024
17926
6168
232
588
224
13198
228
4120
1548
92
19458
4484
1356
2176
17168
66
8644
10375
2385
18944
8964
8520
1158
4096
10420
18694
512
10272
275
16688
8372
16384
19104
1235
5283
17798
136
12464
583
16434
25648
82
4864
10
4098
16544
4168
19468
4098
24588
11140
1410
4612