4100
204
15
73
256
2048
0
16
2176
2
512
0
256
0
18448
4096
16384
1280
2
2050
4
16
4096
145
16384
0
0
0
2176
40
8192
1
328
512
2
20488
528
24
96
161
4
528
8448
48
768
6144
0
8192
64
8200
32
1536
256
256
6160
129
17412
160
512
144
16384
0
576
17440
0
16384
2050
64
4
130
1024
12
2060
576
4
1
0
1026
4096
16512
0
1152
132
288
24
64
64
16
0
0
4096
0
4
2
0
0
4352
1
16392
88
10240
289
1
2
4112
16385
24576
0
0
16384
0
2
24576
512
260
0
64
2048
2
98
640
0
0
65
0
64
65
12
0
10
8
512
0
2560
1025
168
3
0
2048
4160
144
9216
3
17
4
256
2112
0
256
8
80
16528
4480
12288
8192
520
4098
4
0
0
0
12
8200
128
2049
1024
16
2080
24576
0
8256
12288
0
2
512
578
0
2048
8192
1
16456
4128
16384
33
0
2112
264
24
2052
384
128
32
2
16400
4608
16384
2080
4
16
2304
8704
24
0
4100
3136
4352
0
2
1536
8192
128
642
0
2176
1024
8
8204
516
0
8192
16384
1024
2688
10
33
4
1536
4
12
1040
1
2048
4096
512
768
32
0
16389
1024
4608
8258
514
8192
0
0
2
288
8194
34
16
8
16396
260
0
576
2176