57
9228
21
21473
49
17520
2372
6928
1028
8193
79
8645
8273
185
25155
1540
20
16400
13
1096
3220
20871
532
12288
17798
2114
3294
803
1250
609
8211
6
2227
4160
24672
26
530
20482
20546
80
14598
1040
12722
4148
6144
302
3088
8193
4680
18816
5218
8192
906
25416
49
16391
10244
17832
12385
10948
24640
19202
2153
256
2080
352
16480
25
12304
12808
5129
11780
1040
8844
2640
11014
8730
17920
9844
16460
24608
1160
546
24705
17152
9618
196
4889
258
4
18598
8288
5216
2310
455
9280
2310
264
18694
20592
976
8195
6688
576
4528
256
936
641
625
8738
9932
162
1
16641
16648
4416
67
16768
2566
208
1536
576
4609
8260
4636
18468
8202
263
17922
17784
16610
282
210
80
6197
9219
20660
1408
2324
416
8320
648
12299
320
4364
3152
82
4144
18440
22034
4228
96
16419
25093
1552
785
6884
5280
9376
4224
4138
66
17681
64
8384
10436
20698
2088
4
1024
138
5122
1672
16402
4289
5184
5184
520
4103
8224
256
4451
25600
12304
2577
6167
9244
4194
4194
1794
160
16418
1060
12288
17541
4368
4112
960
4624
2180
2
538
17408
17926
7192
232
844
224
13262
196
4120
5644
16476
17410
12676
1356
128
16912
2
8580
10375
2129
18944
8964
8512
17542
4096
11444
18822
544
10272
403
16816
8372
16386
19105
17619
5283
18310
136
8368
583
16434
25648
16466
4608
4106
4098
16548
4169
18444
4098
26636
11140
1410
4612