57
21
405
21474
49
17424
2376
6928
1028
8193
143
8613
8279
185
25539
1540
24
16416
21
1096
3223
20807
532
12288
17797
2882
3102
803
1250
673
8211
10
2239
4160
24672
26
530
20866
20546
464
14622
1040
12674
4148
6144
286
3184
8241
4680
18816
5218
8192
842
25424
49
16388
10244
17832
12449
10951
24643
19298
2137
304
2112
336
16480
25
12320
12814
5177
11876
1040
8844
3024
11110
8730
17932
9844
16460
24608
1160
546
24753
17152
9630
196
4889
258
4
18597
8288
5216
2334
455
9286
2310
264
18742
20584
208
8195
6712
576
4528
256
936
665
631
8738
9932
98
1
16897
16656
4416
64
16864
2565
208
1584
576
4609
8260
4636
18468
8394
267
17924
17760
16622
474
210
80
6197
9219
21428
1664
2324
416
9088
644
12395
192
4352
3155
82
4144
18440
22034
4232
0
16803
24837
1544
797
6868
6048
9376
4160
4138
66
17687
64
8352
11204
20698
2088
4
1072
138
5134
1672
16786
4337
5184
5232
520
4871
8224
280
4451
25696
12688
2593
6183
9244
4194
4194
1794
160
17186
1060
12300
17539
4368
4496
984
4624
2116
194
538
17456
17974
7384
232
844
208
13262
196
4120
5644
16476
17410
12676
1612
128
16904
1
8196
10375
2129
18956
8964
8512
17542
4864
11476
18822
528
10272
403
16816
8500
16386
19233
17619
5315
18304
136
8368
583
16433
25648
16465
4614
4106
4110
16548
4137
18432
4098
26636
11076
1410
4612