2
29
149
512
0
180
10940
4181
42568
20740
14938
62860
22505
48563
17936
34072
532
8691
16448
1297
11618
20482
36864
1888
55808
482
50412
42374
15312
37792
16444
20790
1362
200
56196
1407
12826
60696
2960
1641
61217
34940
4313
0
32832
53924
436
61816
397
54307
39811
2952
4276
5184
20288
60057
201
8328
50724
64064
31284
19218
28964
17453
58625
2675
20860
10986
39568
11620
10946
42528
0
37996
23102
16774
480
836
10255
14071
22792
7010
595
24683
4403
13228
3373
41057
36864
34774
2465
44116
0
1504
33046
25050
12445
8904
39620
17440
19712
2544
11616
26666
20619
4758
28260
7639
8193
65526
25349
4968
20488
13230
4505
16422
32512
3127
0
21200
215
14345
32584
13595
44304
4105
57672
30
0
20875
605
49415
462
35296
62508
7107
110
52123
40501
22816
4220
4605
5796
45926
22880
37948
4374
39162
44432
33883
39432
33968
8256
25664
27944
27213
25088
33772
4736
49217
32768
32785
14532
14030
31456
3929
12
38763
19719
2318
36880
2396
36868
40323
30096
9443
136
56416
2306
8255
55744
39170
384
59929
47680
48106
52396
64896
12304
10935
16542
6656
8463
1002
33344
22504
0
57344
28938
27458
16880
2912
64750
55929
25176
16784
13824
354
62080
55
55958
38808
20720
41755
62176
56905
21784
38464
51648
16
60624
3188
3536
303
26656
1152
22530
7317
15104
21358
45280
4864
26372
23017
60398
2308
705
24632
2401
35734
36352
6496
11401
512
18244
59406
9152
21776
43008
18376
24582
22331
13120
11995
35112
27851