66
29
21
512
0
692
10940
5205
42570
20740
14922
62860
6121
64947
17936
34072
532
8435
16448
5393
10594
20514
36864
18272
55808
482
50412
42374
15056
37792
16444
20918
1362
200
56197
1407
12824
60696
2960
1641
61217
34940
4249
2048
32832
53988
948
61808
397
54275
35715
2696
4277
5192
20288
60057
201
8328
50724
64000
31268
19218
28708
21549
57601
2643
16764
10986
39568
11620
10946
42592
0
37996
23102
16775
1504
772
10319
16119
22792
7010
595
24683
4401
13228
3373
41059
36896
51158
2467
44116
1024
1504
33078
24986
12447
8904
37572
17440
19716
18928
11616
26670
28811
4758
28388
7635
8193
65526
25349
4968
20488
13230
4509
16430
32512
3383
8192
21456
199
14345
32584
5403
44304
4121
57672
28
2
20875
605
49415
4558
35296
58412
7139
110
52123
40503
18720
124
4605
5796
46054
22880
37948
12566
37114
43408
33882
39434
33968
8256
25664
11560
27213
25088
37868
5760
49217
32768
40977
14532
14031
31424
3929
4
38763
19727
2319
36880
348
36996
40331
30096
9443
136
56418
2306
8223
55776
39170
384
59929
47688
48106
52396
56704
12304
10807
24734
6656
271
1006
33344
22504
2
57344
28938
27456
18928
3040
64750
55865
25176
16784
13824
354
62081
63
55958
38808
16624
41755
58080
56841
21784
38464
51648
16
60624
3700
3536
299
26656
1152
22530
7317
15104
21358
47328
21248
25348
23017
60398
2308
705
24616
2401
35222
36352
6496
11393
640
18180
51214
9152
21776
40960
17864
24710
22299
13120
11999
35104
27723