57
21
20
512
2048
692
10942
5205
42562
20741
14922
62860
6121
64691
17936
34072
532
8435
24640
5393
10594
20522
32768
18272
55808
1506
50412
42374
15056
38816
16412
21942
1362
200
56199
1407
4632
60728
2960
1641
61217
34940
4249
2048
32960
53988
948
62832
397
54274
52099
2696
4277
5192
20288
60057
201
8332
50725
64000
31268
19216
28708
21549
57601
2642
16764
10986
55952
11620
10946
42596
0
37996
31294
16775
1506
768
8271
32503
22792
7138
16979
24687
4401
13228
3373
41075
36896
51158
2467
42068
17408
1376
33078
24990
12447
8776
37572
17440
19716
19952
9568
26670
28815
4758
28404
7635
8193
65526
26373
4968
20488
13230
4509
16430
32513
3383
12288
20944
199
14344
28488
5403
44304
4121
57672
28
2
4491
605
50439
4558
35264
58412
7139
110
60315
40759
18724
124
4605
5812
62438
22880
39996
12566
37114
43408
33882
39690
34032
8264
25680
11560
27212
25090
39916
1664
49221
40960
43025
14534
14031
31424
4057
5
38763
2049
0
16637
2
894
18778
255
44032
27648
520
12
217
2238
510
9437
38656
3070
48016
8427
4255
20703
382
41344
508
50752
7798
17663
4352
239
5243
16
25412
33392
511
16384
254
15968
48
8351
12416
2818
0
48096
25839
61600
1026
502
12124
62336
36759
8192
123
46372
1709
2056
32322
12704
0
0
6173
8192
256
442
138
253
255
16384
16897
2066
20333
16511
512
0
59563
1002
40413
251
61126
19948
0
56064
4542
62982
255
16384
10752
252
4128