38912
65504
21
0
0
4112
49440
43762
63472
9
59862
8576
8655
52782
2876
254
251
8192
0
4400
0
51628
20512
64
30952
2112
2542
57723
37932
767
495
44358
16
6144
24767
59799
46144
53248
38348
24527
63488
0
7168
0
2271
15648
38656
4030
32768
11422
4606
18432
53528
8192
5466
5340
48528
8
8256
3308
30720
64
0
14466
0
33024
48508
25326
19836
35246
16570
9216
0
520
37696
23574
44000
20147
9216
0
32
127
253
45418
16640
1834
60268
64224
2816
254
5196
59584
2800
8194
6196
1983
32768
503
32768
10314
23608
40960
18768
192
0
28974
5520
875
512
10995
59392
45150
20256
16657
502
52416
65
46862
1022
32834
12184
61952
44000
762
8688
57812
15352
28033
18176
9480
20735
22575
2066
320
0
0
4
0
0
64
8
0
8
8
128
0
0
256
2048
0
0
0
0
2048
0
0
0
0
4096
256
256
0
0
4
0
1
0
8
2048
16384
0
16384
0
0
0
0
0
8
0
256
8192
0
64
64
0
0
4
0
4
0
0
1024
2048
0
16384
0
1024
0
0
0
512
0
0
0
0
0
8
0
0
16
4
1024
0
0
512
1
0
8192
512
16384
0
0
1
0
4096
32
128
0
0
1
512
0
0
256
0
64
16
0
0
0
0
4
4096
0
0
512
4
0
0
0
0
0
1024
0
2
8