41
330
491
58932
49
1404
1017
36847
16620
43978
1738
38926
15612
22696
30816
16770
34576
22972
17428
5962
4351
1914
43636
2
26624
50773
16672
24996
16726
12211
37424
20325
52224
62
17925
127
31264
20894
18830
1502
1535
43058
64
3974
17428
25071
21470
10260
25134
12476
2636
704
50444
8700
4954
739
763
53215
22784
4576
27396
11702
60098
17150
9384
1020
27712
140
24996
4182
24640
5339
26400
30903
62392
1750
5342
37658
3513
63243
127
6631
1744
38234
37424
10
14512
46280
1659
9687
21598
11264
8196
13027
20544
27131
0
30206
22784
17291
20160
20721
32762
10751
27624
33702
4864
1527
62248
16664
14494
60977
22728
446
52616
6441
1068
16
26012
25071
3928
37338
10528
14348
5598
182
8200
29063
673
4608
57696
11267
17336
438
22454
26092
4501
6848
19148
16907
60280
71
24974
65324
20503
8639
4098
57333
2881
24624
57104
577
64064
8821
17910
8203
38784
218
4279
20610
2385
12428
18450
12543
41524
45750
14942
12295
7712
5051
27130
18177
204
41908
7552
513
2848
4256
3227
8679
11280
24576
61448
8280
61570
16913
22788
27905
50912
16572
315
13056
19457
50688
36638
60945
1210
38176
18100
4326
24192
58070
760
46379
11447
49804
27135
16644
11392
1407
872
64284
10919
4542
62032
4219
49928
12667
27138
62554
3091
28497
41024
1447
4256
264
20918
17559
18687
9296
5322
250
1056
55072
16456
39816
37281
16512
19844
32789
797
51953
1263
25728
5376
33390
8520
4669
3322
4343
58032
29240
344
26366
20223
41034