41
330
1003
58933
49
1404
1017
36815
16620
43978
1738
38924
13564
22696
30818
16770
34576
22972
17428
5962
4351
1914
60020
18
27136
50781
288
24996
16726
12211
45616
20324
52480
4158
17921
2175
31280
20878
18862
1502
9727
43026
4160
12166
17428
27119
21470
10260
25134
12478
2636
705
50188
8700
4986
2787
763
57311
22784
20960
27460
11766
60098
17151
9256
508
26688
1164
24996
4182
24640
5339
26400
30903
62376
1750
5342
37658
3513
63243
8319
6639
1776
38232
37425
266
14512
46280
1659
9687
21598
11328
8708
13027
20800
10747
0
30206
22786
16779
20160
16625
32762
10719
27496
50086
4864
1527
62216
16664
10398
61233
20680
447
52620
6441
17452
48
26012
8687
3928
37338
8480
14476
5582
182
8192
29063
672
4608
61792
11523
17304
950
22454
25836
4533
6852
20172
16899
60280
71
24718
65324
20503
8383
4114
57333
2881
24624
57104
577
64064
8789
17654
8203
46976
218
4279
20610
2385
12684
18450
12543
41524
46774
14942
12423
7712
5051
27130
18177
204
41780
7552
513
800
4256
3483
8695
11312
24576
61450
8280
57474
16913
22788
28033
50912
188
315
13056
19457
50688
36638
60944
1214
38184
18100
4327
24192
58054
632
46379
15543
49804
27071
16708
11392
5503
17256
64284
10919
4542
62040
4219
54024
12411
28162
62554
3603
32593
41024
423
4256
264
20918
17559
18687
9424
7370
250
1058
54048
16456
39818
37283
17024
19844
34837
793
49905
1135
25728
5376
33326
328
4669
3322
4351
57904
29240
345
26358
20223
41034