57
374
1003
58939
49
1378
1017
36791
16621
44022
1718
39028
5372
22695
30866
20866
34574
22860
17435
22322
4287
1909
60232
29
27149
50269
344
24924
16726
12235
41518
20324
52482
4158
17929
2431
31295
20876
18903
9664
9727
43114
4280
12150
17460
27031
21294
10267
25174
12478
2636
735
52236
9724
4490
2715
711
57311
22784
29152
27512
11766
64254
17091
1064
504
26816
1148
24996
5192
24828
5339
26398
30903
62356
1745
5342
37670
4025
62987
8304
6431
1776
38232
37389
506
14513
45300
5733
1481
21598
11328
8731
13027
20916
10741
0
13762
22812
16779
20160
18673
32760
2527
27496
58278
783
399
62456
292
10342
61233
20536
447
52610
6441
17492
76
25986
8674
2916
37338
8476
14476
5326
246
8192
29047
1752
5872
61848
11643
17303
9142
6070
25628
4557
6874
20148
18947
60280
183
8370
65324
20591
8271
4381
57321
2881
24626
57151
609
64124
10837
17414
8203
46976
218
4279
20618
2433
12700
18656
12535
42538
46662
14894
12456
7806
4788
27125
18177
16588
41780
7583
535
796
4286
3555
8695
11336
24816
61450
168
57474
17041
22840
28046
50912
188
309
13058
19697
50688
36638
60945
1214
38224
18100
4325
20096
59130
2680
46379
15543
49840
27983
18756
11407
5499
19352
64356
10919
4582
61984
4219
54070
4099
28169
62635
7727
32638
41406
423
10799
60435
27672
40630
38899
41734
22166
228
15396
62431
16396
39797
36941
17144
19866
47620
805
49934
1183
61602
5134
52796
21387
13277
12781
5624
59087
39713
342
50179
20208
41387