57
21
21
31177
49
43576
40474
386
26602
50946
48476
60243
33878
12481
65224
30348
34542
22860
17428
38789
4417
61146
59000
37942
34448
49630
55948
53180
16726
2097
13216
18357
18253
4544
18636
22383
5192
28911
56949
13031
9727
43109
4168
12153
65232
62962
38464
52307
30902
979
15572
8301
14912
10540
49272
12017
20541
4211
7724
63857
27273
41347
43008
29891
14848
503
16958
1148
61984
8514
50505
5413
33296
40592
64485
17654
5342
19208
17868
63477
24031
10304
1553
53915
37389
4191
2098
45300
2856
30399
46220
11680
38280
39863
46904
33108
0
37779
50527
16763
25614
31783
5140
26400
62075
962
3180
23036
371
58792
40512
1196
14464
3025
52610
25615
18120
143
25997
26004
55653
60039
59336
11718
17842
17797
38904
46087
1576
8577
62396
8810
17408
34029
5748
25827
15189
52668
36144
50318
23088
207
8524
62412
64144
6946
44938
13185
23365
52982
21485
657
44618
733
24890
46978
33494
10361
62706
16307
47104
31136
50274
12597
4988
64105
19063
59879
14118
4982
2879
18190
16444
27857
7587
47140
19779
62144
3356
49775
52764
24882
22698
19602
14344
17191
4644
56107
38532
36949
65139
65295
20431
43128
59710
12153
57532
13968
15164
4372
56474
23366
29600
28850
22241
50000
34063
10264
21343
15478
19231
48789
59957
4377
6054
4167
54070
20909
38115
11830
52660
33233
56698
46587
10799
32277
27952
50984
38899
20574
22166
228
56736
62431
16396
61031
940
17144
22316
888
805
44878
1183
4550
40438
55366
21387
10187
12781
28252
19238
62221
21838
9463
20208
41387