4
140
15
72
256
2048
0
0
2048
2
512
0
0
0
18432
4096
0
1024
0
2050
4
0
4096
144
24576
0
0
0
2048
32
0
0
320
1536
2
20480
528
24
96
129
4
16
8192
48
256
6144
4
8192
64
8
32
1024
256
256
6144
1
17408
32
512
128
0
0
64
16416
16
16384
2050
0
0
130
1024
8
12
64
0
1
0
1026
4096
128
0
1024
132
32
8
64
64
4112
0
0
4096
2048
0
0
0
0
4352
1
16384
80
2048
33
0
0
16
1
8192
0
0
16384
0
2
16384
512
4
0
64
2048
2
34
640
0
0
1
0
0
64
8
0
10
0
0
0
2560
1025
136
1
0
0
64
144
1024
3
1
4
0
64
0
256
0
16
144
4224
12288
8192
512
4096
4
0
0
0
12
8
128
2048
1024
16
2080
16384
0
64
12288
0
2
0
514
0
2048
0
1
16448
4096
16384
1
0
2048
264
24
2052
256
128
0
0
16
4096
0
32
0
16
2304
8704
8
0
4096
3072
256
0
0
1024
8192
0
514
0
2048
0
8
12
4
0
8192
0
0
2560
10
1
4
512
4
8
16
1
2048
4096
0
256
0
0
16385
0
4608
8194
2
8192
0
0
0
256
8194
34
16
8
12
4
0
64
2176