48445
42
21
0
0
509
16577
51988
4912
185
11251
9997
4864
53002
16512
26145
35026
1152
61528
24798
1877
23255
6654
60053
2877
54486
9
672
6878
9502
6554
63317
37846
9125
49540
52943
18187
17984
12795
3223
35544
494
34939
2412
8663
19562
254
50334
12484
2958
8720
1918
19330
19959
3835
11395
34806
32259
2824
60770
21193
37497
51786
29728
37617
62
59080
29458
45222
60746
4347
31712
20853
23387
8192
29591
10643
17859
4096
60272
53921
17392
34741
34625
23526
9948
21426
6346
3054
4936
3436
28016
14555
14520
10495
28995
12444
19147
54716
24759
8208
63209
42748
29108
59383
43134
33455
4451
24216
55839
26719
42621
45173
31216
9046
54033
4674
58187
17778
10708
18050
511
1592
17652
96
22124
34798
246
14600
46703
774
11160
49680
21811
7233
42784
17972
1280
38044
15303
30186
41096
35647
7194
48149
2048
8314
18242
62029
6426
399
30543
10495
40106
60933
17716
31026
1115
21236
14561
4654
17842
268
16474
19896
1029
4314
1061
2303
7081
22391
44985
6367
45337
10586
17252
58468
30005
25726
28391
25444
4598
2320
18905
1539
6223
455
26030
17606
5176
525
1
17680
38481
5512
26513
63673
11973
30170
25903
1023
33377
5968
33694
49657
430
256
12809
1214
8260
30130
4355
42158
22991
21758
17378
4620
63519
53100
11642
24280
15872
12064
9204
379
19403
2904
3747
40811
61630
19541
46158
30358
4369
9151
875
41687
33635
361
13074
4115
1610
21954
16827
4192
23204
12026
60913
11578
2080
13030
44395
3068
24953
45080
59002