57
42
5
0
4
477
16577
51988
4912
185
27635
10029
4864
53002
16512
26145
36050
1152
45144
24798
1861
23255
6654
60052
2877
54484
25
672
6878
9502
6546
63317
37854
10149
49536
52941
18219
17984
12799
3223
35544
494
34907
2414
8599
3178
255
50334
14532
2959
25104
1918
19330
19959
3803
11459
34807
32275
2824
60770
21185
36985
51818
29728
37617
62
59112
21266
45223
60874
4347
31712
4469
23387
8192
29591
27027
17859
5120
59760
53921
21488
34709
34657
23270
9940
21426
6282
3054
4936
3372
28020
14547
12472
10495
28995
12444
19147
54716
26807
8208
63209
41724
29108
58359
43130
33451
4451
24216
55839
26719
59005
45157
31220
13142
54161
4674
58179
17778
2516
26242
511
1592
18164
96
21612
34790
16630
10504
46703
262
10648
49712
21811
7237
42752
17972
1280
38108
15303
30186
41096
35645
7178
48661
2048
8314
18242
62029
6490
271
30543
10495
40106
61061
17716
31026
1243
21236
14561
4654
1458
268
16475
19896
3077
4314
1077
2303
7081
24439
44969
6623
45337
11610
17248
58468
29973
25726
26343
25188
4598
2321
18904
1539
6223
8647
26030
25798
5178
525
1
17680
37969
13704
26513
63673
11973
21978
25895
895
33377
22352
33566
49593
430
384
12297
1086
8292
30130
4355
33966
22991
22014
17378
12812
63519
51052
11642
24280
15872
12064
9204
379
19339
2904
3747
57195
63678
27733
46158
30358
12689
9079
875
41175
35683
73
14386
4619
1628
30146
8891
4448
23275
28310
60721
9530
2084
12592
44395
2594
29309
45080
58237