4228
8330
16447
72
11011
274
18504
16425
6152
16385
770
528
4108
16514
2114
20544
4614
5280
16480
8194
1036
3
12316
16
12306
2565
8481
4626
0
16416
68
376
17608
1152
1232
22272
612
8
4192
1
17412
8240
0
32
256
12305
4609
10304
5194
0
24864
1058
16386
4352
6700
17666
18437
288
516
4516
4244
80
19538
8236
6224
2432
1554
16898
2
1122
2144
32
4104
16384
8200
4101
321
160
256
16
544
8209
480
4640
4108
584
8
20514
2049
512
5120
6280
21
256
12560
3088
16704
16
20576
24609
2128
20514
10
8193
5552
3584
14400
30976
24640
17416
1032
2
16496
144
16542
20506
1048
3
8352
8
4512
0
98
16413
512
264
2248
2056
128
1
800
17152
2072
2112
17680
2120
3088
1564
24608
8259
276
2065
4178
16473
1113
17
8192
8192
768
0
1616
2077
8354
8394
24576
2818
29186
18947
16400
4
4274
4116
10528
16928
18528
1348
2052
16384
32
3136
20580
4864
4609
16710
2210
8320
66
4099
12288
4897
16448
4480
2720
3
4240
3113
9
2056
5908
8518
20632
145
16396
12372
4224
66
4352
8210
520
19456
8512
24
16393
19474
3348
304
24608
8192
528
9266
8
130
8208
17280
12800
832
25608
2100
16
516
8224
2336
15360
10
137
2560
281
8352
21000
528
520
2049
8192
2338
33
128
6146
16896
48
4256
1056
24582
27650
16656
1040
3088
2563
9472
12418
4248
18696
10374
6276
2056
20802
168