4228
8586
21
2120
11011
386
18504
41
6200
16385
774
16
4108
16546
2130
20544
4614
5280
20544
8194
1038
131
12312
20
12562
10757
9509
530
0
17440
8260
888
17481
1408
17488
5888
2676
264
4128
1
17420
48
8192
1060
4352
12561
4609
10304
5194
16386
24928
1058
16386
6432
6700
17668
18436
300
516
20900
4500
80
19538
12332
22608
2528
1562
16902
2050
1122
3168
256
4108
20992
8280
4101
835
8354
257
8208
544
17
448
6688
5132
590
8
22562
2069
528
1024
6280
117
256
12560
1040
16704
528
20592
24608
2128
4130
12
12289
5552
2560
14338
22784
25792
17408
1034
2
16500
144
16538
20522
1048
12291
8420
8200
288
8320
16450
16925
8704
266
2264
2056
132
5
800
17152
2072
10304
25872
2122
3088
3613
24626
8263
276
2065
4434
89
1113
8209
8224
24576
17153
8
1624
2077
8418
24782
24576
2850
12802
23047
16920
4108
4274
4116
10528
21025
18912
1364
2052
16896
4129
3136
16740
4864
12801
16710
2978
9344
578
6659
12320
800
16456
4480
15008
3
4498
3129
9
2056
5460
8518
20638
128
17420
8212
12416
83
4368
14354
776
27648
8448
24
16393
3090
1300
304
24608
8704
528
9266
536
8322
8192
17152
12800
16704
25608
2100
18
512
8224
2337
15425
16394
8329
6660
4505
8416
21128
2560
24
2065
8194
2338
99
129
6658
16898
304
4264
5120
24582
27648
20752
1040
3096
10755
11520
28802
4249
19208
10390
132
2056
22848
16568