62009
42
21
0
0
386
37424
41
6343
16895
37884
16
4108
16546
2130
8880
5112
48974
20926
59625
1265
131
12312
20
55252
10757
9509
1004
0
17886
8379
888
57750
38239
17488
5886
2954
246
4128
62935
9930
42661
8447
1060
37844
58050
4862
10686
5194
59340
5484
38639
16386
50346
6700
55491
13004
210
516
20900
4500
56083
19629
12499
56175
2528
59352
16902
2050
1122
3168
254
4108
65461
50780
4101
34807
8540
53168
8686
52944
17
55021
6688
5132
60082
63904
22562
2069
528
1279
6518
117
511
57522
1040
16704
751
20878
24799
64587
4130
498
56218
39142
43461
14844
22784
45544
17408
1034
57485
16778
144
16740
20522
1510
12540
36088
8200
38568
36236
47828
15266
8704
25872
27100
2550
123
60026
39004
59773
63380
47291
17412
2229
26744
3613
25036
8376
37983
2543
4268
423
42007
44416
8670
25086
17153
8
1624
2531
8221
15157
24831
42375
13308
23047
56904
4594
4173
4586
46491
894
64060
63237
2052
62807
64377
51351
16538
28669
61778
16710
52480
975
48141
6908
12511
34860
59907
4480
15008
509
4461
45582
503
53051
5547
26943
20577
39871
17906
21608
62654
172
4368
12877
776
27648
4151
38173
16393
3090
63304
50178
24799
11872
1006
9266
21059
8322
8192
39253
53546
16704
19231
2506
18
30282
8415
15207
51299
16629
42953
53786
4199
54013
21111
60953
231
2286
62746
53561
156
126
6658
60431
206
4438
5120
24825
28158
20752
1040
54770
11004
11518
28797
4198
19190
10600
132
2550
22848
16568