57
42
38931
0
0
386
30250
49954
6343
16895
15602
16
4108
16546
2130
929
5112
48974
7084
59625
38365
34414
8962
20
55252
10757
9509
1004
25544
58049
8379
61785
11862
20798
17488
5886
2954
57297
64250
48304
36730
42661
8447
1060
37844
58050
4862
10686
5194
59340
49978
22972
4558
50346
62710
55491
13004
210
55126
20900
39512
40918
61551
12499
56175
2528
59352
16902
2050
57629
64026
254
4108
51820
50780
47802
34807
8540
53168
8686
52944
17
33435
50554
41656
60082
63904
7627
2069
43447
1279
6518
51737
511
57522
60849
16704
751
49098
24799
64587
4130
498
19916
6782
9715
26920
22784
19836
17408
41884
57485
16778
144
36480
1975
1510
12540
36088
8200
38568
36236
47828
15266
8704
12947
8542
58743
43003
60026
39004
59773
26764
47291
1150
45870
26744
40340
25036
8376
37983
43362
4268
59160
10375
10957
7244
57304
17153
57459
1624
2531
8221
28522
19301
42375
13308
9578
49322
4594
4173
4586
46491
894
64060
63237
2052
62807
55249
51351
16538
28669
61778
16710
52480
975
48141
41547
12511
31353
59907
4480
15008
509
4461
28245
503
14021
5547
26943
20577
20033
17906
21608
62654
43753
4368
12877
41282
27648
36263
38173
41845
3090
63304
50178
4419
8593
1006
9266
21059
60591
58412
39253
53546
16704
19231
2506
58168
64367
8415
60298
51299
16629
13289
53786
4199
54013
21111
60212
33537
27424
60978
22142
156
126
6658
38946
206
53351
62480
16136
57626
47402
56348
44285
52742
7431
28797
4198
55036
10600
132
52985
22848
65209