65460
65504
21
0
128
63833
37941
63743
1551
35342
56057
37458
23645
41394
56022
438
56988
42741
6332
30487
44445
2074
37776
52888
3975
24835
37719
10364
65508
2848
9273
30570
39888
4918
53657
2841
9220
64278
49239
39862
40
31874
39316
63730
64068
59108
250
104
19033
14904
38836
41820
64713
1933
60179
12328
50024
154
8025
8606
8
1357
34112
1218
110
34359
64123
56702
31509
39760
55160
2452
29728
41234
26688
44317
27244
878
40708
61754
13214
278
33375
8201
57438
21640
27361
46251
64830
56400
19716
4474
54612
41484
39258
4326
9722
24592
8432
6002
45408
30860
6298
2112
2696
2159
16417
55244
38258
58704
4155
56788
56681
63036
1302
60747
48732
36158
2173
383
36880
49786
64156
65142
8715
58754
4306
44696
29112
256
53363
51594
1465
17151
62185
12683
5354
47739
21080
2238
54036
45073
40398
60069
50476
43658
35651
55445
42417
39724
150
34475
41410
14974
49390
54028
54772
6671
47111
42337
23448
35134
14673
47221
5129
17460
60888
52654
55154
52411
42224
31388
48800
17190
61701
53321
505
1749
21710
36486
60754
622
17828
39708
35764
256
12915
11968
486
372
255
1255
38253
36432
61194
51553
257
43697
23625
189
55238
57052
42576
54317
15476
7340
60404
28714
48430
60545
13523
4772
1320
8769
64866
4606
14347
2024
35085
39462
62628
53475
56383
8449
226
44826
54810
9594
62660
26841
6045
35351
7384
56975
33903
46555
64779
7091
30902
49676
561
313
8194
33575
46403
42239
8656
32159
16220
37418
52281
56171
10360
15110
16259
766