57
5
277
50471
2532
49664
48802
2048
1024
3070
4385
38158
1022
5510
508
25023
1151
4540
16895
25676
9280
16416
2304
41369
30648
7296
13313
49072
33792
15805
53224
11388
33504
2558
16
46130
49368
0
468
42409
25480
22016
18028
60218
7551
32678
375
9169
3536
33378
58840
44373
36
36468
18920
128
28672
16384
26944
8736
45280
60684
29056
247
57344
446
23036
640
2056
25168
22368
57346
16894
25604
21984
51545
46440
1534
4330
16890
33792
45246
10496
59510
17432
8
16630
30012
19792
41898
36940
3264
10088
31483
8895
23392
32768
50302
25086
18720
111
28005
64512
21557
62336
9220
3323
158
1041
2049
222
57724
502
1800
17296
576
10008
34955
1215
890
55232
40904
43960
1305
28528
59290
1505
48418
16384
42718
34052
13152
2207
4608
46324
16897
29760
8192
1025
2452
56704
20512
55912
18161
0
1
4224
6387
6654
3070
45056
7168
51200
40332
28072
14607
1041
52835
48608
734
17410
4114
46208
7421
15689
8192
23616
2738
31392
16548
36694
8319
446
8375
24228
27392
648
642
4664
26071
44609
52731
4351
21504
57344
6883
40168
9600
8348
39496
12535
48834
512
7460
58352
55756
63874
13055
45112
254
45264
2301
64171
1023
33328
17260
8243
61048
37376
20351
59648
1536
1492
16759
62632
55520
9598
12289
6112
1146
2305
55808
40512
16583
53248
4343
8575
51273
63184
45358
1526
0
19898
6031
5968
41174
36544
54803
4612
8574
26624
25508
8604
27722
24480
42112
44593
52377
51264
58667
38712
26654
24900
64
7872
508