8249
65504
277
50471
49
49664
65186
2049
1024
1022
4385
40206
9214
5510
508
25023
17535
4540
16895
25676
9216
16416
256
41369
30650
7296
13313
48944
33792
15805
53228
11324
33504
2558
16
46130
32984
8
468
42409
25480
22144
18028
60218
7551
32678
375
9177
3520
33394
58840
44373
8228
35956
18856
16512
28672
20480
26944
8992
45280
60686
29056
247
57352
444
23036
128
2056
25168
22384
57346
16862
29700
21984
51549
48488
1532
4330
16890
50176
45310
8448
59518
1048
8
16598
30012
19792
58282
36942
3264
10216
31481
8863
23392
40960
50302
25086
18720
127
28021
64512
17461
62336
9220
3323
1182
1043
2561
222
59772
8694
1800
17168
1600
10008
34955
9407
890
63424
40904
43961
281
28272
59290
1377
48418
17408
42718
34068
12896
2207
4610
62708
16897
29760
8192
1025
2452
56704
20768
55913
20209
0
2049
128
6387
6526
11262
36864
7200
51712
40844
28040
14735
1041
52835
48480
8926
25602
4114
46208
7421
15689
0
23616
2706
31392
16612
36678
8319
446
24759
24228
27392
640
642
21048
26071
44608
52729
4351
21508
57344
4835
40168
9600
8340
39496
12791
48842
512
7972
58352
55756
63874
12927
45114
254
45264
2303
64175
1023
33328
17252
24627
61050
33280
24447
59648
1538
1492
16757
62632
55520
1406
12289
6112
1114
2305
55808
40512
16582
53248
4343
8575
51275
63216
45359
1526
8192
19898
5775
5972
41206
34496
54803
4613
8574
26624
25508
8604
27722
24496
42128
60977
52633
51520
58635
38704
24606
24900
64
7808
509