0
140
15
72
256
2048
0
0
2048
258
512
0
0
512
18432
5120
16384
1040
0
2082
4
16384
4096
1168
24576
0
0
4096
2048
32
1
0
320
1538
2
20480
528
536
96
2177
4
528
8704
48
256
6148
4
8192
64
8
40
1024
256
4352
6144
1
17416
544
512
128
0
4096
16448
20512
17
18432
2050
0
64
16514
1024
4104
8204
192
0
9
0
1026
4096
128
0
9216
4228
32
8
64
64
12304
0
2
4096
2048
0
0
0
0
4864
1
16400
336
2064
33
0
0
16
1025
8192
4
0
16392
0
130
16448
768
5
512
8256
2560
16386
4130
656
4096
0
65
0
1
64
8
1024
42
1
0
4096
2568
1537
128
1
0
8
64
144
1040
3
1
4
0
65
0
256
0
18
144
4256
12288
8192
768
12288
4
2048
0
4
4108
16392
132
6144
0
16
2080
16386
2
64
4096
8
2
0
642
0
2048
0
33
18496
4160
16416
4097
0
2048
264
24
2052
256
136
512
1
16
4096
0
32
0
0
2304
8705
8
0
4160
3072
384
0
1024
1024
9216
2
518
0
2049
0
8
524
260
32
8224
0
256
2560
8
8193
4
512
4
520
16
16385
2048
4096
256
16640
64
512
16385
0
4608
8258
66
8192
0
0
0
256
8258
34
0
8
12
132
0
1088
2176