8197
65504
4373
50489
49
49664
65242
18433
1024
958
20799
40414
9214
5520
504
25023
25607
4284
511
25620
11264
16416
4352
41364
30650
7300
13313
48686
37888
15805
53100
11388
33500
10510
104
46274
32976
8
468
44454
27527
22208
20076
43834
7551
32681
375
9181
3524
33394
58839
43354
8228
35972
18742
16512
28732
20541
27004
8992
45167
60706
24960
184
57366
444
23036
1182
10248
25424
22382
57346
16774
29940
20960
51539
49048
17796
4276
16890
50178
45281
24832
59586
1060
24
16601
29994
19792
50090
36958
3264
10196
14857
9123
23136
40991
50558
25086
22816
95
28533
64525
17973
58240
9220
7419
1134
1043
2561
209
59764
8694
1800
17168
3640
10008
34939
9414
864
63424
40728
43705
281
28256
59317
1535
48418
25600
42718
34068
12900
2193
4730
62580
17017
30272
8223
1085
2472
56720
4384
55913
20209
8432
2169
112
2291
6526
11262
37376
7200
51713
40836
28062
14720
3117
52831
48491
8938
25602
4146
62607
7421
15801
1
7232
2794
31448
17131
44862
8287
190
25015
24235
27407
624
642
21032
26061
44088
52729
4351
21560
57344
4763
39960
9600
8340
39496
12777
48858
512
8012
58112
55634
63992
12833
45114
254
47312
2063
64174
1023
41664
25444
24636
60986
33340
24447
63864
1538
3530
16762
62484
55520
1406
12288
6112
1114
2425
64000
40512
20678
53310
247
8575
51831
62704
45856
1526
8192
19748
5811
5908
41193
42688
54861
4613
10502
26872
17372
8676
27978
24511
42130
60977
52645
51550
58739
38592
25122
16708
176
7808
4545