8647
42
4373
0
0
49679
51440
11178
2817
56474
29764
58587
40352
5489
504
2500
32768
51613
40940
26663
32411
16431
41268
41364
59616
12691
40218
35071
25160
31682
35722
17042
8
56795
23244
23737
58880
43496
38704
619
510
239
25069
385
44260
2119
46730
54227
49152
64893
38150
17376
4112
3066
39704
16476
378
32276
51908
16391
52357
446
35616
189
8256
765
54199
58560
1470
4928
0
44900
29840
58295
60598
60988
2355
2
60694
336
6
54291
51622
6291
37791
9760
4301
6386
30464
4311
46042
35362
196
48791
61085
39966
44962
124
0
53204
25831
22640
65436
51607
928
1375
51606
53143
13676
16866
2592
1
27808
37230
398
260
3583
1215
256
2555
9216
51535
59104
17732
16382
56689
288
4741
764
3239
31520
17060
49432
64
17904
28475
32112
230
30826
2048
58568
0
37924
54632
49780
87
6511
18938
56396
50170
51268
12959
8442
8746
9783
4098
1536
55040
41434
73
3
13911
47540
54980
12
10751
59691
17058
1912
54016
65026
0
9568
1408
41810
20
50928
50951
1532
28108
52296
54475
21520
11769
416
1
24862
32816
11720
11205
43141
7410
50554
54142
32758
519
54332
48380
8742
256
5126
55696
37583
51316
40012
61410
54045
60452
61143
59143
41790
502
3250
24111
32
33576
44040
8445
2688
30225
640
15651
41250
43614
127
38926
32768
12352
17706
827
2842
55994
9689
1095
1342
794
42989
52485
65272
51455
37136
506
19620
16627
14796
60131
32246
53611
1024
14768
55900
22709
59605
16386
59114
36141