57
243
146
4738
49
48539
58883
5990
48228
17254
25624
12436
47347
57707
1317
33436
37735
52218
29905
6
8754
15046
37736
51572
62806
727
120
354
43489
10203
35722
17170
239
56358
22578
23897
58622
43267
38408
533
510
217
24877
1
44260
2777
46964
54227
49152
64893
38150
17366
4335
2274
39654
16860
353
32274
51652
16628
52345
32
35808
323
8280
773
53834
58560
1152
4928
0
44580
30126
58235
60622
61171
2357
508
60694
457
6
54307
51300
6293
37217
9744
4403
6157
30270
4300
45658
35554
443
48535
61085
39966
44946
100
383
52798
25624
22645
65436
51607
990
1695
51606
52850
13676
17122
2592
26
27737
37361
14
452
3367
1409
280
2168
9536
51535
59166
17732
16169
56695
212
4741
668
3239
31544
17192
49435
128
17518
28612
32112
352
30874
2813
58550
126
37924
54408
50058
87
6831
18950
56396
49788
51387
12902
8444
8746
9521
4146
1632
54936
40996
439
240
13976
47431
54819
235
10499
59860
17212
1673
53758
65230
48
9568
1432
41141
20
50736
50999
1506
28076
52439
54316
21871
12021
416
511
24800
32816
11569
11171
43322
7181
50565
54157
32270
993
54978
48380
8742
896
5883
55774
37554
52084
40018
61394
54266
60631
61225
59143
41921
8
3404
23855
472
33582
44048
8253
2432
30703
640
15836
41437
43793
224
39420
32798
12376
17620
962
2844
55990
9713
1063
1336
26
42770
52361
64920
51458
37139
776
19644
16624
14386
60155
32246
53611
1509
14668
55898
22610
59818
16868
59114
36011