57
243
21
28793
49
28812
20233
38772
12148
17254
25624
44202
21259
3960
1317
33436
263
52218
29905
14854
8754
15046
53476
51572
14214
727
120
354
43489
10203
52588
11251
239
59108
29780
28284
58622
43267
9556
533
510
94
5039
60032
3600
2777
12706
61254
30544
31564
54946
17366
4335
24802
39654
16860
353
43339
51652
39727
52345
27741
35808
23682
8280
773
56716
38647
41976
4928
30534
59755
40774
58235
60622
26386
2357
2377
31922
35036
60262
13428
36718
26600
37217
51987
4403
6157
12342
7962
45658
35554
443
14324
61085
8127
44946
100
23581
8725
25624
22645
65436
51607
13382
18985
48216
52850
13676
42063
41686
34509
60777
40463
24960
28983
3367
53538
280
24303
4176
19940
64664
20691
31025
56695
212
4741
30492
10788
31544
17192
49435
34688
42034
28612
32112
352
56612
2813
34926
55255
37924
1559
5146
24484
33857
18950
60708
1297
15503
56284
27540
23135
9521
55696
1632
54936
53518
27222
42512
13976
47431
58729
235
10499
54754
59207
13113
20995
65230
12079
41228
14661
28239
20
50736
57990
62590
28076
12647
14305
21763
33196
10104
56973
24800
36538
50685
17004
43322
7181
50565
54157
18632
24228
19694
62401
31410
51243
5883
55774
19284
22291
9098
61394
52112
8102
19193
58401
57045
8
3404
23855
43052
39808
45032
8253
36926
48953
28652
31522
22169
43793
8640
62685
42752
15733
12272
962
6480
55990
20793
1063
1336
24472
42770
52361
50674
44290
37139
776
19644
48355
56090
37148
59904
52641
30685
14668
48998
22610
59818
16868
39406
36011