57
21
525
256
49
0
0
512
4096
0
0
64
32
128
64
256
0
2048
4096
0
4
2048
0
16
0
0
0
64
16384
512
4096
1
0
4
8
0
0
0
0
32
256
2048
0
1
32
32
1024
2
1
0
0
16
0
8
0
0
1024
128
0
0
0
32
0
0
32
1
0
0
4096
8
0
4
0
2048
0
0
1024
0
0
4
0
8192
0
0
8
32
64
64
0
4
512
0
0
0
0
64
1
0
256
16
0
0
0
16384
128
16384
2
1
0
0
2
0
4
16
0
8192
64
32
4
32
2
2048
256
0
8192
16
1
8
4096
2
0
2048
16
0
0
0
0
4
4
256
0
0
2
512
64
1
0
0
0
512
1
32
256
1
0
1024
0
2
0
0
0
2048
128
0
0
0
128
128
0
0
0
0
1024
0
128
0
8
0
0
2048
4
0
32
0
4096
0
0
0
0
4
1024
1
0
2048
0
16384
32
0
0
0
16384
0
0
0
64
4
0
4096
0
2
0
0
1024
0
0
2
32
0
0
0
16
0
2048
1024
0
0
0
0
0
1024
0
0
0
0
1024
32
1024
512
1
0
8192
512
0
0
0
1
0
256
2048
0
0
2
128
1
0
0