0
1045
8
0
0
16384
0
4
0
0
0
64
0
0
4
0
128
512
0
64
0
1
0
0
0
0
0
0
64
2048
128
4096
16384
0
0
1
8
512
0
0
0
2048
8
0
8
0
128
0
1024
0
0
4096
0
0
0
1024
1
64
0
4096
128
0
2048
2
0
4
0
2
0
512
0
16384
0
128
8192
128
1
0
0
0
0
8192
16
0
32
0
0
0
2048
0
16
0
256
0
4
0
0
0
1
0
0
2048
0
0
0
4
0
0
0
1
2048
2
8192
2048
128
256
128
256
256
0
0
16384
0
32
8
0
64
16
0
0
0
512
4096
0
512
0
0
256
0
2
0
0
1
2048
0
0
2
0
32
2
0
0
0
128
0
4096
8192
0
2
4096
0
0
64
2048
32
8
0
0
16
0
0
0
4
1
0
64
1024
0
0
0
0
0
0
0
128
576
32
4096
17408
10
0
4352
1026
1536
0
16
8
0
0
16386
0
256
16
1040
1
2
2112
0
0
256
0
0
256
256
2048
640
2
0
256
2056
8193
8
8
0
2049
2
4100
2
2048
16384
10
0
64
2
2048
0
8192
0
16384
512
33
0
0
0
256
128
8
1024
64
0
4
2048
1032
5
0
1024