0
65504
21
32263
17
21134
255
260
58575
44048
3060
2057
12540
2133
257
18498
14574
20988
20484
1469
0
512
1040
8255
8352
16933
32
17024
16522
4144
24
524
28680
16570
4613
366
10714
20703
20942
1502
223
508
255
16984
1530
25082
20890
462
10726
8450
72
639
16894
12798
5566
16626
763
552
5559
5120
17882
9206
247
1278
8449
502
7168
2049
1216
32
4542
16858
8443
1
16890
1568
1313
20624
5187
1104
123
4467
349
959
1023
4362
12544
255
3966
25128
6912
21759
571
5248
20544
2302
439
21536
510
1065
2478
12358
16644
10306
10512
126
2302
2060
9718
16400
227
16607
16639
32
4341
6408
1170
5630
0
16464
12417
5115
8670
13055
255
20
8464
8639
683
17151
1077
510
70
265
5622
9232
16
3136
4228
18676
2304
505
8512
4
20730
256
510
3200
2308
16847
124
18399
3201
17279
17918
2
508
378
175
20599
2048
14592
17442
16
4352
5839
31230
5360
2056
4611
9470
20479
14344
1044
254
1659
2307
4232
11519
4582
16
8319
27903
8248
164
2065
16606
16631
17918
24896
449
12542
18560
19456
6271
1770
3259
8800
480
672
4524
3326
514
288
9288
21760
3327
16738
127
3072
12790
6879
10734
445
4152
112
8272
5120
11524
16453
3482
257
414
1032
4224
2814
24695
1088
16894
426
406
246
1278
18593
8
4
70
16384
476
494
96
24580
9220
8704
320
3574
28752
578
276
424
16712
5078
475
16385
3966
8320