57
247
13
836
49
121
2563
5173
64
2495
2598
2569
12524
2133
257
18498
14574
20988
20484
1468
0
640
1048
8255
8352
17061
32
17024
16522
4144
24
780
28672
16442
4613
364
27098
20703
20940
478
735
508
255
21080
1531
24954
20762
462
10726
8450
72
575
16878
8702
1470
242
2811
552
5559
5120
17818
9190
247
1534
8451
502
7168
2049
1218
32
4542
16858
251
1
16874
1568
1312
20624
5187
1105
2171
4471
349
959
1023
266
8448
255
1918
25128
6912
22271
571
5250
20546
2174
1463
21536
478
1065
2478
8262
24836
10314
10512
4222
2302
2060
9718
16400
231
16607
16639
32
20725
6536
1170
5630
128
16448
12673
5115
8670
13055
255
4
8464
8511
683
17151
1077
446
70
265
7670
9232
16
3136
4230
18612
2368
473
8520
36
20730
256
1534
3200
2310
16847
124
2015
19585
17279
17918
4098
8700
378
16559
20599
2112
6400
17442
18
4356
5839
31102
5360
2056
4611
9438
20477
14344
1044
254
1659
2307
4232
11775
4580
24
8575
27903
8248
164
10257
16606
16631
17918
24640
385
12542
18560
19456
4223
3818
3323
608
992
672
4524
3324
2562
288
9288
21792
3327
17762
95
3328
12798
6879
10734
445
4152
2160
8272
21504
11524
24645
3482
257
414
1032
12416
766
24695
1088
16894
426
406
118
3326
18593
8
516
70
16416
460
494
224
24580
9476
8960
320
3574
29776
4674
308
424
16712
4950
475
16897
12158
10368