37376
11810
277
47004
49
6783
40952
127
0
39560
34616
21237
1524
62195
11068
21560
33792
21918
383
41984
64216
60160
47872
17
209
4098
23552
2434
127
7552
35916
0
16384
8336
35050
14295
20896
10304
6656
20080
4601
1774
62748
57623
56932
40704
8080
56017
10432
2779
5806
40986
1548
16513
23448
46590
12292
3374
18847
487
24576
13003
19724
33024
8
36421
26852
50477
53444
20831
48450
8208
28016
36128
11348
16631
33440
1152
21352
1749
36864
111
17342
65280
31856
45344
36864
56480
18
10366
19984
61888
45524
702
57344
45248
6664
0
764
55742
16384
16385
7039
43746
34
61494
41912
32
4500
2295
2706
11109
38912
34494
521
48781
42317
20992
42192
986
16635
25079
27916
31850
59280
55552
25892
5392
2048
51280
45016
30077
41024
28763
0
16261
478
60999
13312
44266
26624
49662
4832
0
65024
4479
34200
53856
5624
20992
2048
53914
38914
372
4862
4097
10052
64630
16384
62401
20576
8194
38768
11616
58848
26974
16385
60936
36864
2127
15530
26595
23392
52695
41668
8739
4663
34684
14464
46829
47796
61621
16540
32
54658
48943
812
37918
1029
24872
45552
11202
1
450
38982
28046
49664
51729
4288
8193
26624
26865
57864
58396
59904
42699
38996
13262
45056
62047
48858
57306
16388
24522
20564
39648
26207
34013
44838
28032
56144
31296
16896
63224
50465
8439
47996
46988
13432
47570
21564
59430
48520
48606
63896
530
8192
64203
56032
21000
0
32772
35856
13269
63312
5142
6658
18
8
8686
462
255
11768
639
2564
8322