455
11810
491
47004
49
6784
40708
134
768
39702
34334
21045
1524
61972
11205
21592
33951
21761
335
42233
63530
60166
47872
303
209
4194
23552
2124
465
7294
35884
335
16384
8464
35058
13897
20880
10328
6656
20080
4601
1968
62563
57822
57244
40486
8080
55919
10400
2841
5806
41724
1292
16641
22680
46846
12491
3246
18847
295
25080
13003
19724
32896
239
36485
26747
50897
53561
20831
48452
8227
28552
36295
11563
16617
33363
1164
21495
1580
36921
166
17329
64755
32406
45511
36864
56632
141
10720
20167
61936
45868
862
57344
45116
6664
0
764
55774
16768
16769
6722
43012
238
61494
41912
62
4456
2295
2828
11113
39218
34238
521
48756
42370
21482
42184
829
16645
25079
28012
31850
59242
55552
26148
5603
2048
52143
44950
30333
41048
29604
215
16197
369
61047
13468
44429
26672
49470
5020
430
65024
4225
34203
53899
5255
20992
2432
53890
39676
333
4612
4481
10042
65166
16480
61633
20990
8496
38590
11398
58848
26974
17214
60984
36864
2127
15466
26117
23398
52523
41476
8763
4663
34433
14590
46817
47828
61645
16814
32
54658
48940
727
37894
1250
24872
45456
11202
134
444
38976
27752
50173
51745
4408
8319
26624
26680
57867
59130
60414
42524
39418
13270
45440
62088
48710
57060
16890
24500
20948
39758
26585
33838
44070
27951
55863
31296
17310
63224
50396
8400
47235
47036
13798
47570
21701
59430
48497
48172
63584
529
8192
64055
56032
21271
0
32772
36655
13270
63312
5142
6658
20
155
8674
78
255
11768
742
2564
8322