57
21
21
4288
49
0
4648
8226
4
16548
6726
16384
0
5412
4356
8708
9344
16772
12548
512
2052
21
256
2
4097
1560
517
18
35
28672
3
24577
16384
21504
8192
130
1026
8482
2210
2100
144
12
2048
12354
17025
0
24
2113
1028
136
577
1536
1540
64
17664
16448
9736
12432
2224
17
4608
384
1
1024
640
544
1026
1
4131
12416
6145
65
20481
8200
1024
16
5636
192
10240
2340
24581
128
36
258
256
140
4097
5154
2816
4098
64
8225
4100
4096
8740
17664
5
16384
257
34
24576
2
14336
86
4144
192
1537
25345
2050
1024
0
4
520
1052
16576
1025
9
4176
140
4096
4098
1552
2321
16996
8232
26624
10
2176
1132
66
0
24590
11264
1028
2242
352
6274
9225
8496
32
130
2052
512
544
16513
1537
34
8706
19
2817
4224
2624
640
0
643
2048
16385
10768
149
16385
276
5252
8
776
2049
16449
256
24848
16384
0
16
8356
96
18436
2104
8208
10880
581
12289
16
2196
192
20480
8448
0
2048
13832
1032
64
16432
1092
258
8234
1105
18
1284
6144
8224
1792
160
1184
544
256
2
25
17952
1057
4260
13344
36
8224
0
5122
104
12288
8193
16644
134
2080
144
162
14337
16392
1096
4
0
688
640
18
8718
0
68
512
4168
10
1
17408
268
13312
106
516
17
20884
17088
272
0
10498
0
4112
17601
5394
1172
4352
512
16512
8281