959
65504
1
64729
49
56747
1524
61637
1228
21252
44498
37258
6132
13211
523
2803
43032
25639
28894
3090
26063
3
38319
33680
16545
4194
56732
8802
17483
4473
55640
24077
40828
42755
50497
46794
15258
16916
40073
16120
260
1526
14964
21482
14592
12763
6653
2840
1268
61899
11545
64227
6244
5007
33519
73
32290
8297
14989
56052
42255
17573
1231
17681
7236
65251
1005
2114
26609
212
2282
62968
47571
55238
22577
4422
4557
52655
9077
799
64785
1763
530
16299
39542
53214
18838
37481
6212
34546
2766
51246
17936
4775
2731
21427
12777
56911
12713
16847
48420
2578
22854
26830
20622
12702
4558
16990
17391
29417
24996
60311
22742
5532
4722
59389
17799
3555
16438
21757
37150
48718
33226
14111
16394
42831
38994
41233
33474
104
2003
16848
40435
15162
18326
26092
4459
15040
47698
16627
35672
2184
1279
31348
124
121
32
1
510
512
494
238
4226
8447
8320
127
12798
1022
16894
502
478
379
56
510
2176
1534
16
510
16
16575
12352
0
20
16639
510
1
255
247
4606
766
16639
12288
2048
246
255
18464
502
8
6650
0
128
3
4
490
4096
512
288
2
0
2048
8192
247
255
500
3072
220
222
0
8
8192
0
34
0
127
0
64
8
2299
4
256
32
2239
10240
8445
9
255
1
16384
8694
2064
511
6399
264
254
32
223
249
16385
32
4100
8698
6
2558
8447
239
0
1014
8704
642
280
2088
18683
1788
256
61645
8215