0
65504
29
0
0
4224
257
4
2112
16388
4096
9224
1025
16416
1056
2080
18
259
514
1025
8192
2
0
65
304
548
8
322
8448
33
12
2816
136
1024
513
0
8704
256
5136
1024
22
16
2432
320
25600
24
5129
256
4352
0
0
16769
4384
4128
68
128
130
10248
20490
160
260
96
64
66
8268
513
288
0
1088
4096
16384
128
68
32
16384
8257
272
134
66
0
6
260
8194
5120
2
2052
0
1024
2240
4424
10
642
8736
128
196
384
2
0
4096
0
4192
9218
24576
2048
0
1216
464
8196
9216
20738
36
4
19456
16928
16
264
8450
1024
290
0
136
513
8704
72
2049
18
768
2053
513
1280
2
128
12544
8192
2128
16
2048
1
2185
2048
20800
0
512
4
16640
2052
6208
18468
385
82
128
17024
8198
512
9736
4100
512
258
2048
16
2
8
1058
4096
0
128
9224
1
130
4096
2176
0
24
1024
9
4116
1024
8192
1024
256
1024
2
21504
768
16384
257
8320
8202
2064
16420
32
2560
16388
512
8
1540
8192
0
12308
256
4096
4
1027
65
9
16384
2064
0
32
8
288
2051
2056
8320
32
512
9216
0
2304
1024
1120
0
4352
1
16385
4608
20480
10304
34
65
4224
0
1057
8257
9216
256
65
512
0
16448
4608
0
8200
0
258
8328
0
64
1088
32
16416
8736
800
16384
2064
32