4096
65504
29
0
4
4224
257
4
2240
17412
4096
9224
1025
16416
3104
2048
18
771
514
5121
9216
514
0
73
304
544
8
834
8448
33
12
2816
4232
1088
513
0
8705
256
5136
17408
4118
16
2944
448
25600
56
5128
256
4352
4
16384
24961
4392
4192
100
2176
2178
10248
22538
224
261
97
80
82
8264
515
288
0
1090
4096
18432
128
68
32
16416
8257
2320
134
8258
4
6
4
8194
7168
2
2052
128
1024
2240
4424
10
642
8736
128
708
896
2
0
5120
2
4200
9282
24576
2050
2048
1728
464
8196
9216
28930
36
16388
19488
16928
16
1288
8962
1024
288
0
136
529
8704
88
2561
18
768
2565
513
1288
18
2176
12576
8192
2128
2064
2048
1
18569
2064
20736
0
640
4
24832
10244
6208
18436
897
82
144
17024
8199
640
9736
4102
1536
258
2048
16
34
8
1058
4096
0
128
9224
1
130
4096
2208
0
4120
1024
9
5140
1056
24576
9216
2304
1024
2
21760
17152
16384
257
8320
8194
2576
16388
32
2560
18436
768
0
1028
8196
4
13332
768
4096
8196
1027
97
9
16385
2064
512
2080
8
288
10243
2056
128
32
512
9216
0
2304
1026
1120
0
4352
33
16401
4608
20480
10304
34
65
128
0
1121
8193
9216
4352
2113
512
2
16448
4608
0
10248
0
258
8328
0
80
1089
33
16544
8737
800
16512
2064
32