5312
42
448
768
4868
4219
263
20
2944
21508
4096
9664
1791
16672
2080
2143
530
515
718
7806
9264
741
195
337
204
952
136
850
8604
34
402
2831
4232
1322
831
12
8223
262
5371
17472
6248
47
6976
351
25600
286
5353
38
4352
1028
16871
24703
12583
4742
100
2873
2050
10481
22539
1298
261
4193
80
364
8264
989
1053
207
1058
4766
26867
189
402
476
16867
8261
6416
134
8256
4
6
442
8198
8191
829
3076
627
17600
3264
4102
2273
317
8479
380
1852
903
122
416
5624
0
12392
9682
25087
2106
2254
5952
16848
9242
9632
12546
2
16794
19488
17023
16
1275
8961
1128
31
32
113
541
8706
161
2303
245
512
3067
8706
1288
34
10621
14656
8196
2718
2864
3312
1
18934
2448
20638
158
224
2052
16643
10613
2482
18434
161
94
374
17027
8629
644
26363
4321
1984
258
2048
489
797
2554
1570
4096
486
224
9224
897
893
4815
2176
382
4862
1024
25
5514
1043
24816
9216
2328
1533
317
21808
17054
17400
231
8320
8380
3038
16484
217
11252
18683
764
24
3100
8292
59
13844
1002
4143
8292
1534
97
4105
16883
10256
575
6176
392
224
10744
8
446
284
2560
9347
8
2306
1038
1120
768
4607
801
17425
5110
20684
10272
8226
33
192
0
1182
8319
9887
4400
2435
512
2
16543
5106
207
8200
134
314
8968
78
302
1982
435
479
8753
803
191
2292
32