57
42
2756
768
4868
11904
263
20
17800
48141
29706
30422
1791
16672
2080
24686
14882
515
19168
58276
32344
741
195
5480
740
952
136
24429
8604
9535
402
2831
4232
1322
831
12
8223
262
23073
43111
9360
47
35178
351
26412
7499
5353
9557
4352
1028
34073
24703
51855
4742
100
2873
2050
10481
22539
1298
261
13214
80
29355
8264
17182
8031
207
1058
4766
32057
9476
402
29733
16867
38288
6416
134
8256
4
6
442
52650
8191
829
3076
5321
17600
3264
11615
17723
58867
18811
1497
1852
903
122
416
15706
0
12392
9682
2609
2106
2254
7908
16848
15493
9632
21103
2
16794
14336
2002
26242
1275
16245
1128
31
56590
113
18838
8706
161
2303
28530
512
3067
46082
1288
34
40835
17604
8196
2718
2864
3312
1
18934
2448
20638
51384
224
8339
16643
13830
2482
18434
565
29171
28684
17027
8629
4893
26363
4321
1984
258
23966
489
797
18331
2500
14499
20106
224
9224
54991
25637
4815
2176
382
36778
1024
25
5514
1043
24816
14514
47998
1533
30194
48614
30549
17400
47634
8320
8380
3038
26913
217
37555
39611
764
24
3100
8292
59
44506
1002
26871
8292
17096
7927
28629
16883
10256
575
6176
392
14258
24779
32732
446
26610
2560
9347
8
2306
1038
1120
768
40379
801
17425
24504
20684
10272
55786
2822
192
0
16006
17000
9887
31771
2435
512
2
16543
5106
207
17914
134
15150
8968
78
302
18358
2732
479
8753
11039
1724
33778
32