57
2188
21
2068
49
80
3
24
21504
1060
0
2572
2054
320
128
9796
2402
656
4106
136
791
37
12
3081
20576
16384
37
1024
7688
16900
16
4098
672
4228
24640
9216
2049
528
20993
200
4104
5152
104
64
16516
8
16384
4352
8273
8226
2084
32
32
7072
17458
17680
128
16384
49602
8320
4096
10240
512
2
1
8192
1
33
4096
8
0
64
8193
8
0
128
16420
512
18688
8197
4
8
32
16
8208
0
16384
32
528
128
64
32
4105
0
520
1152
1025
8192
0
16417
16384
32
4100
6
2048
0
1030
256
4128
64
2052
65
2
8
0
2048
2060
16386
4
528
4104
1024
3
130
16512
8192
2
288
64
4098
6208
16576
0
16384
18432
128
256
8
64
273
16384
0
9
640
0
1536
0
2560
0
264
32
1024
1
256
17
6146
524
16400
132
0
80
9218
0
0
64
66
8196
16416
0
256
4608
256
4160
132
128
2112
8192
4608
4112
8192
4
0
16393
8193
32
8200
4128
24
96
2048
32
2112
0
64
522
384
4161
0
0
296
136
4356
2
0
16
16
528
4288
8448
9216
2
0
5632
1
4096
0
132
4096
1056
32
4132
0
2080
520
5120
0
2048
128
6
4
4128
8320
0
16456
0
0
0
0
512
16416
0
0
1280
16
2048
0
261
256
64
4224
2
128
0
4
8192
4144