65081
65504
21
0
0
4974
1532
9602
65077
57943
40056
39080
45053
56564
8700
48145
670
2048
20764
3076
491
1423
8704
64937
39387
41197
20
18642
43114
2142
5111
2064
49838
63921
255
10240
43457
112
9138
53211
4130
15
32
38779
63694
36
50
50851
10496
4252
830
667
61580
4451
55312
40703
5567
2052
341
8486
570
56521
344
8310
53031
8950
402
57577
56266
16900
52246
29
1947
8215
24992
53372
270
2255
350
12740
244
377
18704
8224
55012
463
56
376
61074
80
66
56976
99
50659
51173
4624
4518
24639
923
1406
64
514
1024
16482
50732
45777
3548
2088
772
131
52243
679
2623
58514
241
251
840
33171
53542
37698
544
18588
50
2113
46184
20559
895
58182
36867
1025
4157
20872
0
227
1386
41536
408
52349
282
2816
32
1568
527
41672
260
1904
288
39225
8960
502
33818
63912
16083
17567
40
3078
51603
43891
52891
659
38712
3129
44606
9552
44930
8703
16607
2110
207
4115
47008
0
49844
2434
14192
63318
16604
60673
6145
167
31972
27785
403
9
44022
40711
17215
44005
60324
814
1267
470
62267
2144
37103
43828
33084
36698
39328
4400
47160
2048
572
60444
16385
776
432
225
58593
9324
42828
0
5904
35395
8446
46057
41324
4
33888
3918
64
0
46084
272
15416
20672
622
398
48345
4109
768
63641
916
7167
310
317
588
470
1959
32961
25334
1018
52622
26202
2048
0
769
10248
8194
316
784
6144
8642
48
456
512