63037
10
277
3
0
4972
17912
11650
65077
57941
40568
39072
45053
56532
9212
48657
17118
0
28956
3076
491
17807
8712
64940
39387
41069
84
18642
43050
94
5111
2048
49838
63921
255
10240
43457
112
9138
53211
4130
15
32
38779
63694
36
50
49827
10560
4236
830
665
61580
4450
55312
40687
5567
2053
341
8494
570
56521
344
9334
53031
8950
402
57577
56267
16900
52310
29
1931
9239
24994
53372
4366
2287
350
12741
244
377
18705
8224
63204
479
56
380
61074
80
66
55952
99
50675
51189
4608
4518
16447
923
1390
8256
515
9216
16482
50728
45785
3420
2088
772
131
52243
679
2623
58514
241
187
776
33170
53606
37698
544
18588
58
2113
46184
20559
894
58182
36867
1057
12349
20864
4
227
1130
41552
16792
52349
282
2824
36
544
543
43720
260
1906
288
39225
8960
502
32794
47528
16083
1183
40
3094
51603
43875
52875
691
38712
3121
44670
9560
44802
8703
16607
18494
207
4115
47008
0
49332
3458
14192
63318
16860
60673
6145
167
31972
28041
403
16393
44022
40711
17215
44005
60324
814
1267
470
62267
2144
37103
43828
49468
36698
39296
4384
47160
2048
568
60444
18433
1800
8624
225
58593
9292
59212
8192
5904
35523
8702
46057
57708
4
33889
3918
8256
512
46084
2320
11320
20672
622
398
48345
4621
768
63641
916
7159
318
317
588
8662
1959
32961
29430
1018
52622
26200
2080
0
769
10248
8195
316
848
6144
8642
48
460
512