313
8328
1053
32
18433
2
32
772
9216
2560
8448
2560
66
576
579
3072
4608
8244
16384
6144
1572
8196
16400
1040
10240
16
4384
145
32
64
64
9
9216
768
64
16900
2
548
16384
12292
16386
768
4140
160
38
288
0
102
5641
16392
516
8514
24656
1026
16904
520
0
768
18432
10500
66
1409
76
260
3072
2564
610
0
4128
1024
8448
544
1024
20482
2050
4352
6280
44
288
2180
13
6336
16960
8
2177
8
20
4352
33
17027
4134
544
1025
16656
1
0
136
2186
6
16400
256
1024
769
4
5376
513
2128
8288
136
128
18440
36
1284
0
8834
8
256
4612
2624
16384
4160
2
2114
34
20
4610
200
1088
323
4100
0
17426
520
2052
8196
8208
0
32
32
2
36
2128
544
26690
132
5200
1057
324
0
1024
4
256
4616
256
17088
2112
4208
33
320
8321
3072
8196
2118
580
2240
5
6
16384
512
128
1028
8192
9
144
8194
1
16897
4106
32
4131
18432
32
0
256
16448
16400
2048
8
16384
2568
1080
4864
2596
4896
608
4
8193
4096
130
6176
24584
2
72
2
25608
8192
322
1088
514
576
16416
289
24579
12292
17474
17410
1089
402
137
128
1026
96
1032
1856
4674
8737
19457
4224
2305
196
22784
10305
10432
114
9
36
26
12288
10304
16433
8200
2384
16
160
624
16512
25096
10376
256
290
12834
16512
776
8448
4674
1153