4161
44
31
148
128
144
1029
2212
1600
16897
4096
9
5129
128
32
2048
16912
2
0
1058
0
322
17408
64
32
32
544
8200
512
32
96
21000
160
256
545
1
12288
512
1560
16384
516
258
4096
16448
25600
10240
5376
2056
258
4226
1312
2180
8192
4104
193
72
16384
72
12800
224
132
1026
80
2
8196
3072
2
33
0
17664
0
8224
38
0
22544
4129
320
896
7
72
16384
1280
513
8200
5
2064
2
1
640
552
3088
33
17936
128
4160
16656
8192
512
16388
2
64
578
16384
2048
16400
16768
260
0
3592
16392
2068
12
16384
32
136
8232
16
2080
1042
8192
148
3
48
1792
1
20
4352
17
516
0
8192
0
137
672
2
48
33
1088
128
6208
4096
128
4160
4102
16384
4
4626
2048
257
272
128
512
8192
1544
1056
2
128
0
8200
4160
16
6144
74
12
0
0
10240
1
16387
4096
3082
2
8
3072
260
8740
65
16
9216
8
513
8192
16512
512
32
1
0
4232
2
20736
32
1536
9216
16
20480
8196
0
8196
10756
1280
2098
1056
4102
128
4104
16640
6400
96
64
33
272
6160
17
8512
290
8
12544
18432
257
0
1104
578
1296
0
10240
144
16384
1024
9216
112
0
8
1152
16384
1028
273
1
8196
128
2560
16384
0
9216
1024
2368
136
24576
98
4
0
16416
40
128
4096
0
0