57
8328
21
32
49
2
32
772
9216
2560
8448
2560
66
576
579
3072
4608
8244
16384
6144
1572
8196
16400
1040
10240
16
4384
145
32
64
64
9
9216
768
64
16900
2
548
16384
12292
16386
768
4140
160
38
288
0
102
5641
16392
516
8514
24656
1026
16904
520
0
768
18432
10500
66
1409
76
260
3072
2564
610
0
4128
1024
8448
544
1024
20482
2050
4352
6280
44
288
2180
13
6336
16960
8
2177
8
20
4352
33
17027
4134
544
1025
16656
1
0
136
2186
6
16400
256
1024
769
4
5376
513
2128
8288
136
128
18440
36
1284
0
8834
8
256
4612
2624
16384
4160
2
2114
34
20
4610
200
1088
323
4100
0
17426
520
2052
8196
8208
0
32
32
2
36
2128
544
26690
132
5200
1057
324
0
1024
4
256
4616
256
17088
2112
4208
33
320
8321
3072
8196
2118
580
2240
5
6
16384
512
128
1028
8192
9
144
8194
1
16897
4106
32
4131
18432
32
0
256
16448
16400
2048
8
16384
2568
1080
4864
2596
4896
671
199
8217
4096
125
2899
9736
2460
5434
900
7666
22762
975
29314
1346
2901
640
59697
2
3198
165
52457
411
16644
1863
26366
4421
17808
8960
33161
2358
49195
516
3078
2407
16664
54131
2112
12321
36
58388
53973
51250
16779
17150
12936
12301
18932
37276
39437
49224
27508
1234
8281
415
4355
47042
2738
43218
894
43711
2097