55609
65504
21
0
0
16673
2189
38130
41720
54422
14848
59699
748
35221
17554
40189
1785
47893
31999
28489
50382
35184
57798
18833
16872
913
26764
23562
60031
57246
1533
2798
45456
41762
60125
21533
44431
16679
65334
34615
45032
51322
35605
59681
714
6399
261
8702
5442
57757
8693
44301
51417
222
32103
36393
54360
56036
50353
49973
4104
4605
46463
20847
10159
1563
44902
2882
54716
368
6126
586
34672
14149
454
43031
2082
55092
1105
6538
48318
1154
1172
6353
49579
48
41772
21361
2270
8672
56356
34247
43046
64481
29
44750
64565
2268
10649
290
42909
26159
48897
21115
41945
5238
63922
55083
4086
45608
35645
640
51146
56669
6633
17259
64
2592
46924
49348
12942
57323
769
51455
45407
511
42832
52148
56461
259
16453
1845
61294
62560
61561
10211
57823
16801
1049
56778
37336
60017
56427
58370
8268
4099
5414
25983
28009
54165
64418
2685
43399
39992
36097
4957
8470
1362
11641
8478
42338
1265
48285
49458
32893
40667
913
2429
1
57678
9688
8437
402
61146
56332
17698
38423
55968
1
59280
37701
4394
48986
51224
44864
49737
32428
43333
12662
717
4222
53027
1153
1040
51570
63823
37659
34181
4457
2988
9736
55194
5316
59577
7666
16926
718
2734
1212
2644
897
46730
58408
43735
56270
52503
101
53538
1976
26113
4164
2193
8960
32904
40022
49621
31297
59158
2456
16614
54131
2112
4408
474
58388
54059
51660
59806
52752
50568
56349
18442
37219
38426
49224
25472
1491
46946
415
4355
29250
2995
43218
27524
43841
60977