0
21
0
0
0
0
2112
129
128
2304
8224
272
144
1120
2
3076
0
16388
16384
4097
132
0
4
16384
17408
4104
16384
9344
4608
4096
768
16
2048
290
4096
16448
0
16417
4096
64
4
0
68
5120
4096
20
16386
0
128
1
1280
8197
10240
2096
16417
8320
2
0
8208
9
2048
2
16384
512
1024
1024
3072
4096
36
0
0
2052
16388
512
4160
513
288
68
1024
0
0
0
1025
20480
272
36
128
257
64
4096
0
272
0
4
128
4096
0
0
2048
80
0
512
640
1040
1
1
8192
4096
2
0
4
256
0
16516
132
512
16385
16388
66
4096
4
0
256
4
512
16420
4240
8
1028
64
4
16384
256
4096
4224
0
513
640
192
20482
8704
4
1280
1040
512
16
48
512
0
512
2
0
128
1092
0
128
4224
8192
258
2048
2056
1538
0
40
16
8224
2
8256
512
16417
32
1056
5120
12288
1
0
82
1024
8192
1034
1024
0
16
1024
8192
0
16928
512
0
128
4096
1544
132
2050
18432
256
32
16384
65
4128
6
512
1024
18432
8224
2
0
2
512
1
1
18
128
1088
256
2048
16388
8
4096
2113
0
512
0
9216
16512
256
4096
258
0
24576
8192
8
16384
16512
32
128
4352
3
4
0
0
259
0
16416
0
24
192
0
8192
2304
1160
1
0
16384
2
16