8516
1160
2063
72
388
18432
0
2
6144
514
10752
256
0
4
18592
6146
2
1280
8272
2082
4100
8196
4096
18578
24580
513
1
0
4
1056
386
0
336
5632
8706
20993
512
16408
17504
129
644
24
24577
1072
800
6720
12
8448
1088
8
48
1026
321
256
14340
13
1032
0
3712
133
194
2
9312
16416
16400
17440
6152
8192
2304
131
1040
520
14
864
8224
1
2082
1026
6144
18576
4112
1026
148
34
8204
64
585
4096
33
0
12304
2464
1026
192
68
4098
4160
3
16388
274
2561
2597
4
4128
16
9
8704
1
0
16386
16386
130
8
18960
2068
5
64
2312
66
2338
17028
2080
1024
0
32
512
16452
12
0
2
0
4160
2048
3584
4097
16520
65
0
8257
64
145
9216
3
4097
76
256
64
16384
1288
6
2096
210
4736
12300
8192
576
8
1060
24
9232
66
1036
8216
384
2114
1536
144
2052
1
8
1105
12288
2304
10
64
1570
292
18946
256
289
97
4136
16640
20483
146
2564
5512
20504
2052
768
192
3080
1280
16
4128
0
544
3
4112
2320
9216
2056
6
4232
3073
256
1024
8192
1024
8196
64
2
1025
2148
257
136
268
516
528
9216
20736
1024
2560
4106
2561
4
512
1540
2056
16400
1
2112
4129
96
256
32
16
16649
0
14856
8210
2
8192
0
64
9
16384
3
34
336
520
2060
16384
1024
96
2178