8532
1160
2063
74
388
26624
16
2
6152
770
11008
256
2048
68
18593
6154
2
1280
8272
2086
4100
8196
4100
19602
24580
2561
8193
0
6
9248
1410
0
336
5632
8706
20481
512
16408
25696
129
644
24
24577
1200
928
6720
12
8448
1090
1032
48
1026
2369
264
14342
15
1048
0
3713
141
450
2
9440
16672
24592
17568
2056
8192
2312
131
1041
520
30
880
8226
3
2146
1026
6148
18577
4240
1026
148
34
12
64
585
4096
32
0
12305
2208
1026
1216
16452
4098
12352
8195
16644
274
3585
2597
68
4128
16
9
8705
1
0
16384
16386
130
8
18960
2580
1029
2112
2312
8258
2338
644
2080
1152
0
32
512
16452
28
16
2050
0
4192
2048
3072
4101
16524
73
0
8257
64
145
9216
3
4097
76
256
64
16416
17672
6
2096
1234
4752
12300
8192
576
136
1060
24
9488
70
1068
8216
386
2146
512
146
3076
1
136
3153
13312
2304
10
4160
1586
293
18434
260
289
1121
4648
16640
21507
146
18948
5512
4120
10244
896
193
3080
1024
16
4128
512
544
3
4112
2320
9216
2056
6
4232
3137
260
1024
8320
1088
4
64
2
1024
2084
257
152
8460
516
528
9216
20800
1025
10752
4106
2049
4
512
1540
18440
16400
1025
2120
20521
96
260
32
48
17673
4096
14344
8210
34
24576
64
320
265
18944
131
42
336
520
2056
18432
1026
2112
8322