8596
1160
22
74
390
26883
39
2098
6184
27
10496
296
18444
132
18658
7185
298
1383
9046
2854
4612
8216
4103
19604
25102
2561
8306
200
214
9272
5518
899
595
5392
706
22273
512
16440
26472
149
516
24
24585
168
929
6726
908
8448
1090
1112
48
3074
2625
452
15110
207
1052
352
3713
16526
258
14
13539
16736
24584
17680
2056
8704
2314
137
1046
524
38
875
8225
3
2273
1028
6244
18673
4337
1074
16472
226
8
396
601
4483
32
32
12289
2336
1058
18371
16468
4354
13382
8207
16648
274
3633
2533
120
4128
56
233
8717
9
12
16384
16389
234
8
18979
2642
1034
2504
10504
9306
2350
16708
18448
1184
0
20
8496
16484
26
4124
2243
32
4704
2048
3120
4105
16463
121
4
8257
160
285
9217
27
1
76
256
112
16928
25912
0
2347
1757
5104
12332
8203
560
148
1124
344
9840
69
1263
8984
8514
2898
896
82
3076
1
4168
3313
13336
2304
4298
4184
1268
325
2090
263
481
1122
4392
16640
22155
138
2564
5515
4216
26724
192
321
3332
6
32
4128
8472
4643
51
20880
2326
9268
2256
74
12424
3138
1308
1100
8472
1088
260
72
3
1416
2084
257
16536
8716
564
988
9219
20800
1122
11143
4170
2178
28
1632
1538
18443
16400
1049
2504
20515
144
354
32
60
17765
4736
14536
8306
33
24576
88
320
265
18950
261
809
16
712
2062
18432
1794
2112
8450