57
554
21
3
49
47629
59796
58209
56951
45615
52336
39239
43766
36063
18397
46658
53647
16445
21018
18452
260
1294
8964
24881
22793
39640
4112
6275
33013
17081
3691
46320
41728
54585
3315
18831
3852
34001
16908
54454
20830
8656
0
28602
61965
61405
205
50805
63872
5106
969
872
63584
63318
18904
38701
4540
800
375
409
183
33022
36648
20
31541
34485
25570
61550
48066
44713
29587
62788
4437
10769
24991
30781
4337
63926
168
11721
532
59706
5644
63689
39195
51834
738
4464
48790
53117
1528
54966
38657
57628
54745
36648
12714
9276
29560
61014
6302
560
199
26985
50394
4344
891
59781
2646
282
35500
41526
53734
42260
38193
24418
63088
4926
25504
63300
207
17264
424
14858
40750
9219
26880
41621
37539
61481
50724
16757
47176
16640
48561
36583
12982
52661
49140
50619
1204
57568
8635
44011
29696
52991
437
39667
867
5105
33946
63628
16257
18789
88
50576
61366
6238
39654
227
17408
606
33885
33769
480
19631
16518
47224
36536
4655
59310
17204
41520
59361
6111
441
41440
19085
22834
31352
58467
20528
698
17034
43363
40383
64832
43276
63804
479
33780
64313
58334
42581
45901
7438
59092
13424
38722
52954
62384
2057
15220
44234
16652
944
58816
29200
17600
26073
36102
17037
27604
22280
50715
47979
40304
67
40972
2391
62503
19060
62764
32383
61651
46697
34788
56609
41730
4533
30
63882
579
21346
2491
53325
52564
1511
1019
32869
28416
11776
39608
26089
2646
1099
2156
54724
9242
26030
45150
53010
20600
25718
5638
58427