57
24544
21
0
0
32321
59745
58113
28208
22431
53003
55715
63360
10121
40982
16512
53746
16638
40568
10451
62920
37381
9012
59917
34832
49560
4208
45835
22880
31069
48952
46272
41915
54750
3516
18699
26480
33846
64968
36822
20144
8665
32462
58403
57040
60960
51888
50325
16384
4926
40536
13342
29568
30074
5850
19933
48896
800
65280
49898
183
58728
13768
39095
31494
58771
6690
1075
26624
44713
29579
62900
55808
11259
57702
30905
56240
25726
35402
14251
532
8925
56232
11141
23088
52175
944
35738
1768
28366
26032
54960
34300
3053
54713
36648
12621
61788
61920
36674
6302
560
3402
26985
50394
42424
19438
663
2646
7698
35500
16630
53734
42260
388
32006
63088
41302
25504
50332
43272
40944
424
24826
40750
9219
44544
61077
37539
61481
50724
37343
13600
16640
48561
36583
12982
52661
49140
50619
1204
56160
8635
44011
16384
14447
30010
39667
867
5105
33946
8852
40856
18789
88
50576
61366
6238
53748
227
0
24030
33885
33769
480
19631
16518
11848
65024
14855
59310
55228
26688
59361
15250
441
41440
19837
46788
31352
62876
20528
43688
17034
43363
40383
64832
43276
63804
479
33780
64313
58334
42581
45901
7438
59092
64048
41800
52954
44032
54801
17800
44234
34192
63280
58816
22544
17600
26073
22764
17037
27604
22280
19602
47979
40304
38091
40972
2391
62503
38436
60456
32383
61651
2121
34788
61251
41730
42985
62196
2438
579
34354
57070
36783
52564
1511
1019
32869
28416
11776
55792
44843
2646
57543
43568
62492
9242
26030
45150
63170
26144
25718
5638
58427