57
21
213
3
49
54907
8728
59879
65476
25580
43880
26497
54254
4102
13570
36943
1257
23923
23286
47130
0
33402
16781
32388
950
46314
54803
76
23505
60951
63246
4894
4714
14753
132
12079
44159
2382
52175
3956
78
47826
19202
21599
43676
38082
2231
65522
13946
25863
428
60693
36308
2553
6740
53951
22944
8496
40700
45813
8198
539
63262
24554
12992
3471
59412
64710
342
34253
34554
12607
46030
16866
64376
19835
7298
6932
8314
20622
40372
64792
39038
9945
951
38743
8388
4425
8918
57267
58032
43797
58404
633
30720
40994
48192
2791
42336
6
1010
51967
52492
18724
39552
17114
50374
8340
53254
958
59940
6674
37683
51713
37836
2077
52593
6402
45484
64750
65165
22802
4382
63775
976
24237
20850
27263
8455
10540
22348
90
1028
57980
41444
2627
5008
815
4956
50438
25878
2146
52666
1923
1365
35458
3438
17722
18879
12302
11360
48033
47296
40510
3858
36330
41748
22725
44794
24969
6029
26134
4321
21495
21340
4743
2113
29003
23024
572
26032
64020
58372
4146
24836
42464
33576
34901
12016
847
1271
50432
19024
5617
33025
9775
10900
47947
9240
16848
40376
39807
9893
881
29488
8016
55111
53824
57058
57304
56104
265
183
39877
43969
33758
19420
17050
27463
45719
4346
62026
28719
20113
821
41371
1163
25604
63734
4535
46242
4689
9057
4126
42253
26468
460
8663
29612
61536
12672
8577
2058
12311
64556
37694
441
33430
9334
54699
52805
11124
366
16397
4710
10508
19517
53488
351
24536
790
45942
24952
36972
51470
55023