4683
1761
6791
3
17
2270
21900
12466
15400
8230
2927
44075
29324
30796
16622
26414
40960
43715
4790
56069
15371
21091
7619
35710
35328
29117
286
16839
65024
13721
4171
46875
39898
13058
48146
50380
7972
19165
36400
12190
34816
4444
31133
11537
467
19866
1210
7091
8320
36065
8344
21722
58717
11730
5796
9303
48399
29819
2687
31284
2748
1320
9343
25023
21056
9906
59390
20998
24968
21497
17216
53264
46660
21411
20988
52627
3647
8330
4251
5806
54208
23985
8704
41935
12144
34442
48600
14391
1966
31107
3245
37961
44673
32661
25566
60588
43116
25812
50378
5394
63844
6444
25728
13626
52506
39028
41849
24952
31096
56145
30457
59068
46359
51456
8966
13566
3444
55911
18195
932
16882
1462
268
0
44944
10222
37272
22512
208
35070
53184
159
4605
9248
232
54378
428
27272
59912
35431
624
12679
0
47102
52212
60461
46192
29158
25862
768
6160
49240
6
663
47240
224
8288
1712
2100
36422
528
2052
2048
16464
8421
22818
16894
31098
52
8702
62294
65388
64
511
16420
3327
46624
54655
24588
4606
23040
3327
53056
63112
96
22175
16992
398
40004
64
7416
38132
353
2050
43325
9286
32
2096
14905
35385
57440
416
4862
4550
12323
6174
64
400
27746
11447
22720
1124
57344
16637
412
44038
5124
96
39294
16512
509
63215
16
32576
384
1304
16385
55
16390
223
1280
3394
160
61151
64
39
4598
2464
320
48343
45584
4097
20768
20
4606
33422
20577
16448
8696
17170
1024
11289
512
13799
21876
12800