4160
44
31
132
128
144
1025
164
1600
16385
0
9
5121
2176
32
2048
528
2
0
1026
0
258
1024
64
32
0
32
8200
0
32
32
20992
160
256
513
1
8192
512
1552
16384
516
258
0
64
9216
10240
4352
2056
256
4098
288
2176
8192
4096
65
64
16384
8
4608
96
4
1026
64
2
8196
3072
0
33
0
1280
0
8224
38
32
22528
33
256
896
6
72
0
1280
513
8200
4
2064
2
1
128
40
3072
1
17920
128
4160
16640
8192
544
16384
2
64
578
16384
2048
16384
384
260
0
3584
16392
20
4
16384
32
136
8232
0
2080
18
24576
148
1
32
1280
1
20
4352
1
516
0
0
0
9
544
0
48
32
1024
128
6208
4097
0
64
4102
16448
0
4624
2048
257
272
128
512
8192
1536
1056
2
128
0
8
4160
16
6144
66
4
0
64
10240
1
3
4096
3080
2
8
1024
260
548
1
0
9216
0
513
0
16512
512
32
1
16384
136
0
16640
32
1536
8192
16
20480
8196
0
8192
2564
256
50
32
4102
128
8
16640
2304
96
0
33
16656
6144
16
320
34
0
12544
16384
257
0
80
66
1280
0
8192
144
16384
1024
8192
112
0
0
1024
16385
1028
272
1
8192
128
512
16384
0
9218
0
320
136
8192
98
4
16384
18464
32
128
4096
2048
0