57
1633
6791
8195
49
2270
21900
12467
15400
24614
2415
44043
12940
22604
16614
25894
41088
44739
4854
56069
13323
21089
7619
36734
35332
28989
286
16839
65152
13785
4683
46875
39898
12546
46098
50892
7988
19101
36400
12186
34816
20829
30877
3345
467
19870
1083
7155
24704
36065
8344
21720
58701
10704
7844
9301
48431
29819
2655
31284
3772
1316
9343
16895
23104
11954
59390
20998
27016
21467
17216
53808
42564
21411
20989
52695
3775
8331
4251
1710
54224
23841
10752
58063
12144
34443
47568
14391
4014
31171
3247
37963
44675
32661
17374
60588
43116
25812
54730
5378
63852
6412
25736
11578
36122
39284
45947
24954
30072
64337
22137
59069
38679
35072
8966
13562
28020
55399
18195
5028
16882
1446
4876
8704
44945
10223
45464
24560
208
43262
53184
158
13309
9312
2280
54378
2476
28296
59912
39783
753
12678
16384
38782
33780
60463
46192
20966
24836
2816
6164
53336
4102
919
47232
240
8288
3764
2100
36420
16912
6148
2050
20592
8417
23842
18938
22910
1076
8622
62230
63276
64
511
16420
3327
46944
54655
24653
4606
23040
7359
53056
65160
4192
22174
19048
462
38980
64
6396
38134
4449
2050
43325
1094
16416
2356
14905
35385
57444
416
4862
486
12835
6302
66
400
26722
11447
22720
3188
57345
16636
280
44550
7172
16480
39806
1152
957
63215
16
32704
896
1304
17409
8247
16388
4319
1280
3394
8352
61150
192
551
4598
2464
320
48599
45616
4097
20784
20
4350
33422
20577
16448
8696
16658
1032
11293
512
13797
21878
12800