57
1663
21
8195
49
2300
21900
12431
15440
24810
2415
44053
13044
22580
16542
26070
41072
44731
4786
56299
13556
21074
7611
36734
35572
28997
290
16719
65136
13609
4727
47083
39898
12572
46098
50928
7988
19101
36536
12201
34816
20909
30877
3433
467
19822
1083
7155
24704
36065
8416
21720
58707
10584
7832
9306
48431
29767
2735
31308
3780
1492
9343
16880
23216
11954
59390
21118
27030
21445
17328
53772
42556
21460
20989
52655
3775
8331
4323
1682
54222
23841
10992
58063
12114
34453
47596
14391
4014
31021
3219
37963
44675
32749
17374
60588
43107
25744
54581
5618
63874
6516
25840
11722
36330
39284
45895
24949
29952
64417
22137
59069
38767
35087
8984
13547
27916
55387
18223
5028
16882
1412
4876
8704
44973
10208
45551
24470
227
43202
53199
162
13309
9312
2280
54395
2482
28160
59956
39715
513
12678
16384
38782
33540
60639
46156
20954
25066
2884
6252
53335
4105
920
47283
238
8303
3764
2100
36420
16912
6388
2254
20607
8413
23842
18938
22850
1076
8605
62250
63276
115
511
16442
3267
46959
54655
24653
4366
23280
7359
53132
65262
4222
22174
19048
498
39002
64
6396
38120
4445
2290
43325
1112
16472
2500
14973
35385
57346
416
4862
489
12835
6302
92
398
26722
11335
22720
3195
57345
16636
488
44790
7224
16420
39689
1152
897
62992
14
32719
1016
1286
17649
8391
16395
4115
1382
3420
8348
61135
184
539
4598
2519
320
48559
45614
4097
20807
27
4350
33422
20577
16508
8456
16658
1049
11293
512
13797
21774
12920