39680
65504
21
0
0
2306
21900
12431
17303
16591
2415
21426
62439
43604
16542
26070
41358
37778
48312
39330
13556
13678
23668
25148
35572
9210
220
60816
9304
7551
65071
46613
39898
42112
7896
28594
7988
23086
36678
63084
13070
58365
30877
31208
33227
19600
1083
5187
24704
54873
8416
65180
47376
519
10998
61621
48337
29767
28910
48193
39076
1492
9343
16398
34240
52429
59390
55936
27805
21306
11392
60423
42946
61433
20483
35397
53085
8331
810
1682
54222
10075
61646
58161
17464
58157
42788
14391
30208
8101
3437
38325
44668
1583
32402
62279
28672
52239
54581
9417
63600
41819
63758
11722
40412
58516
27083
18051
29952
64350
22137
59069
38767
19759
1644
13547
27916
19175
17869
12903
8880
62992
26501
65007
44973
8870
56226
20380
45212
43069
55838
348
59249
48795
8714
54395
2124
28415
62544
28673
766
12678
37973
38528
26442
63310
46514
48174
7496
2884
6984
10415
32321
614
61823
65470
27324
3764
29736
2151
17135
6155
2254
20607
53192
735
18938
52433
1482
3493
57104
55594
115
511
27322
63926
27904
26222
24653
6096
51340
7489
52850
9767
65296
22368
24640
269
51312
191
16904
32737
65216
2290
43325
26327
16472
2500
61654
24655
57852
31182
7584
36488
13020
46726
9156
398
26781
9639
63668
42593
46124
31148
57668
2796
36016
16603
64466
1151
38132
62992
59032
52274
56152
25686
17679
5348
56656
37060
1382
3420
62816
61135
184
55587
4598
26317
19380
2207
45614
60204
26309
17313
2338
33422
20638
16515
34368
34799
10539
36758
512
13797
21744
12920