57
21
21
17527
61
4689
6667
3078
1060
8752
10270
1034
2930
373
4714
10008
2401
22544
6392
782
29021
8963
6676
11537
21066
24876
882
1335
4028
17952
16976
4557
256
5122
9032
9421
16651
8528
6705
748
8448
1994
184
1276
3594
2118
274
20784
8342
25561
6364
2540
816
2717
13382
5597
92
20733
315
1954
1519
18532
12995
19883
19604
19976
16629
9777
9631
8478
9971
24969
2306
10524
14888
692
18434
4171
144
6672
14605
2720
10327
1668
10261
3368
6191
19528
9034
12311
4116
29185
4150
17857
24998
4513
16480
5484
316
8779
12775
1899
28872
8340
17344
12
20787
9096
748
21425
3502
133
7564
16389
2932
18566
29120
3412
1752
615
8307
22660
817
279
928
16896
5478
10729
8741
6568
3057
1382
29959
135
22188
28642
6754
710
3972
8758
1576
7297
22739
7463
4356
16743
77
4933
13612
862
17215
8271
97
1408
6466
1930
11308
8302
570
30806
86
2669
4874
16432
862
418
9829
8192
12313
560
4553
8724
1544
47883
1540
8416
41671
9508
8820
58709
4812
1033
4864
6512
16824
34794
60885
16475
11692
41894
1208
43085
11082
4200
9801
56550
46578
13248
10824
48279
88
1857
4358
581
4648
13231
4551
154
58155
64990
37237
18370
8164
35469
1485
4514
25428
50859
13679
44866
2293
22141
12610
55575
9891
54823
5794
46073
9123
51366
8338
57963
865
16417
21806
1702
73
1321
64800
26406
20604
3102
320
2342
2435
17204
13372
12358
51498
40
14390
38137
9970
47854
2941
8810