43269
65504
28
3
15
18726
18507
46021
57592
4767
10752
43315
8434
34900
18899
45809
3056
1184
38127
28599
482
43400
20492
18464
17896
749
4801
35876
44927
8233
498
2703
190
41895
8826
20728
772
16678
65152
159
7
340
7831
60196
2804
6223
8196
8319
1437
878
8458
41986
269
256
35828
35549
17462
64993
50814
49976
446
141
1164
16707
16656
16418
6148
2749
2424
880
1132
57614
42564
21085
20483
2289
8672
52
18877
9401
6172
1281
10235
8201
12
2096
12052
5
7560
16412
64300
15394
19968
132
20894
16887
11366
19021
25802
3705
446
41707
41650
27134
20483
1146
5
22335
3822
48277
64989
516
23631
470
5751
26224
374
2270
18
61731
148
1025
32
1024
126
17147
4310
766
1010
4
16822
19849
1033
544
2558
58955
474
1534
49694
6337
4097
506
191
56997
16580
2049
12816
4658
257
272
4224
8132
24831
23702
27562
18
20
32
252
6216
19917
2303
98
49622
31980
27966
10244
11
2557
254
26646
33027
1271
1060
256
36
1
24358
26160
8606
521
190
16766
4608
6366
65
12910
232
32
54135
27603
31344
16511
80
21632
11085
0
27934
19450
10828
25738
2080
4600
54858
13758
25195
3318
29164
31342
32468
22928
7670
38762
43322
8354
512
12727
16894
255
255
16721
60377
17664
16
23468
1390
16384
17416
14587
16526
1014
5
7172
133
27817
33521
7621
63375
20960
22938
16448
223
24024
13762
22816
8840
8702
4450
16890
17655
16854
20943
1406
48374
14068
8448