77
2060
41
2096
49
9560
10415
265
8320
16583
773
459
19303
1325
2835
4544
4194
3592
24728
10366
17292
4632
0
12
20746
1008
9222
24705
8497
2222
2174
20
26
20605
30
7070
18321
4610
89
1485
2112
8441
244
2283
260
95
10446
107
2051
4120
36
368
2562
156
16400
130
261
2243
56
6
25658
300
200
16400
220
257
8416
3128
18581
921
4123
512
8914
531
271
14342
6534
208
144
17340
114
8282
4146
3
16388
66
192
20728
647
25396
8192
5328
2328
20668
12608
16528
512
17822
48
266
18568
12536
168
8224
4104
8
512
2064
2371
17933
2127
3004
4894
8195
92
4897
9318
2229
836
884
6149
1230
2065
37
17093
256
64
260
2788
973
391
2820
514
225
24640
2188
4202
24576
16388
4266
340
4108
400
1175
8240
783
17158
50
13088
18
23164
2112
926
13872
1057
1409
137
3449
14347
5648
851
8250
254
16431
18578
4380
25171
8212
1163
233
8204
5341
127
16402
91
216
530
14042
19204
89
118
30
16784
578
16427
19863
33
1408
18432
18436
24583
8502
18434
8762
578
94
352
17458
23
371
8768
5145
2
1016
12533
0
1336
897
704
17276
4574
774
2852
2048
9408
476
12343
1
10116
8271
134
4603
1025
16898
576
21092
2101
705
88
11312
18
1024
614
21627
92
16512
768
176
1413
25
1
399
8
22628
72
6400
708
815
8
17416
2416
1043
17414
1028
16600
2560