2088
2152
8213
8192
900
130
515
5174
16448
24576
560
2049
5123
2440
16384
16456
6288
28674
16388
1354
8192
4736
16
8512
160
101
32
16544
16776
32
4108
2572
20488
17728
1557
8576
26656
16416
16432
5120
1
2
264
600
1028
24576
21032
21
14737
8450
72
640
16520
12800
4417
76
517
2600
21856
4096
26628
128
0
1024
13312
8
3136
10245
1094
32
20801
44
16900
0
16388
17449
9505
20611
16451
1088
132
4424
676
512
8
10
6400
16896
1665
8232
784
17440
196
192
20672
10500
265
21512
4352
11
2144
4166
16644
8194
2320
384
256
8
8192
16400
99
16544
16392
97
5378
2344
1264
0
546
16464
8321
4101
8288
12292
4100
534
8448
8197
4769
513
1077
515
74
321
1064
25616
388
2624
4296
18441
6401
1027
8256
16404
20485
1280
4096
2176
2368
24592
258
513
3201
898
1032
11
6
132
12368
16768
2112
14336
17442
8208
257
9760
14368
6150
2058
4613
1
17929
12296
17412
16768
520
2306
4224
11296
4120
4113
24577
27652
8536
422
2193
20740
1037
1156
64
964
13057
18432
17408
128
5376
1093
8800
532
4260
18
1280
515
8481
9280
17744
2048
18752
128
256
4365
2720
10328
448
4152
392
8264
4224
27392
16517
228
273
320
1026
4128
2464
20488
1608
2048
10256
2122
8472
1280
1697
25
16392
576
16912
609
274
4288
25088
9540
64
64
3592
13392
16992
1348
264
840
4648
8228
16640
3592
12304