57
2152
8725
8226
46637
36218
50429
5170
49152
9735
560
467
5372
52523
46976
53561
0
29885
50426
46903
32960
2048
8242
2575
0
23304
1536
16
4351
41107
3327
35904
16639
40480
544
20003
508
767
15152
58081
32336
48679
62916
29452
62006
30810
26205
7471
17407
320
16882
0
16388
20072
48840
49608
63090
0
54129
54723
1540
61700
16640
64197
0
40497
4160
36124
58299
38842
1028
61560
513
13092
29598
9179
257
8691
59848
1024
243
36527
43176
4307
57272
147
30292
43024
143
4862
34892
551
60646
4100
318
56161
2558
16888
255
320
262
49283
512
1728
255
156
38
989
54904
63899
0
509
8444
8388
262
56461
14394
24775
23187
1023
41608
34451
2
1534
48
506
247
1407
156
41190
128
17022
1342
4249
4606
16088
705
8902
8319
16899
42348
12
1129
510
54127
2840
215
7134
46706
512
4121
63465
129
54
53584
697
59683
8578
205
2174
43574
47462
510
55133
2
896
0
64271
2848
16416
46708
38634
3460
13064
54960
56961
26
35870
1534
22282
84
511
494
33351
41174
56045
568
249
56583
729
763
759
1026
26115
2308
224
16
216
245
50663
414
256
28269
8988
502
38772
1566
280
765
381
4351
2546
63468
512
5715
2127
28
12
510
960
8204
2326
36506
8198
16384
447
4376
284
30
65002
8212
47641
255
37719
1432
1022
37315
253
2446
502
0
302
48142
17156
70
50141
406
9
320
7359
1526
54792
1728
56058
43802
3