57
21
525
256
49
0
4120
59668
6148
253
3070
9993
256
50202
18560
20000
51226
1280
56408
2269
1588
20501
4606
43687
2879
40002
0
64
6812
1502
4607
54615
37840
12197
49984
35467
9835
16400
12754
129
52988
231
40186
1518
479
20077
250
50270
64
10956
48
1518
257
246
6399
9351
46806
32523
2560
60778
24313
38520
35672
16384
37488
32
59344
13122
33926
60747
5375
28641
31220
18427
4
29586
12693
1027
4096
64381
37536
2046
33336
42177
10742
10218
5054
4334
508
4874
3432
27953
8027
15798
255
8545
4096
27331
38292
16565
2049
64681
46800
20924
61360
34876
33420
4475
15576
53277
25673
42681
47224
31088
9078
55101
64
58187
16755
2516
17024
255
2
254
0
21373
33214
2294
256
42879
11014
13060
49680
13571
5121
50465
18054
5508
50588
11237
20986
60696
35615
6145
48178
256
80
26150
61711
10
207
30470
4735
38194
61252
19764
16184
474
5052
239
4098
498
4940
127
2556
1024
238
2085
253
14507
22527
44969
255
46353
15194
25440
33892
30544
246
11517
10996
4596
16640
16863
3
3181
1527
30114
17088
23740
640
520
25856
38865
12704
26563
64937
15046
12758
25941
8959
34403
22418
33174
57595
495
256
24585
3327
8196
25786
514
42150
18639
254
17382
12
61983
51052
11626
15068
16023
2560
500
507
3022
768
19175
65123
50078
11365
41486
21686
32
9149
27497
39639
33763
16
13302
12306
2
21986
255
96
21236
254
42465
10522
16
8674
44034
510
16637
33368
58234