36409
65504
17687
3
3637
2558
8
51476
6150
253
2942
9993
256
50202
18560
20000
51482
3328
56410
2269
1588
20501
5630
43687
2871
40000
0
64
7068
1246
4607
55127
37840
12069
33600
35467
9771
16912
12754
1153
52988
487
40186
1518
223
20093
2298
50302
64
10956
48
1518
257
246
6383
8327
46806
32523
2688
60778
7929
38488
35672
18432
37744
34
59280
13154
33922
60747
5375
28641
31222
18427
4
29586
12693
1091
4096
64125
37536
2044
33336
33985
10742
10090
4542
4846
504
4906
3434
27953
8027
15794
16639
8545
4096
27267
34196
16565
2305
60585
46800
20924
61424
34876
37516
4473
15576
53277
25673
42685
47224
31096
25462
55165
64
58187
16755
2516
17280
255
2
254
512
17277
33214
2294
8448
42879
11010
13092
49680
13587
5121
50465
17542
5508
50589
11237
20987
60700
35614
6209
48162
256
80
26150
61775
10
207
30470
21119
38192
60228
18740
16184
472
5052
239
4354
498
4940
255
2300
1024
238
2085
765
14506
22511
44971
255
46352
31578
25440
33892
30544
246
11517
11004
4596
16672
16863
3
3181
1399
30112
17092
23740
642
520
9472
38865
8608
26563
64937
15062
12758
25973
8959
34403
22450
35222
57467
495
256
24585
3295
8196
25850
530
33958
18639
254
17382
12
62015
51044
28010
15068
16023
2560
484
507
2510
768
19175
65123
58270
11365
41486
21686
32
9021
27497
39639
41955
4112
13302
12306
2
21858
191
96
29428
254
42465
10514
2064
8674
60418
506
20733
33360
58234