0
42
21
0
0
256
0
4112
0
0
4
1
16
16512
0
0
12
2048
1024
0
0
32
0
32
16896
2050
2
32
1024
260
10
520
0
4
0
160
0
2
2176
16400
1024
8256
16
640
512
4104
8
0
10240
128
4096
0
0
0
4104
2
512
512
64
16640
3
0
0
128
2
0
8
4096
1056
4096
12288
0
5120
64
32
34
0
64
66
16
1056
0
0
0
16384
1
0
256
0
260
16384
32
2560
0
1024
1024
128
8
0
0
512
1040
0
65
1024
0
1040
0
8192
17408
544
2
4
512
8
64
0
256
64
576
520
0
64
0
48
16
16
65
17408
4096
32
0
8192
32
16
8448
512
16384
0
32
0
0
2
0
0
0
8
4608
80
0
2048
0
0
17408
32
16384
1024
9
8
2049
4096
2560
0
8192
1536
256
8192
0
4096
0
64
10
16
0
32
0
2048
2048
128
144
0
4104
1
257
48
64
0
0
8192
16896
32
1
8194
20480
8192
0
4096
0
8
2048
24576
4
16400
128
512
0
16384
512
512
0
32
0
32
1024
64
4096
1
0
0
16640
4608
4
64
64
512
4
72
16384
8192
2560
8193
1024
512
5120
0
160
0
8
2048
0
1026
256
0
16
8
0
128
0
0
16448
0
24576
2080
8256
0
1024