0
21
0
0
0
0
0
4096
0
0
4
0
16
16384
0
0
4
0
1024
0
0
32
0
0
16384
2
2
32
1024
256
8
8
0
4
0
128
0
0
2048
16384
1024
64
0
128
512
4096
8
0
8192
128
4096
0
0
0
8
0
0
512
64
16384
1
0
0
128
2
0
0
4096
32
4096
8192
0
4096
0
32
2
0
64
2
16
32
0
0
0
16384
0
1024
0
0
256
0
0
2048
0
1024
1024
0
0
0
0
0
1024
0
1
0
0
1024
0
0
1024
32
0
4
512
0
64
0
256
64
64
8
0
64
0
16
0
0
1
1024
0
0
0
0
0
16
8192
0
0
0
32
0
0
0
0
0
0
8
512
16
0
0
0
0
16384
32
16384
1024
8
0
2048
4096
2048
128
8192
512
0
0
0
4096
0
0
2
0
0
0
0
2048
2048
0
128
0
4096
1
1
32
64
0
256
8192
16384
32
0
2
16384
0
0
4096
0
8
0
16384
0
16384
0
512
0
16384
0
0
0
32
0
0
0
64
0
1
0
0
16384
4096
0
0
64
512
0
64
0
0
2048
8192
1024
0
1024
0
128
0
8
0
0
1024
256
0
0
8
0
128
0
0
16384
0
16384
2048
8192
0
0