0
0
0
8192
0
8
32
2048
8192
8
16
4
256
0
0
0
0
32
0
1024
0
2048
0
0
2048
0
16
0
0
0
512
0
0
0
0
0
0
32
0
0
32
0
1
0
0
0
128
0
0
2
0
2048
512
0
4096
16
2
0
16384
4
8
16
0
512
4
1
256
0
0
4096
0
0
16384
64
128
0
0
32
1024
16
8192
0
4096
0
64
16384
16384
8192
0
0
0
0
8192
0
0
0
0
128
256
0
8
0
1024
0
2
0
1
0
0
64
0
8192
0
2048
0
64
0
0
64
0
512
8
16384
256
4096
1024
0
0
0
1
0
128
128
8192
0
2
256
1
0
0
8192
0
8
0
2
4
0
256
256
0
4096
512
16
2048
512
2
0
0
0
0
0
512
0
16384
0
32
0
64
16384
16
8192
0
1024
0
0
1
0
8192
0
0
64
32
512
0
32
0
4
16384
64
8192
0
0
1024
0
32
0
8192
1024
32
0
16384
32
0
8192
16
0
0
0
0
0
16384
0
128
512
64
0
0
8
0
0
512
0
64
0
512
0
0
0
0
4096
0
0
2
0
4
16384
256
0
2
512
0
2048
0
0
4
2
2
8
0
0
32
4096
0
1
0
2048