4096
65504
21
8200
0
24
32
2048
8192
8
16
4
256
4096
32
1
0
32
0
1024
2
2048
0
32
2048
128
16400
4096
0
0
514
4
0
64
0
0
64
32
0
1
544
0
1
0
0
0
128
1
4
8194
4096
2048
512
2048
4096
272
130
0
17408
4
8
16
1024
640
68
1
16640
512
1024
4096
512
512
16384
64
128
16384
0
32
1056
16
8196
64
4096
0
64
20480
16512
8192
0
2048
8
32
8192
0
512
1
0
128
256
0
16392
0
1024
128
2
0
1
8
1024
64
2048
9216
64
2048
8
64
0
0
64
0
16896
9
18432
320
4352
3072
0
256
2
33
1024
128
128
8208
0
34
0
1
0
0
8192
0
8
0
0
4
2
256
256
0
4096
8704
144
2048
512
2
256
0
0
0
1024
576
4096
16640
0
32
0
320
0
16
8208
1
1024
0
256
1
0
8208
256
64
68
40
513
0
32
0
8196
16385
64
8192
0
0
1024
0
40
0
8192
1152
32
0
16384
32
2
8192
16
0
2
16384
2048
0
16384
4096
128
512
64
0
16384
72
32
8
512
0
64
32
1536
8192
4
0
0
4608
0
0
18
0
4
16384
16640
4
8194
8704
2048
2048
128
16
20
16386
2
8
0
1
160
4100
512
1
64
2048