4096
42
21
8200
0
24
32
2048
9600
528
16
36
344
4107
32
1
386
96
0
48
34
2048
0
32
10246
8326
17104
4096
16480
0
514
4
0
64
44
386
108
32
0
1
544
512
89
800
0
200
8326
1
132
8194
4632
2048
646
2048
4096
272
130
16396
17424
15
16388
284
1560
1670
104
257
16640
512
1024
4098
512
912
16384
8640
128
17156
1030
1062
1056
284
8196
68
4146
0
2880
20512
16512
8236
8576
6168
4112
8208
8192
352
512
801
0
128
256
0
20496
0
1024
128
16482
64
1
8
1024
64
2048
9216
16460
2048
8
72
400
0
64
0
16896
200
18432
320
4226
3424
0
272
2
33
1024
128
178
8208
0
34
8
1
0
0
8192
0
80
0
0
4
9
256
256
0
12294
9734
2288
2048
1542
2
256
0
0
352
18176
576
4146
16480
25
568
0
320
0
16
8336
1
1224
0
256
2817
0
8208
432
108
8308
4139
513
0
432
0
10340
19201
24
8192
0
704
1024
0
40
25
8728
1096
32
400
17156
32
2
8704
16
22
48
16384
18528
128
17088
4096
128
8710
0
0
18528
8312
99
408
260
536
64
16448
1536
8192
768
1072
0
4608
0
0
18
0
4
16384
16640
4
24590
8704
2224
2048
128
16
112
16386
2
8
386
401
428
4125
1920
1
64
2248