57
44
25
8392
3
474
3914
2159
55360
44764
38264
62924
61328
4115
334
58345
386
108
195
57939
308
2240
444
227
54544
8425
16943
4288
16411
53494
7830
12028
60
47619
477
482
108
433
63
121
720
35231
11930
48894
10884
40688
8373
7
365
8632
45392
59594
948
928
4111
464
37776
16605
17424
16701
16395
258
1768
1670
426
263
16896
716
1024
30051
770
912
63144
47534
248
27180
60736
1050
56048
492
8693
706
23800
37314
19696
20704
16536
8236
8305
34694
34864
32950
8464
352
54408
969
54400
137
63472
111
20704
257
1024
50657
4144
55872
49
776
1048
64
2416
9695
45568
2096
56
72
18928
393
448
5188
17139
30196
57304
130
21880
3094
240
52180
41600
10641
58360
124
66
8673
45532
53
49016
21669
60
32652
8192
6
350
222
390
223
22426
50
316
8407
12318
9734
2558
2048
1913
20278
256
6
24
324
18140
576
4388
4885
283
792
184
25726
3
53846
8348
58169
1286
449
93
2817
0
8208
36196
464
8267
62675
36534
384
61672
240
10628
18637
48136
8222
53384
47045
1120
13647
54864
44226
51372
14533
5330
25951
5119
41571
6034
37278
57593
478
8512
25352
7354
8300
28594
4163
42150
18893
5374
25598
14380
61599
53069
11618
16092
11926
12032
12788
16875
7119
2896
2787
55147
41118
27757
58958
21654
13088
8637
25451
39639
33218
288
9142
82
586
5571
16887
801
23204
9983
42993
10298
6176
8426
44046
3070
25209
45080
50296