57
21
45931
4506
49
15039
31660
47683
61065
36727
14424
28248
4880
63521
3544
7877
144
273
37429
31804
43423
59388
59591
59280
45378
3168
64197
12966
30282
24429
710
20881
34060
26006
34324
1865
22124
60692
3904
8781
60849
49604
32117
27124
16170
11870
13950
12063
34490
9288
25854
22207
58575
35132
20530
14873
10667
52248
3283
12705
46275
54155
12384
27136
30569
42543
35992
31179
63850
13196
27016
60890
44287
38840
21020
3573
31678
28788
7224
47934
53264
23599
54020
5200
10361
12082
62328
23515
39173
25860
19134
5665
15895
43661
40466
30633
64141
575
60956
8682
37876
49920
19944
14622
11620
61527
57861
37529
8636
64047
26740
38149
39286
50447
57525
23482
24166
18308
58481
47795
52327
40572
56972
55278
55535
18996
25661
21083
58264
29113
42817
11174
23966
23200
6732
44982
25629
896
49933
14300
6538
14961
63953
33726
30905
3346
40816
34918
48557
481
39737
42002
38239
58443
28406
42078
25470
46355
46720
21736
57870
18149
12676
63952
56113
5978
63216
34403
15363
8521
2969
2543
49479
24692
39748
2511
17302
31707
45422
36031
39487
4187
21931
35003
64096
39707
651
60625
31347
5477
21960
8172
10914
24599
41137
50757
648
59697
44749
52322
59012
14425
41407
12841
25506
35723
46157
64529
11398
26026
3401
18233
1021
16128
46854
47274
19167
9239
48440
23505
16459
16637
50353
29913
63984
42557
22402
30734
36102
44098
1550
16137
20298
44807
34902
45845
8274
33228
19477
57510
8566
23507
60288
25281
25466
18447
9948
22515
41346
19398
52065
22077
579
1753
32828
51813