40704
49120
149
32
256
2306
21900
12431
17303
16591
2414
21426
63463
43612
16542
26070
33166
37650
48304
39394
29940
13678
23636
25148
51956
10234
16604
60816
9336
23935
65071
46613
40858
42176
7384
32690
7989
23086
36678
63084
13070
58237
30876
23016
33098
19600
1051
5699
16513
54809
8416
65181
47184
519
10998
63669
62673
29767
28910
46145
39076
1492
9343
16526
54720
52365
63484
56960
19613
21298
15488
60439
42946
61307
20547
35429
61276
9355
1834
1682
54158
9562
61678
57905
17464
58285
42788
12343
28672
7077
3437
34228
48764
1067
32658
54119
24576
52239
56757
8393
61552
45915
64270
11720
40412
58516
28107
18055
32000
64350
22105
59325
46955
3375
3628
15563
27916
23271
17864
13927
8889
65040
30597
65007
36781
12966
56098
20124
45208
59445
55839
348
59249
47775
9770
37979
2124
12031
58448
30721
766
12678
54357
38529
26442
54862
46480
48236
5448
6980
6988
6319
32320
614
61815
65430
27580
3764
29736
2151
18159
6155
2255
22911
53192
671
18938
52433
1482
7461
56080
55586
8291
2559
19130
63926
27912
26222
26701
6104
52364
23875
52850
10023
65440
18272
25168
13
51824
511
25096
16353
65088
2130
44861
30294
16474
2244
63558
24591
57852
31214
6496
36360
14932
46790
9166
396
26780
13734
63676
58913
46372
31656
49236
3692
36273
667
56272
1117
38112
62992
42648
52286
54096
29790
1291
5220
52560
36932
17766
3420
57696
61391
696
55595
4342
30349
19380
2494
61996
64317
26309
9185
2338
35470
16574
16515
35904
34671
10539
36530
513
13813
21680
15992