136
76
13
64
0
528
641
32
0
8208
12
2304
0
4096
2560
48
0
26
16385
1152
256
512
20
0
416
32
2306
4160
64
16
280
512
512
130
1028
4096
8256
2304
64
24
16928
16960
8256
128
1040
24576
4112
288
512
0
8224
8192
0
1024
0
0
0
8232
0
0
24832
256
16416
0
272
4
4096
2560
0
16513
1024
384
8256
8198
256
2048
16384
0
0
0
272
4096
2056
16388
3
8193
2
16
48
128
4
518
1025
0
0
8
10496
1025
17412
256
16448
16512
5120
1024
0
256
8832
17408
0
8192
0
2080
0
260
1024
1536
6144
8
8
4176
16640
8
65
516
0
16386
2176
1040
64
512
256
262
4101
0
6176
1288
128
1
4128
768
1030
8192
4096
128
0
32
4
512
0
128
32
32
0
2080
0
0
4240
257
16384
2048
3072
8192
0
4096
0
24608
9216
6
18432
48
1
264
8320
16
4144
4
8224
4352
128
512
0
520
512
144
0
1032
20
256
32
1
512
8448
258
0
4112
2064
2
0
1024
20
16384
768
72
1280
32
1026
8
16400
1025
1040
128
0
8193
2304
516
2048
16384
128
8192
8192
128
8320
4096
3
8192
8320
16912
136
0
256
8224
1536
544
24578
0
8194
12320
2048
1280
512
4176
68
0
8
512
2052
19456
520
1024
4096
64
192
2064
2
4
1024