65460
213
21
268
49
2328
30159
12425
25495
223
2146
21426
63199
43612
17406
26064
41404
41746
48304
39314
14068
30318
23767
24956
52980
10234
17598
61072
9340
24447
65071
46997
40094
42176
3288
32691
16181
23470
36678
62570
13068
62333
30868
23017
33106
20115
1309
5443
130
54809
224
65165
47952
519
10806
63925
62480
29783
29934
46161
39076
1444
9231
16392
54595
52357
63484
55948
19549
21298
15488
60631
42946
61171
20519
33381
61244
11403
1838
9874
54030
9666
61934
58025
18232
58285
42660
12475
28672
23461
3437
50644
65532
1319
32722
54119
26816
35855
56709
8201
61552
45911
63534
12240
40412
58644
32251
18087
23811
64350
22105
58941
46955
3373
3372
16331
27919
23399
26104
14311
8895
60944
30653
64735
36845
12998
56123
20220
45224
59477
55935
348
58225
47967
9770
38363
2112
12007
58455
14337
758
12710
54324
38529
26506
63062
46481
48620
5450
6692
6924
6313
32320
622
61815
65302
27582
11956
29742
3047
18175
6667
2511
22655
52680
671
18906
53209
5586
7445
56080
39214
8275
2511
19082
63670
27960
26486
26701
7768
61324
23923
52598
10027
65472
18272
25184
397
51776
511
25099
16161
65088
2132
44093
30286
16473
2292
63558
24599
57852
31214
6496
36368
14900
46790
9174
396
26908
13734
63676
58914
46356
31688
49234
3692
36273
795
56284
1133
38112
62992
42744
52286
54096
29790
1163
5218
52560
36932
17750
3420
57720
61391
696
55595
5110
30397
19316
2446
62188
64317
26437
9169
2338
35464
16574
16643
35872
34659
10571
36658
513
13814
21712
15992