57
229
21
268
49
2328
30159
12361
25511
223
2146
21426
63199
43996
17406
26064
41404
41746
48256
39313
14066
30317
23759
24956
52932
10234
17598
60816
9343
24447
64815
46997
40222
42176
3288
32693
16173
22702
36646
62554
13066
62333
30868
22825
33106
20127
1309
5445
130
54809
248
65165
47964
519
10806
63925
62480
29783
29918
46153
39076
1447
9999
16392
54595
52453
63388
55946
19613
21298
15488
60631
42946
61123
20503
33405
61244
11403
1070
10002
54126
9666
61934
58153
18424
58293
42404
13243
29056
23461
3425
50644
65436
1191
32530
54119
26624
35903
56709
8209
62320
45879
63534
12240
40412
58644
32251
18087
23907
64350
22105
58941
46955
3373
3372
16331
27791
23403
26104
14311
8895
61136
30629
64735
36845
12998
56123
19964
45230
59478
55999
316
58129
47967
9770
38365
2112
12007
58455
14337
886
12704
54324
38529
26506
63126
46737
48628
5498
6696
6796
6313
32064
630
61807
65398
27582
11892
30510
3041
18175
6664
2499
22643
52680
415
18906
53225
5586
7445
55312
39198
8275
2559
19130
63670
27960
26486
26699
7768
61324
23920
52598
10011
65280
18272
25184
445
51776
511
25099
16173
65136
2135
44093
30286
16473
2292
63942
24599
57804
31198
6560
36371
14900
46790
9174
396
27100
13734
63676
58658
46548
31688
49194
3692
36174
742
56300
1133
37935
62992
42744
32227
54088
30112
1211
4747
52624
36900
17750
52180
47523
61232
672
55510
59906
30525
12166
415
62188
64269
26299
255
224
23274
1278
14979
262
828
29115
24648
645
2567
47861
6658