784
16908
21
768
16384
0
10
2688
2
1
16
1
65
16514
96
641
836
2305
4
520
16
6
4
1024
1
2130
2048
32
514
64
16
0
2066
4096
18436
2
16404
262
592
0
8196
23552
288
8320
5120
2048
4
33
8
2176
160
8
512
0
8225
1
17472
1056
288
516
64
258
9
6144
2049
288
0
544
8576
40
324
1154
8192
1028
64
2
76
512
1282
4
32
1
32
0
16514
1024
4640
0
32
20
2048
0
4224
514
18
8272
16
4352
5
8770
24960
4
16448
16768
64
6660
672
1
64
16
3088
4
512
16433
8288
4168
515
2048
0
16400
8704
2
256
4
4608
112
2120
4128
16640
8216
128
17
3076
0
9216
128
78
194
8
2176
128
8197
8704
522
4100
1048
0
16386
7184
32
4100
4096
4128
2
16400
130
8196
208
9480
128
8194
128
16384
4256
32
2050
16512
2048
8200
8192
23
16385
4240
3136
2112
4224
4224
512
8196
18
0
8192
1024
1024
128
16912
36
4608
4096
72
32
5120
1024
2048
20484
8512
8208
320
16
128
0
32
16400
34
2
6
8208
136
130
16385
2
20488
0
34
256
6
2048
18433
1024
5
644
80
8193
520
33
8192
8194
3584
2048
5120
96
1032
2
5
18432
512
25
4225
392
76
0
6152
16400
8192
256
32
2
16384
560
4
17408
4096
16450
2049
832
130