912
21
21
1792
16392
8208
10
2560
35
8225
8720
16417
1345
17602
96
641
836
2305
6
520
16
14
2052
1024
1
2134
6144
32
16898
0
16
4096
18
4096
18436
258
16404
294
624
0
8228
23568
288
8320
5120
2080
4
49
9
2240
176
8
768
32
8225
17
17472
32
288
524
2112
2306
9
6144
2049
352
0
544
8576
40
326
1154
8192
1028
64
2
2124
2560
1286
4
32
1
8224
128
16514
1024
5664
512
32
20
2048
0
4224
514
16402
8272
16
4352
5
8770
24968
4
16704
16770
72
7684
640
1
64
16
3088
4
512
16432
96
4169
515
2048
0
16400
8712
3
272
12
4608
112
18504
4144
16640
8216
128
49
1028
0
9232
128
2126
1218
8200
2177
128
8197
8704
523
4100
1048
512
2
5136
32
4100
4098
4128
0
16400
4226
8324
208
9480
128
8194
144
24576
4257
32
18434
20608
2048
8200
9216
22
1
4240
3072
2144
4224
4480
512
8196
82
0
8224
17408
1024
128
16912
36
4672
4096
72
32
5120
17408
2074
20484
8800
24608
320
0
160
512
16
17008
290
5
22
8464
136
16538
16771
770
20536
1
530
304
10
2098
18461
1216
196
644
8264
8705
16907
35
8704
8194
2560
2054
4096
800
1035
258
5
18434
560
26
5249
2440
16458
8
2062
16497
8256
450
2083
770
17504
17328
6
17504
4358
16708
6145
856
134