57
65504
42912
54146
49
8211
22760
2572
20480
50264
58232
62675
62005
11522
408
761
61300
2297
6
58447
16
14121
40952
1279
487
2724
33482
53288
61408
51169
398
4480
51200
30518
18488
61023
16792
50421
624
21247
8411
23560
63456
133
44756
53367
37408
29486
16640
2264
37496
38581
15072
32
8591
29753
17593
44
32864
2747
3007
2500
7344
61377
57344
431
3
43753
60744
40
18392
34490
8447
50027
69
1021
17088
2720
1529
46600
8192
7505
8431
33758
50734
1075
5670
262
12416
58068
2096
159
13504
30082
16594
5455
406
53879
62972
27871
25016
33874
52544
16794
48
17210
28112
253
34784
43779
1840
6779
60928
16456
58624
38051
515
2557
56108
16400
8760
48775
40016
235
29920
239
43728
63665
16614
8575
179
50
50336
10864
26304
121
29248
1218
8220
42484
128
65398
9509
38780
4299
1383
25904
496
5263
478
60832
8465
54352
42217
16400
4474
12704
224
13664
127
8194
160
55416
4269
478
18635
6745
49554
32886
9264
23250
37980
2048
11323
2552
45312
38400
560
16672
29185
24
38406
17615
35474
37376
16912
804
12775
23616
15834
25544
27388
17459
5027
21252
3741
24608
54506
39235
56537
0
54007
17011
7954
315
137
8476
64424
16538
13995
48682
21190
45312
47080
61786
2474
6653
60425
64100
36865
644
45427
8705
52053
52224
45343
8316
2815
2558
40024
991
36649
17536
101
18685
1448
36088
63636
2440
37733
0
7377
16783
28250
47952
2581
637
2398
16974
58405
17408
59217
16827
64644
38746
47611