43833
65504
21
0
0
87
1664
325
1279
16678
38663
7747
12542
2239
4832
2242
723
23635
23158
47642
12
37546
16831
15876
450
46587
54806
2152
23472
61047
63278
4636
5114
10657
220
12075
42095
1374
51907
12214
80
47838
21248
21727
43748
38082
4215
65426
12920
24839
4392
58037
35316
2488
22548
65215
31168
8208
56573
45815
24576
537
65438
23306
28864
3343
59416
56542
2582
34177
34558
1343
42952
16874
64122
23807
19618
6916
8506
5518
57270
65308
37958
9945
702
38611
8324
12681
8958
55223
58032
43796
58404
2681
30723
33762
46720
2791
42016
16
1010
51903
50432
19109
40128
17114
55004
8340
53270
566
51750
6290
37795
59907
38816
2061
52587
3202
45548
64844
64737
23698
4382
61711
1874
23976
16754
31351
774
8220
21332
386
1028
59004
41444
2675
5016
783
17242
50565
27920
2163
52718
1931
1878
33410
3950
18234
18905
12294
11616
47905
47232
40495
3906
40330
41948
23238
45054
24977
22414
25106
4451
21495
20828
643
128
29033
24032
516
25776
47640
62468
4178
26900
47089
35709
48330
15678
704
26464
400
50242
53401
51564
16895
35250
11968
466
18544
16432
9910
8723
113
4250
36
56
8196
2276
67
16670
128
674
331
4497
16384
2092
2498
16528
35
144
6948
1039
8592
3968
0
13092
96
321
0
20480
5312
352
8192
156
1380
16736
9221
204
4704
384
2816
5155
20505
1076
264
617
10245
8
3078
65
144
8194
3072
8624
2257
8656
12356
868
17152
16928
11046
392
2752
104
16388