41777
40
31759
3
24519
59070
18674
16516
43695
20736
39620
10601
15034
42982
512
2539
32238
173
4768
38971
17392
509
28672
41647
223
15051
217
30720
255
53803
160
47664
31744
2816
13177
502
8570
8704
5254
7702
4469
61322
16385
49967
55296
44004
6330
44727
768
4476
12766
19584
444
8192
65
14732
0
39062
4133
104
4
2982
18464
249
0
528
13680
9
42218
9596
510
96
42359
544
18938
43917
34224
48618
22000
39903
2048
48990
64248
43362
1060
4112
41472
255
50048
53255
39020
27505
11832
61934
2172
16640
8216
2910
251
14482
446
4901
20735
6144
41986
8399
59226
128
1032
2810
16571
17412
65055
39679
56536
470
34128
479
6934
26112
132
2081
34
42270
18400
1300
41572
61739
639
4608
9980
36602
27831
18894
6160
62288
41328
1024
29948
17074
4863
4
64
7805
16575
5342
3806
2560
21904
237
29184
512
36250
38787
17568
2114
16520
1534
49664
4176
0
14837
59552
223
492
53749
8224
25310
47026
4350
51244
38968
24
1168
5252
12858
48
64
9408
21390
3
1211
17151
53030
53040
7033
8
28306
239
516
16400
2046
13312
61587
3388
56436
41216
6426
30954
29632
55104
35982
4353
33515
4016
32389
24686
35552
514
1245
24848
28778
4752
8338
37938
6391
12864
2048
19130
59727
426
46995
3260
41472
16385
36282
59632
1284
123
19564
65052
214
34096
62032
17689
304
14325
34374
28453
63404
228
8361
50168
1152
607
38084
13156
37443
51650
20864
16179
128
48896
260
19964
28016