65460
65504
1045
0
256
1
6152
128
0
192
2064
4160
16384
512
36
16
1024
12
4100
0
0
1028
512
260
1025
640
4
128
8193
16448
10
768
0
2048
8704
0
0
66
2304
0
2048
16452
64
0
16384
0
16
256
16389
24
384
64
9216
16896
512
1024
0
8
1040
8
4097
0
192
2048
4
2048
8192
8192
21504
0
9
0
1
0
264
0
4101
0
2304
5
260
40
8192
16
8200
2056
8
0
512
8320
132
8224
4104
10240
548
1024
5
0
16384
544
2048
4096
4096
18
65
4096
1536
384
36
16384
16
65
0
8
528
0
4104
16384
5
0
4128
1216
2049
0
256
8192
4096
0
0
2
4096
16384
0
0
18432
1024
3
8
40
256
512
2
1024
512
4224
512
8
20992
0
8448
5120
0
512
0
2049
2176
10
4112
208
2048
16
1032
1024
0
0
64
40
16640
4
8512
2560
0
0
69
34
2176
1
8704
4098
32
8212
0
16384
8192
1024
64
4224
24
64
256
0
256
384
80
194
34937
4335
255
255
32
6384
24168
1024
128
84
2046
8447
18658
255
1535
16
0
64088
4097
4096
8192
9
64
1502
8317
40328
3140
49475
36419
58366
250
510
127
254
235
40
0
16942
41
512
1279
255
383
1334
35838
6816
0
507
544
0
55318
5384
43024
510
128
130
43400
7935
16388
255
239