57
42
31775
3
24518
65214
18674
16516
47787
16640
39876
31081
6840
42982
514
2543
32206
189
4768
38971
17378
4605
29696
41647
223
13003
219
14336
1279
53807
4256
47136
31872
4864
9081
502
8574
8736
5316
7190
12661
61354
16448
52143
53248
43936
6334
44735
768
12668
4570
18560
510
12288
65
14732
16
39316
4109
616
16388
2470
20512
249
0
2576
13680
9
42218
9596
510
32
41335
544
18942
43405
50608
48618
21968
39903
2
48990
56056
48482
1060
20496
45568
255
54144
53263
39278
27633
28216
63982
2172
16640
8208
2910
1275
14482
430
4645
20991
6144
41984
207
59226
512
1032
19194
16571
17420
60959
39519
56408
470
36112
4575
6934
25090
132
35
42
34078
18400
4372
41508
61739
639
12800
9981
36858
27831
18830
6164
63248
33264
17408
29932
17042
4863
68
4160
7805
16575
7390
7900
2048
21904
237
31232
16896
36242
38851
1248
2050
17536
1534
49696
64
2
4341
59424
255
494
53557
8224
25246
47024
6399
50236
38969
25
1040
5380
13882
113
16384
9344
29614
1
9471
16639
53030
53024
4921
16
32402
4335
0
20496
2014
5120
61586
11390
56436
40960
6424
30952
29380
55152
34830
4098
33519
3760
24197
24644
39586
1
221
20752
28778
656
8194
37938
247
12288
0
18617
60238
426
46995
3228
42048
16392
44222
59636
1025
4351
27756
63036
478
36402
53777
26008
272
14320
34598
28449
47005
16
8192
11606
0
258
46238
30620
45300
49409
20480
16106
16432
10176
20
30172
32495