57
243
277
28729
4145
28812
20237
38773
12148
17254
26136
44266
21259
3960
9509
33437
263
52219
29841
14854
8752
15046
53732
51572
13702
1751
16504
362
43233
10187
52590
10739
239
58980
31828
28284
58622
43267
9556
2581
2558
94
5039
60032
3600
2777
12706
61254
30544
31564
50850
17366
4335
24802
39654
16862
353
41291
55748
39471
52345
27741
35810
23682
8280
773
56732
38903
41976
5056
30542
59755
40774
58235
60622
26386
2357
2121
31922
35036
60262
13428
36714
26604
37217
60179
12595
6413
12342
3866
45914
35562
443
14324
61085
8125
61330
100
23581
10773
24600
22641
57244
51607
13382
18985
48216
52338
13672
33871
41174
34509
60777
40719
24960
28967
3367
53538
280
24303
4176
19948
64665
20691
31089
56695
212
4613
30492
10788
31545
18216
49435
34688
42034
28612
28016
4448
56580
3837
34926
55255
37940
1559
5146
24452
33857
27142
60836
1041
15567
56284
25492
23135
9521
51600
1600
54928
37134
27478
42512
16024
47431
58729
235
10499
50658
51015
13097
20995
65246
12095
41228
12613
28495
532
50744
57862
62590
28076
29031
14305
21771
35244
10108
56972
28896
36522
50685
17004
43322
7180
50565
54029
18632
24224
19694
63425
31410
51755
5883
55774
20308
21779
8970
61394
52112
8110
19177
58401
57053
8
3916
23855
43180
56192
45032
8255
53310
48953
28652
31522
22169
43792
8672
61661
42752
15733
12272
963
6482
55990
20793
1063
5432
24472
42770
52393
50675
44418
37171
17160
19644
48323
56122
37148
59920
52609
30685
14412
48994
22546
59786
484
40430
36011