136
12
13
64
0
512
513
0
0
8192
8
2048
0
0
2048
16
2
18
16384
128
0
514
4
256
384
32
2304
4096
0
0
272
0
512
130
1024
0
64
2048
0
16
16896
576
8256
128
1040
16384
4112
256
512
0
8192
0
0
1024
8192
0
0
40
0
0
24576
0
16416
0
256
4
4096
2560
0
16385
0
256
8192
6
256
2048
16384
0
0
0
256
0
8
16384
1
8193
2
16
48
128
0
516
1
0
0
8
8448
1
16388
4352
64
16512
1024
1024
0
256
8320
1024
0
8224
0
2048
0
4
1024
1024
6144
0
0
80
16640
0
1
516
0
16386
2176
1040
0
512
0
258
5
16
4128
1032
128
0
4128
768
1028
0
4096
0
8192
40
0
512
0
0
32
0
0
2080
0
0
144
256
16384
2048
2048
0
0
0
0
24576
1024
6
18432
48
1
8
128
0
4112
8196
32
256
128
0
0
512
0
16
16384
1024
4
256
32
1
512
8192
258
0
16
2064
2
128
1024
20
16384
256
72
1024
32
1026
8
16
1025
16
128
0
1
2304
4
2048
16384
128
8192
8192
128
8192
4096
1
8192
8192
16896
128
0
256
32
512
32
16386
2048
2
4128
2048
1280
0
80
4
0
8
512
4
3072
8
1024
4096
64
64
2048
2
4
1024