57
241
277
28729
49
24716
20253
38773
12148
17270
28184
44266
21259
3960
8485
33437
2311
52219
29841
14854
8752
16070
37348
51572
13702
1751
16504
354
43241
10179
52590
10739
239
58948
31860
28540
58618
43267
9556
2581
2558
94
7087
60032
3602
19161
12714
61254
30544
31564
50850
17366
6383
25058
56038
16894
352
41291
55748
39467
52347
27733
35810
23682
8281
773
56796
38903
41976
5058
26446
59755
40774
58235
58574
26387
2485
6217
31922
35036
60258
5236
34666
26604
53601
60307
12595
6157
12340
3866
45914
35562
411
30708
59037
8127
61330
100
23583
10805
24600
22641
57240
51607
13382
19113
46168
52306
13608
33871
41174
34509
52585
39695
24704
28967
3365
53538
1304
24303
20560
19948
64729
20563
31089
56695
4308
4613
30492
10276
31547
18216
49499
34688
42034
28612
26992
4384
56644
2813
35182
55251
37924
1559
5146
24452
33793
27142
60708
1041
15567
56220
29588
23133
11569
51584
1600
54992
36878
27478
42512
15000
47431
58729
171
10499
50659
51015
13161
20995
65246
11839
41228
12613
28495
532
50232
57862
62590
28076
29031
14273
21771
35244
10108
56972
28898
36522
50669
19052
43322
7180
50567
54029
18568
23712
19694
63169
31410
51819
5883
55774
20340
29971
8970
61394
52144
8110
19177
58401
57055
8
4044
23855
43180
56192
45032
8255
53310
46905
28654
31522
22169
43792
8672
61533
34560
15733
12208
963
6482
55990
20785
1063
5432
24456
42770
52361
50675
44290
37175
17161
19644
48323
56122
53532
59920
52673
30685
14412
48994
22546
59784
484
40446
36011