57
8433
21
28729
49
24716
28445
38773
12148
17398
28184
44282
21259
3448
8485
33437
2311
35835
29841
14854
8756
16070
37348
51572
13702
1751
16504
355
44265
10179
52590
27123
239
58948
32116
28540
58619
43275
8532
533
10750
94
7087
60032
3602
19165
4522
61254
30548
29516
50818
17364
6383
25058
56038
18942
352
42315
56772
40491
52475
11349
35811
23682
8281
773
56780
38899
41976
13250
26462
59755
40774
58235
58574
26387
2453
6217
15538
35032
60274
5236
34666
26620
53601
60307
12595
6221
12336
3866
45914
35562
411
30708
59033
8111
61338
100
19487
8757
24856
23153
40856
51607
12358
19081
46168
52306
13608
33863
41174
34765
52589
39727
24704
28967
11557
37156
229
24291
20552
19858
64775
20911
30845
56561
4306
4357
30584
10391
30779
18216
49498
34688
46130
28420
26992
288
57076
2939
35178
57167
40426
1819
5220
23786
38369
27544
59610
1068
15375
55905
29588
23141
11720
52302
1753
54831
37952
27478
42606
15201
47689
42326
337
10749
50207
53060
13070
20995
65046
11839
41970
12729
20183
530
50630
41478
62542
27690
29029
13304
23821
35052
26468
57264
28898
36672
50989
27247
43322
7618
50427
53746
18551
23878
19694
62663
31412
52054
5660
55774
20363
29983
24586
61261
52143
7763
19366
50398
56891
11
3276
23811
59487
55776
44825
8641
53479
42954
20462
31644
24039
43566
8700
61532
34367
15754
11818
453
7466
56296
20687
1255
5400
24456
42716
52353
58873
44514
37559
17147
19706
64835
64314
53458
60304
52542
30685
14415
48978
22549
59787
451
40434
36437