57
65504
37
59707
49
13756
8602
2762
48635
19998
44998
44167
11759
59154
15644
33565
2311
19412
29805
14854
28323
24117
35648
51643
13336
1656
14459
28
64466
24154
52502
26986
529
30755
13656
46518
35748
43253
61045
746
2225
48766
7119
35529
4076
60080
4437
7874
30564
34289
51068
12779
2972
17222
14442
3909
56667
50564
16950
9081
15682
11423
49744
23730
25465
50052
56826
2569
63132
13093
26350
40188
62000
14997
53488
26349
23469
4502
59726
54942
38416
30378
3158
26498
51137
60299
46557
40992
22120
6922
4008
47664
21409
35547
12404
8095
47876
412
19487
21917
24731
35399
12560
931
56592
19081
49210
52652
62944
33972
14077
34990
52589
12478
19214
63715
11557
16900
36305
24291
720
53622
64775
46563
48501
58285
12124
52091
30584
10391
62783
18216
12254
8443
51900
6940
34432
288
29576
40739
20890
57167
20828
57365
8212
44411
48463
21983
21426
2492
15375
55905
28064
55141
29264
57736
46224
22674
35038
56980
55566
44163
6450
13305
173
48913
31083
4342
32128
4970
0
0
1028
385
0
80
1024
2054
0
64
0
48
0
64
134
2636
160
12288
17409
6
0
6412
1026
1536
768
400
1040
416
50
16386
0
258
1040
1552
2
50
2124
416
0
1280
16384
2
256
268
2510
33047
572
16575
264
30691
8961
907
243
10975
20442
8652
4586
213
6755
37861
17494
13383
432
462
2144
26091
8207
8813
16588
719
202
16639
18929
96
7418
134
28
28503
25659
16574
18740
2816
23853
42754
33378
11677