57
21
21
27828
20947
41506
47028
45293
760
63928
36196
16104
16639
128
7260
59918
2444
767
54148
313
4108
157
158
36202
256
2683
953
54970
393
2051
643
15033
5472
11782
21285
399
28032
5961
9510
28320
0
2820
946
207
34688
30875
16607
50816
36160
160
12
14271
9232
430
1072
39771
17513
1460
0
4284
36948
255
2056
4348
37248
12922
0
53662
44528
41710
255
64342
37048
10094
24238
1215
8012
243
24284
46034
63488
8192
531
436
22098
14140
1072
7607
6840
32626
35264
25739
20684
3424
8
37394
229
55287
25152
3
56664
44756
50852
22428
43808
52004
31060
8249
506
60838
17738
248
8447
41028
95
23437
47232
39210
20992
11853
4096
16408
792
32
8417
15521
16496
17809
6
34055
11816
254
34147
37511
3030
32173
12
39680
15660
56516
255
382
3900
14063
22282
51167
2
23362
3924
18833
9356
14124
936
895
57732
14115
15524
486
6694
20672
0
59187
40784
5475
318
14
490
250
493
64351
56830
1023
1227
64522
255
18943
45056
12970
0
319
231
207
8246
31754
632
12524
30576
12288
39369
1723
25348
25732
18354
14145
63128
367
1424
32
50
2334
3672
459
41412
1936
26
41423
2508
416
18176
511
32768
12781
56184
39906
50810
32849
572
16575
264
30691
8961
907
243
10049
20442
8652
4586
213
11308
37861
50500
14609
1920
10366
2144
4025
51156
8813
16588
36673
202
16639
18929
25618
29903
16384
17172
2
576
13440
4354
2432
640
1044
1120
9248