4096
10
53
8200
16
24
32
2048
9600
528
16
36
4440
4111
1056
9
386
104
8192
1072
34
2048
512
36
10246
8326
17104
4096
16480
0
16898
36
0
320
16428
386
8300
4128
8192
1
544
512
93
808
1
201
10374
1
2180
8194
6680
2048
1670
2048
4352
2320
1154
16396
17424
15
24580
284
536
1670
104
257
16648
16896
1024
4099
512
976
17408
8640
128
17156
1030
1078
1568
284
10244
580
4146
16
2880
4128
16512
8237
8640
7192
4112
8208
8194
352
520
545
4096
128
256
4
20496
0
0
136
16482
64
1
9
1024
66
2048
9216
16460
2048
8
2120
400
0
64
0
16897
200
18496
352
4226
3936
32
304
2
97
1032
128
162
8208
16384
32
1096
1
0
1024
8196
128
2128
16416
2
1028
43
8448
16640
64
28678
9798
2288
2120
17990
4098
256
258
0
880
18304
17088
4154
24672
25
568
256
320
16
2064
8400
1
1225
2176
4352
6915
8512
8213
16688
108
8308
4139
513
2048
2488
8
10340
18945
24
8737
8200
706
1280
0
1068
17
8728
5128
2224
400
19204
4384
2
12800
176
2066
2096
20482
18657
144
17348
4101
4736
8718
2048
2
18624
8312
16483
440
260
600
4164
16452
1536
8195
256
1168
0
4672
18
64
10
16384
134
16384
17152
2053
24590
8704
176
2
1153
16
374
16416
8242
8
386
4497
940
4125
6020
12417
2113
2112