57
16352
21
0
0
16408
2944
2418
25789
4687
64
471
5157
4605
1120
1460
0
84
13054
3126
27648
2302
766
733
10465
8374
19259
11040
9728
30807
19197
2280
8678
324
1224
8220
30640
36359
23904
7
288
16944
1181
802
4505
2101
21392
1665
41984
50246
6886
16480
770
704
4603
2286
1917
5872
4096
79
47936
796
874
51586
112
64097
6144
17150
22479
4360
40212
46687
17344
8764
51408
60132
43376
1030
1711
20135
31226
648
4115
86
57344
4112
16448
8404
8254
1671
4697
8558
8570
352
39968
24865
6147
34009
4447
52052
10496
2099
6840
6053
24674
13871
16391
12054
1534
458
3996
9342
16502
14750
72
36744
180
207
35872
437
17375
10404
12976
39943
4348
37262
732
4670
3866
345
1030
412
54992
14493
24576
50095
1462
41297
46492
5630
8196
53120
19068
51713
508
1028
62528
158
16640
11840
31312
9913
0
2176
18360
4354
23552
429
41344
950
18046
16920
42216
24672
385
751
4096
19539
51200
33040
8239
12606
1462
34668
4352
6859
8768
8309
22652
658
23872
56531
897
2060
16384
104
10397
19455
27616
8415
9207
729
1278
0
1427
17
8728
5128
2176
351
19194
63576
333
43264
8640
13108
2318
20988
18648
144
52444
4599
4832
56446
2048
4546
64256
8566
10860
446
28672
55606
12132
16568
1563
8291
256
1390
383
4672
61328
32
10
22912
133
58720
17152
2053
24625
8947
36352
253
1140
16
184
16572
24864
388
770
21679
851
4221
5562
1745
4160
2236