16
13
13
16
2048
0
0
128
256
0
2048
0
0
0
0
0
32
0
0
0
1024
0
256
4
0
16
0
0
0
0
2
0
0
0
0
0
2048
0
128
1024
0
0
0
0
64
0
2
4096
8192
16384
2048
0
0
64
0
32
128
8
0
1024
0
0
0
512
0
16384
32
8192
0
0
0
0
64
8
0
512
1
16384
0
4096
512
0
0
8
4
0
0
16384
0
128
0
4
0
0
0
0
0
512
512
0
128
512
2
0
256
0
2048
0
0
1
32
2048
0
2048
0
0
0
2048
8192
0
16384
0
256
0
0
0
512
0
1
0
16
2048
1
8
1024
0
0
512
1
0
0
0
0
4096
1
0
0
0
4096
2
0
128
8
128
0
0
8192
64
0
0
0
0
0
0
8192
0
2048
8192
0
0
16
2
2
0
1
128
0
128
0
8
8
64
1
4096
0
256
0
0
0
64
0
2048
128
0
1
512
0
0
0
256
2048
16384
0
16384
0
4
32
4
0
0
1024
0
0
0
0
0
4
0
0
2
0
0
0
1
32
8
16
0
4096
0
1
0
0
0
0
8
0
0
512
0
0
16
0
1
32
128
0
512
0
0
0
256
0
64
0
512