16
269
21
16
2049
128
16384
128
2304
8
2048
0
0
256
0
128
32
0
8
0
1024
0
256
4
64
16
1
0
0
0
2050
2048
8
2048
0
0
2048
16
128
1032
2048
0
4
0
2112
4
2
4096
8320
16385
2176
1024
16
72
0
32
128
2056
0
1088
0
0
0
512
8
16512
33
8448
1
64
128
8
68
8
4
8704
1
16384
256
4608
512
8192
512
40
0
0
256
16384
8192
130
0
4
256
4
0
512
4
544
512
0
128
512
2
0
0
256
2304
16384
0
257
36
2049
4
2048
8
0
16512
2560
8320
0
16448
129
257
4096
512
4096
522
3072
33
0
24
18436
257
13
1536
1028
1024
16896
1025
0
0
32
1024
4098
513
4
8
512
4096
6
0
129
10248
384
32
512
8192
64
64
8
258
0
0
64
8192
2056
2080
8194
257
8200
48
6
2
16
8193
1152
64
136
256
520
12
65
0
4736
2048
256
136
8
24
73
0
2064
128
8704
17
8706
0
4096
2
256
2048
16384
4
16448
0
132
44
8324
1024
4352
1024
0
4096
2
0
0
6
1024
16
2
0
16
4
8193
32
8
16
0
4096
256
1
4096
0
0
8192
8
4160
0
832
5
16
2064
0
1
33
128
0
2560
2048
512
0
4864
0
0
0
514