56
16410
821
2
49
128
3
8207
2
17092
8
8200
1537
16388
1568
2273
2064
3
110
6
8728
514
1024
1985
1328
548
1096
258
8448
1
2056
17165
12
1032
536
0
8740
472
6000
1426
8198
16400
224
320
27660
2160
5195
32
5056
2059
772
16640
4132
4524
68
16544
132
11272
4362
120
264
8256
80
2
8264
520
8448
16
1344
4224
2048
192
68
256
24576
8202
2316
4
0
432
6
16740
8544
6240
0
16492
58
34793
15232
59389
17399
30063
736
127
314
63901
34816
36189
44444
60201
58964
1520
24576
2303
59440
62670
25974
63383
11779
58053
51044
2048
19456
16928
494
1015
10490
1207
16642
17086
12680
51321
48
114
39542
22647
32256
9478
513
1104
39918
25561
1529
21429
8363
54441
13432
29065
58958
10613
2624
49779
37042
47334
41182
59367
6479
18468
46144
43259
1383
16935
355
23426
6070
46965
47304
34147
2052
42973
253
53863
41460
52300
382
8446
22096
47202
63242
57431
2192
16
1271
42833
39168
490
57952
46558
29446
28570
55871
255
10666
40557
16488
1721
24703
8222
22276
3028
2239
15925
16389
33280
17192
890
64061
29029
8409
256
7672
56100
27784
55378
1
29683
8425
28703
231
536
288
243
54181
8200
1436
23633
63272
8198
53248
16894
58468
38435
39458
7251
1
4608
25088
8638
45112
836
37913
62184
18624
65
1624
5686
193
17958
255
57648
62256
510
24680
15360
40936
59539
6154
3555
38512
56631
33094
30096
27912
2
10260
6111