16
8204
77
16640
16384
0
2056
2048
0
1
80
8448
33
128
0
1
4
256
0
0
0
2
32
0
16384
2112
2064
33
1026
512
272
16384
16
4096
24576
2
4
4096
66
0
8448
4096
0
0
0
0
0
1
8
0
0
0
512
8192
40
4
128
8
96
4
0
0
0
0
2048
256
512
512
8208
32
1028
1024
1024
520
64
2
8200
1024
1028
0
32
0
0
16384
16384
1152
32
4096
32
4
18432
0
4096
2
2
8192
4
256
16384
80
192
0
0
128
0
512
128
1
0
0
1024
0
8192
16400
0
4096
65
0
2048
0
514
512
0
4
4100
2064
0
512
256
264
16384
18
2048
0
4096
0
68
1024
8
0
8320
128
8192
576
12288
0
128
2
3072
18
12
0
33
0
16
1
128
4096
8192
128
10
0
16400
0
128
2048
128
2048
0
0
16386
0
128
0
512
5120
4096
520
4
2
256
0
1026
8192
2048
16
8196
4128
4128
0
64
32
1024
8192
17408
256
0
192
16
132
0
0
16384
0
8
16
8256
128
258
0
0
8
5
2
8
4
2048
16400
0
4
0
17
0
512
4
8192
2
2048
0
256
68
8
2
4
16384
512
18
129
128
0
12288
8
16
0
4
4128
2
0
16416
4160
17408
0
16384
10240
256
4096