4
140
20
5192
8450
64
2048
32
2176
130
8721
0
2304
8
22561
12320
1
1344
1024
10370
2052
1024
4744
20624
24648
1024
32
520
2096
1184
16384
8192
320
3072
4098
20736
16912
88
1648
2241
652
208
8194
2096
8448
7232
12324
8192
96
524
32
17440
272
4360
6658
19
17410
48
1536
176
0
34
1232
4
80
24578
2442
9216
520
1674
1024
40
44
196
16396
577
16
6
12288
128
1024
9348
130
4128
8265
64
18506
20496
32
261
4097
2052
138
72
8192
16388
2308
16403
16396
120
26752
4133
3
544
24592
643
8201
0
4360
16384
64
2
18440
8706
68
1
585
512
2
34
906
0
17408
4097
8210
64
112
1
256
14
25
261
384
6736
8193
25032
1
0
9248
1092
656
1056
130
1
100
4608
80
4224
260
1025
64
2192
12417
10240
12296
8704
4097
36
2064
8195
128
8236
10
384
2088
5632
80
2048
8196
256
4192
12288
1152
39
8198
4618
4112
3589
24580
17
12352
4224
24576
33
552
2048
4488
16400
2052
0
24704
8194
513
784
20480
16388
4136
4
52
2372
12806
156
1154
12416
2312
17152
268
16385
1056
514
512
8707
16400
19074
32
16408
136
16384
100
12289
44
17410
2568
78
8209
84
512
36
8
6168
2051
256
7172
128
289
21120
3076
16385
1024
4609
24578
6
12288
20482
2048
12288
258
12290
40
0
520
12
548
16400
736
2184