68
652
21
1096
8962
80
2050
32
2180
130
8721
4096
256
8200
22625
12320
1
1344
1026
10370
2052
5120
4748
20688
24648
1024
16416
16904
2096
17568
16384
0
320
3088
4106
20736
16912
88
1648
2241
652
2256
8210
2080
8448
23616
12324
8192
608
652
48
17696
1360
4362
6658
19
22018
8240
1024
180
1152
290
9680
4
4304
24610
18826
13313
520
1160
5124
4136
45
4294
20524
577
8208
6
12800
162
17408
1156
258
32
8265
66
18506
22548
32
488
4854
4612
1
368
32716
17736
40258
49254
16644
4480
320
16512
1026
1024
0
8448
8328
1540
4
8704
1
6656
1024
16388
1024
1024
6144
16
16
80
17664
1056
1
8708
16384
24706
2248
1042
4
546
18
2
5
8208
4128
1036
128
0
4256
768
8196
32
12296
4608
8194
40
256
544
0
1
48
0
0
2080
516
16
152
8449
16512
2048
2048
32
0
68
16384
24704
1152
6
18433
52
4225
9
136
2
20528
9220
16416
256
128
4096
0
20992
40
6160
16416
1026
4
8448
104
257
20992
8193
258
0
48
2064
6
8320
4096
149
17408
256
72
1041
544
17408
2056
272
1025
17
0
16896
273
2336
12
2049
16448
200
8192
8704
148
8224
4112
1
8448
8192
16896
130
128
258
160
512
4128
24579
2176
2
4128
10256
1280
4098
82
516
8192
8
516
4
3200
8
1152
4096
8288
320
2048
2050
4
1088