0
65504
21
0
0
9733
10262
35086
41552
55799
53044
22773
3456
12824
58152
47794
59840
22915
32768
63043
34136
3622
63812
13056
3560
292
5448
4096
29276
41273
39210
31037
16456
29163
34684
29056
53728
2495
49994
4112
60144
32484
53212
10370
1412
20313
58066
3426
18384
3582
18152
49835
30621
33672
32876
27246
34416
61481
30094
4606
18976
23355
17374
5441
1015
31292
37184
55692
0
16385
1671
60089
32768
47491
34690
51801
40360
10100
25789
0
6400
187
29132
16762
252
61725
51625
38561
176
50749
62387
59236
53356
18618
8703
46518
64160
8863
16644
57156
19308
47635
38832
5223
255
8703
10994
12901
22112
8704
26138
57609
10350
45676
1024
23129
6654
19885
59232
55632
6656
50129
28402
51180
45088
46323
2248
34957
506
19746
1907
64776
507
25749
4128
10422
128
7577
61712
18809
8196
11066
45587
24414
38205
40232
65526
5233
510
45754
17234
0
510
2080
516
18864
65408
8449
16512
11935
36415
223
0
68
39456
12928
36000
17025
1695
52
11307
52477
11252
253
38184
861
54432
23492
17016
1228
10420
6249
470
6383
21704
9074
17128
7302
11347
255
62966
18112
24892
14720
48
2542
25034
21938
6436
363
60192
49497
23964
29060
29056
17663
35218
38540
31024
8789
17316
55762
494
2527
243
11830
63392
55184
47463
53760
42264
56224
4590
42528
8703
19582
11685
41032
3172
54435
17542
13194
33800
41196
18282
58226
5052
1380
64714
63554
36096
21725
18160
30785
2504
4
33536
64499
12496
35170
17555
447
57344
27148
45580
1088