60
56
57
2176
20488
338
6208
8
0
4
16384
2304
2608
16640
164
8193
289
26
1032
136
514
4129
16388
1024
1152
24608
288
8704
8704
128
4353
5122
8208
2080
20544
0
25600
512
4608
4096
7176
544
3140
12353
4096
24
8192
9
24577
258
68
256
100
10240
11264
2305
4
0
136
522
1024
10244
288
16640
17409
4098
172
8224
4096
512
8
17668
2
4352
5
8194
1056
65
16641
16385
2304
528
8208
8193
336
2176
16392
12
8192
65
6
17152
8448
1282
16
8224
122
5120
9
18948
8228
385
4260
32
1696
56
84
132
514
4865
1290
32
512
770
1096
1064
24576
19456
2580
4133
514
4227
321
16384
2593
260
2
2049
10304
1152
21248
17410
8528
0
80
10241
16394
2608
36
1034
2818
16384
0
32
10
2
128
8449
5124
16
4128
16384
2656
4098
9344
16384
6432
4160
16448
0
4160
1
4096
136
1216
16396
5120
8196
6
560
512
52
2176
1088
2056
24968
658
9216
16384
18690
128
2049
20485
5380
17
33
17984
3072
3072
128
256
16385
4096
8288
2053
1025
2560
4096
260
4611
704
1
3
400
5
18436
17
6
352
1
1280
17032
8448
4136
12440
8195
0
22
2
1290
2048
1036
12
128
64
4098
1028
4
1032
1030
257
520
5120
4
1224
1152
4104
0
4160
4227
128
0
8448
8256
2054
0
640
4128
66
33
9472
16512
11648
270
8208
97