16444
4152
21
2176
20488
8530
6208
136
0
1028
16384
2320
2096
16640
164
8192
289
16410
1032
136
514
5153
16388
1040
1152
24608
288
8704
8704
128
4369
5250
8208
2048
20544
0
25600
512
4624
4096
7176
544
3140
12355
4224
24
8224
2057
26625
770
68
1280
108
8192
11264
2305
4
0
136
10
1024
10500
288
24832
17409
4610
172
32
4096
512
8
17668
0
256
69
8194
1056
65
16643
16385
256
16912
8336
8192
336
2180
20488
12
10240
65
6
18176
8960
1286
16
8232
122
5632
9
18948
8228
385
4260
8224
1184
24
84
132
514
4865
1290
32
768
771
1096
1064
24576
19968
18964
4133
514
131
16705
16896
2593
324
1026
3073
26688
1152
21248
1026
8528
128
2128
10245
16458
2608
36
1034
3842
16384
0
36
10
34
2176
8449
13316
272
4128
16416
2656
4098
9344
16400
6432
4160
24640
0
20544
1025
12288
128
1216
16397
5120
8260
1030
560
512
53
2176
11328
2056
24968
534
9250
24584
2322
128
2433
20480
5380
25
41
17920
3088
7168
1
256
16385
4608
8292
2309
1033
2560
0
268
4739
704
2305
3
272
4
17412
529
6
354
5
1280
17096
0
4200
12440
8706
1
18
2
1306
3328
1116
12
192
832
5378
1060
8196
1032
17478
259
520
5128
36
200
5248
4105
0
4160
4231
192
2
8448
8260
2062
64
512
4144
8258
33
25856
18048
3456
286
8208
2145