49152
178
106
28720
8398
2560
36912
8320
446
11392
18558
22528
37876
37888
38434
24034
223
52790
32768
53760
40388
4096
17535
37048
576
1434
2750
4287
2743
25126
74
544
15424
2080
8194
8702
126
9391
64644
17116
16388
306
770
1548
8702
4574
33700
16830
8096
43030
55904
29080
16767
2088
0
15536
18647
8571
2510
64
24584
2084
62356
8694
16384
444
12420
4858
0
123
17
5466
16
30272
0
383
1502
15487
14976
43327
2558
62522
255
207
59058
6269
441
8959
22264
18
28911
1270
46184
62650
24584
14406
6304
2596
414
708
23008
8192
1279
2750
41504
7017
3036
24577
4812
20090
16
190
0
2357
32
231
17410
2271
27424
382
24823
8224
40192
32130
747
16766
50306
2524
9216
47104
25844
16863
5630
128
9216
223
8704
990
35881
17150
1026
521
50930
41196
32
9
47052
8269
26879
12534
16495
494
382
239
7014
16766
514
1022
35297
8313
446
26302
4355
18746
3006
36331
35424
2052
21760
2624
251
62816
8446
14336
20486
57216
6576
26112
4225
45824
57804
54304
1024
23408
2175
28844
32208
63626
59748
0
518
160
2014
509
3518
366
1
7642
8703
4352
576
16631
18689
111
12288
43418
8192
8431
57344
10240
247
32
462
37851
57573
4348
16392
13567
491
23114
1279
32
8832
31779
2
10143
54016
60513
13880
129
8170
16638
8
4462
1
262
1275
6976
63320
3592
57504
272
16416
30221
4462
2154
17786
0
1436
32846
2
130
16384
61312
13320
16388