49152
65504
21
0
0
2816
36920
8320
318
11394
18558
22529
39924
36864
38432
24034
223
60982
32768
53760
56772
4096
25727
37048
592
1434
2750
191
2743
25126
202
1568
15424
2080
12290
8702
638
9391
64652
17116
16388
16690
17154
1549
510
4574
33668
16830
8104
43030
55906
29080
16767
2090
16
15504
18647
8699
2510
64
24584
2086
62356
502
16384
444
12420
4850
512
123
17
5466
17
30272
2
383
5598
15487
14977
41279
2550
62522
255
207
59058
4221
433
8959
21240
50
28911
1238
46440
62650
24584
14406
6304
2596
414
708
23008
8192
1279
2750
57888
7017
19420
24705
4812
20091
18
16574
0
2365
32
229
17414
2271
19232
510
24807
8224
40192
32194
747
16766
50306
2524
9216
47106
25812
16859
5630
128
9216
735
10752
990
35881
17150
1026
9
50866
41196
16416
9
47052
8397
26879
12534
16491
16878
318
2287
2918
16762
8706
1022
51681
8569
446
26302
12547
18746
7102
36331
35424
2052
21776
2624
251
62752
8446
30720
20487
56960
7088
26112
4097
45824
57804
54304
1280
23408
2687
28844
32208
64650
51556
0
514
2208
2014
509
3518
2414
1
7642
10751
4480
1600
16631
18433
1135
12352
43402
8448
12527
57344
10244
4343
32
462
33755
59621
12540
16456
13551
491
23130
1279
32
10880
27683
4098
10143
54016
60517
13880
129
7146
17662
10
4462
1
2310
1275
2880
63321
3592
57505
2320
16418
30221
4462
2154
17770
1024
1436
32782
2
146
16384
61056
13320
16388