49168
65504
53
8
0
2820
36920
8320
286
11402
19582
22529
40948
36896
34336
24042
223
59958
33280
53760
56772
4096
25725
37048
592
1438
2750
8383
2741
25142
202
1696
15426
2144
12290
8703
638
9383
64652
18140
16388
16691
17154
525
510
4574
33676
16702
8104
43030
56162
28824
16703
2602
17
16016
18655
8691
2542
320
24586
2086
62356
2550
16384
445
12420
6898
0
123
17
5466
4113
30272
2
383
5470
15487
14977
41277
2294
62522
255
8399
59042
4217
433
8959
20999
18775
30993
45405
10304
62650
30260
14406
6231
2592
478
708
17095
54567
44698
14226
53248
55236
29775
61867
24120
29421
60264
16575
17439
237
46680
49203
61280
9205
9960
48912
39927
8224
40192
10560
3760
16766
52349
14244
13312
51196
25814
27348
4096
382
9232
735
11262
21454
29416
38888
17661
17141
6956
40718
16416
35285
24306
42773
3288
33284
18539
12002
25296
2543
11312
16506
8394
1479
3299
12423
12289
40191
55180
18628
7100
36331
9600
40118
21776
1088
1285
51701
9680
30720
42434
52258
47087
63134
4097
3020
57651
55262
38515
23246
2687
55884
32047
15232
51556
16475
765
6494
27808
505
3518
2704
36392
6586
10497
58354
1608
16392
18942
63073
12352
42459
36352
23510
57854
10914
4361
32
974
11736
59844
19973
58560
5136
21
30447
1271
61414
10622
14907
29856
59419
48314
12971
56830
54745
9874
17152
8464
4462
29316
58202
57635
3008
32728
10137
38944
6639
24610
23335
13552
60602
2350
46619
5920
52126
64036
5261
48152
54714
45328
23622