16
12
77
256
16384
0
8
2048
0
1
16
8192
1
128
0
1
4
256
0
0
0
0
0
0
0
2048
2048
32
2
512
16
0
16
4096
16384
2
4
0
64
0
8192
4096
0
0
0
0
0
0
8
0
0
0
512
0
32
0
0
0
32
4
0
0
0
0
2048
256
0
512
8192
32
4
1024
0
512
64
2
8
0
1024
0
32
0
0
0
16384
1024
32
4096
32
0
2048
0
4096
2
0
8192
0
256
0
64
128
0
0
128
0
512
128
0
0
0
1024
0
0
16
0
4096
1
0
0
0
512
0
0
4
4096
16
8
0
256
8
0
16
2048
0
0
0
64
0
8
0
128
0
8192
512
4096
0
128
2
1024
16
4
0
32
0
16
0
0
0
8192
0
2
0
16384
0
0
2048
128
2048
0
0
2
0
128
0
0
4096
4096
512
4
2
0
0
1024
0
0
16
4
4096
4096
0
0
0
0
0
16384
256
16
64
16
128
0
0
16384
0
0
0
8192
128
2
0
0
0
4
2
0
4
0
16384
0
4
0
16
0
0
0
8192
2
2048
0
256
64
8
2
4
16384
512
16
128
128
0
8192
8
16
0
0
32
2
0
32
4096
16384
0
16384
2048
256
0