57
2572
13
0
49
512
16384
4096
8193
4
8
8704
0
3072
64
256
32
0
16385
17408
0
0
0
18
0
4096
512
16384
4096
2050
0
4
16384
0
52
1041
0
8208
64
8192
1
0
0
4176
16512
2
1057
640
768
0
5120
2
0
1152
0
1152
1
4224
18432
512
2064
4096
64
2048
16
1025
0
4224
512
656
2
4
0
2048
544
36
0
1536
20
0
16
4096
24
256
5
6
8642
1273
255
10362
239
2456
12800
926
4184
575
2430
4602
2153
8501
499
4295
11006
445
2216
384
18678
17316
16769
3836
1023
276
4340
4226
247
2576
17279
12291
1406
226
207
9113
16874
240
1310
1279
2796
1490
4134
2287
0
6654
2367
4237
16432
265
102
8702
996
373
4568
4104
128
4121
605
769
482
320
453
4422
2048
8192
6336
2172
17148
2456
96
4251
1534
560
18569
155
4287
52
16
8632
932
464
8240
35
5296
137
4293
126
574
7102
4343
672
8240
9194
224
206
478
476
239
52028
581
2166
2069
114
17555
21044
9091
2142
9216
16542
224
8463
609
8672
16399
641
3
1497
73
508
192
4159
510
67
433
0
1422
243
256
386
213
1072
318
704
175
16408
2048
775
8728
255
13
1073
16649
1080
201
255
515
122
1279
8666
297
767
252
270
10248
16896
450
0
2185
4991
65
4379
3296
345
1528
12542
8768
1
0
127