455
65504
2069
3047
49
37921
10501
8865
703
41187
502
26575
4215
12792
168
50544
685
7711
52807
37050
41688
5502
231
5136
1352
1150
1816
11239
36749
191
910
13694
9
401
263
1401
205
4554
48054
5128
2559
409
9270
41491
57402
16356
49194
59343
613
502
60873
96
4225
896
49731
253
53773
19749
2064
0
27
1219
2452
58236
101
39396
5359
4230
4961
28917
8668
17024
26664
384
4339
16440
4276
56738
57677
41105
20681
3582
390
2494
985
32864
33713
225
262
357
61937
12
1502
368
57698
49341
46234
1236
577
400
51360
4685
56730
8458
15798
10010
2275
64588
33474
64591
6251
52111
2463
55155
143
38005
3096
54331
59144
16639
46967
327
8196
65363
476
63461
44977
30135
246
605
57588
12050
20961
1286
54411
13583
7158
500
16631
62933
4199
11406
45087
27413
4350
1416
2690
41178
4116
52265
494
478
5569
8905
24786
4
8220
50476
5899
37014
4
17152
16639
2756
59757
3390
4329
265
20313
59986
162
44357
3408
40945
830
2078
25134
376
31736
8414
564
11280
46123
16831
8230
491
9555
494
43846
613
39867
198
57667
189
61290
1020
4100
4023
34018
1913
128
2815
16384
60619
41833
20680
1032
14177
1286
17366
25237
2102
850
16506
50732
39132
494
6147
63313
910
10455
18
334
5066
2660
35093
1535
121
1024
50203
708
274
65421
56219
2326
1261
567
64826
783
51761
65169
62981
8972
16798
454
686
8062
1853
257
51704
16184
65
8448
8960
768
4728