48168
65504
8212
0
132
45000
228
40700
512
2362
34610
36343
262
754
366
1328
49632
892
16579
46580
1616
59
3417
17889
10319
478
63417
951
991
188
64
4416
8446
38640
96
54235
38634
727
16394
12289
52756
2412
4378
47873
8433
2528
1
1017
61146
7639
995
62475
24591
290
502
22920
64496
35663
14930
46417
143
1544
335
250
1342
2306
63456
51267
5115
5171
9662
20345
1502
16444
1269
6412
4311
42911
128
3666
238
5967
33499
16631
2151
264
651
38930
48114
2051
56040
26761
230
19442
9916
512
59187
500
50894
8
510
1088
47896
1534
49556
273
4286
64
304
12355
19564
1876
55540
127
55442
35452
497
17119
934
61318
4369
404
53150
35321
35870
55639
56632
1216
127
16392
43382
21755
64634
2128
8223
16912
16894
163
40010
247
52824
136
1215
26624
9540
4488
50251
420
4669
2
24
16638
16388
409
50468
24201
43000
8640
768
8276
2149
65492
520
466
1102
19073
27065
43178
65096
0
5120
9218
1046
80
42571
4604
51144
4484
68
54704
18529
45121
53090
37223
1088
35959
510
58746
16482
523
1056
4096
2308
351
185
384
62271
63793
38167
6646
49455
488
292
16404
17902
24827
36313
5120
48753
193
16575
300
24694
59187
52580
367
49344
52293
38506
12
1405
57761
54314
16640
895
60928
40362
4520
54298
3450
51741
50585
8195
301
16430
72
46842
52218
51917
40680
34062
61815
4335
41427
302
16882
47822
41365
262
988
12926
24684
959
49927
59886
39719