48168
65504
21
0
0
45000
228
36604
512
18746
34610
36327
260
754
366
1392
49632
828
16579
46580
1552
1083
3417
17761
11343
478
63481
695
983
1212
16448
4416
12542
38640
96
54235
55018
735
16394
12305
52758
2408
4382
47875
10481
2528
1
1017
61146
24023
995
62539
24591
291
470
22920
64480
35663
14928
46416
143
1544
335
218
1342
2306
63456
51779
5115
5683
9646
19321
1502
16444
1269
6540
215
42911
132
3666
1262
5967
33483
16631
2663
256
139
38962
48118
2051
64232
26761
230
19442
8892
4608
59187
372
50894
8
510
1088
47960
2046
53652
4369
4286
64
432
12355
19564
10068
55542
1151
55426
35444
16881
17117
932
61318
4368
1428
53214
33273
35998
55635
56376
1220
123
8
35190
17659
64634
80
8223
16912
16894
163
40010
4343
52856
136
1471
26628
9540
4488
50251
420
4637
3
24
16894
16452
409
50468
24201
43000
12736
768
8276
2149
65488
552
474
1102
19073
27065
43179
65097
0
5120
11266
1046
80
42699
5116
59336
4484
1092
54704
18529
45121
53090
37222
1088
35959
506
58746
16483
651
1056
4104
2308
351
697
384
54079
63793
37143
6646
49455
488
292
16404
17903
24763
36313
5120
40561
193
16575
300
24694
59187
52580
1391
49344
52289
38506
44
1405
57777
54314
16640
895
60928
40874
4264
54298
11642
51740
50457
24579
301
16430
73
46714
53242
51917
40680
34062
63863
4847
41427
302
16882
47822
41365
262
860
14974
24684
831
49923
59630
39715