65460
42
23
1024
784
44984
164
36540
704
19770
34610
36455
292
8946
2414
1392
49488
828
16579
46580
1552
1849
3449
17765
11343
510
63482
695
975
1200
16832
6720
14589
38896
2
62235
55002
735
16395
12375
52758
2312
4414
48771
10289
2512
3
185
61146
23999
995
64583
24591
291
470
23016
62444
35679
15312
38227
143
1540
79
178
1342
2310
63072
51747
6141
5715
9646
18553
1468
16956
1525
6572
212
42847
16612
3666
1260
5967
33512
16535
2663
272
139
38962
48118
2053
56040
26757
4326
19454
8892
4096
58419
373
50894
8
398
1160
47962
2046
54680
4368
4285
323
434
4931
19565
9300
55542
1151
55426
35444
25065
21181
934
61318
4371
1292
53231
33273
35986
55634
56500
1220
120
40
35702
17656
64626
1116
8223
16912
16894
161
40266
4407
52920
136
5567
27396
9540
20872
50319
8612
4625
1051
24
16766
20932
409
50468
24201
43000
12758
640
8272
2053
65495
553
475
5966
19074
27049
43179
65103
0
5120
11354
1046
208
42699
5116
58560
4480
1092
53936
18503
45441
57186
45398
1100
35911
506
58746
16387
17035
1048
4104
2332
348
825
384
54267
63793
37143
6262
49452
488
420
20492
17891
24955
36289
5120
40553
204
16575
333
24694
58419
52582
1455
49344
52300
38506
60
1406
57777
50218
17664
767
58904
40866
4328
54290
11640
51740
50457
24579
317
16430
841
38266
53242
51918
40681
33805
63767
4841
41427
494
25330
47822
41365
286
861
14974
24692
807
51971
59534
39715