57
42
20
1024
16
44936
164
36476
512
19770
34610
36839
292
8946
2414
1392
49504
828
16579
46580
1552
1081
3449
17765
11343
510
63481
695
983
1212
16448
6464
14590
38896
98
62427
55018
735
16395
12369
52758
2408
4446
48899
10481
2528
3
953
61146
24031
995
64587
24591
291
470
22920
62432
35679
14928
38224
143
1544
79
210
1342
2310
63456
51779
6139
5683
9646
19321
1500
16956
1781
6572
215
42911
16516
3666
1260
5967
33515
16631
2663
272
139
38962
48118
2051
56040
26761
4326
19442
8892
4096
59187
373
50894
8
446
1096
47962
2046
54676
4371
4286
320
434
4163
19565
10068
55542
1151
55426
35444
25073
21213
934
61318
4368
1300
53215
33273
35998
55634
56504
1220
123
40
35702
17659
64626
1104
8223
16912
16894
161
40522
4599
52856
136
5567
26628
9540
20872
50255
8612
4637
1027
24
16830
20548
409
50468
24201
43000
12752
768
8272
2149
65492
553
475
5198
19073
27049
43179
65097
0
5120
11330
1046
208
42699
5116
59328
4480
1092
53680
18497
45377
57186
45414
1088
35959
506
58746
16483
17035
1024
4104
2308
351
697
384
54075
63793
37143
6646
49455
488
420
20500
17903
24827
36313
5120
40561
192
16575
301
24694
59187
52582
1391
49344
52288
38506
60
1405
57777
50218
17664
895
58880
40878
4328
54290
11640
51740
50457
24579
317
16430
73
38522
53242
51917
40682
33806
63863
4847
41427
302
25074
47822
41365
262
861
14974
24684
831
51971
59630
39715