57
213
20
1024
49
44936
164
36738
512
19770
34508
36839
218
8717
2414
1392
49567
706
16579
46347
1552
1081
3449
17765
11343
510
63481
841
983
1212
16448
6334
14337
38671
157
62427
55018
735
16885
12719
52758
2455
4513
48899
10481
2528
3
838
61146
23840
995
64587
24816
221
40
22920
62432
35744
14928
38224
369
1783
79
210
1216
2310
63456
52157
5892
6093
9553
19334
1500
16956
1546
6226
297
42911
16762
3757
1260
6064
33515
16631
2663
495
139
39117
48118
2557
56086
26742
4326
18956
8771
4606
59187
373
50737
502
446
1207
47962
1536
54676
4588
4416
447
76
4284
19565
9898
55560
1151
55426
35467
24846
21026
934
61048
4368
1300
53215
33273
35998
55634
56391
1220
123
40
35464
17669
64908
1199
8416
16912
16894
161
40884
4599
53126
136
5567
26628
9659
20855
50609
8612
4637
1027
24
16448
20548
103
50651
24201
42502
12334
1023
8272
2149
65066
726
475
5297
19073
26966
43179
65097
0
5120
11708
1046
208
42699
4610
59328
4480
1092
53680
18622
45377
57186
45414
1215
35959
261
58746
16797
17269
1534
4598
2298
351
582
384
54212
63695
37143
6646
49455
488
90
20500
17680
24827
35879
5120
40561
192
16575
466
24694
59187
52582
1391
49215
52288
38506
195
1155
57423
50218
17664
641
58880
40878
4119
54509
11398
51740
50662
24579
317
16593
73
38522
53242
52019
40469
34033
63625
4847
41005
302
24845
47665
41067
262
930
14974
24978
831
52220
59630
39715