60473
21
21
3
49
20484
207
27698
33136
40966
492
219
344
20443
990
1025
51970
63516
0
22185
476
48556
49576
1056
44920
8326
59420
26571
7152
0
20928
18824
41408
62844
211
48374
27172
288
19892
42158
28038
27566
41385
2015
3404
8247
393
8193
49434
8194
4582
54478
2577
64555
15656
22818
50073
18444
17902
15
55427
13050
1560
4477
149
8449
18688
512
25328
55907
25063
9332
16623
7470
128
10350
7264
17625
13735
57924
16580
191
56873
58803
12910
59700
20947
9682
13856
6375
16
56898
47432
415
512
803
36927
37822
32630
825
62592
0
17204
30896
17308
64
15449
48672
1024
45232
2303
9216
3346
31320
12315
6353
53149
14146
61395
1534
39195
37120
3338
25694
4221
3230
0
60946
253
35111
9723
382
55492
8654
54532
468
38344
3
27882
0
10984
7626
8367
3552
56544
23266
11
34266
33495
7084
21210
636
2288
48922
2040
2
7614
57781
28356
10596
11200
15614
4402
51482
359
32562
510
47217
64
16
32794
495
26816
54438
256
3839
12096
10256
15956
3245
33700
40598
2047
40082
13888
45965
10395
42379
45728
8959
61704
2114
34560
31870
42660
9
26975
26392
59847
3330
21242
9658
13928
21865
494
169
50388
16623
18532
126
16959
5976
48104
52302
27154
16
18496
39622
4073
359
1284
998
38980
63684
767
5242
24663
13988
0
38932
32358
14382
65309
49965
1275
27433
16640
26674
6230
23106
21168
17978
128
235
2446
19480
509
42554
33181
17325
51063
51456
1919
1
447
26936