57
21
234
494
49
468
3676
17408
19932
494
25091
2060
195
16563
2206
9809
2456
4305
4297
8807
323
645
4619
3219
1230
24702
21196
1920
4000
17087
16400
4464
768
132
25112
8326
325
8744
5686
246
2
1442
32
59
2478
2826
2244
21054
400
8686
6368
6668
2174
2704
9322
29
193
20706
753
1292
18422
18739
10739
16706
19904
19261
17157
8624
8443
10
8709
18707
78
3071
12780
688
19673
4222
237
2895
13247
1004
2292
506
2193
2956
7227
9357
1272
935
4465
12300
504
1532
17637
10579
4206
5147
250
27319
12291
1087
4429
8341
17274
73
6030
8766
83
16764
794
228
3152
16391
5216
2342
28162
7157
1534
5096
9024
4173
975
9070
8728
284
4859
2055
9472
10299
11104
3939
9089
1068
17524
11714
2123
2029
2458
13055
13775
1215
19711
6622
4374
16832
8689
239
4257
563
17901
24766
671
4097
6515
45
12258
9288
247
16438
52
2609
20654
215
549
4162
9731
8340
1349
700
3070
775
4854
25984
2342
24898
13183
478
312
3585
20889
1528
12863
4358
8214
17970
16457
16660
3271
48
9662
608
5103
4617
12516
5486
19662
20576
12576
5923
32
8193
4147
620
5110
17094
4494
6146
202
282
2990
17838
9439
8399
1106
8387
27069
4170
8208
6184
2088
6017
12720
393
4671
6182
878
26737
8858
20961
8477
94
1418
16417
23793
1684
0
5441
9934
29178
19201
492
8430
18871
2544
17093
13900
4480
8220
8338
10464
160
13741
356
894
2326