1040
12
73
256
16384
0
8
6144
4
16385
16
8224
2049
129
0
2049
0
256
2
0
0
64
0
0
2048
2064
2048
33
2
512
8208
0
24
4096
16386
2
4
0
64
128
8256
4096
0
8
0
512
1
16384
8
0
0
0
768
0
32
0
128
16
33
4
0
8
1024
0
0
256
2048
512
8208
40
516
1024
8
512
64
2
8
0
1024
0
96
0
4096
0
17408
1024
32
4096
32
256
2048
0
4096
2
0
8192
2048
272
1
64
128
0
2
128
0
512
128
0
256
0
1024
2048
0
528
2
6144
1
0
0
0
768
0
0
4
4160
16
8
4096
260
8
512
16
2064
2048
0
0
192
0
1032
0
128
0
8320
1536
4096
512
2176
2
1024
16
0
64
160
0
48
8
0
8
8192
8
10
4
16384
0
1
2048
128
2064
2048
0
2
0
128
0
32
4096
0
16896
132
2
0
1
1024
4096
0
16
4
4096
4096
0
32
0
1
0
17408
256
1040
64
4112
128
4096
0
16384
0
2048
4
8192
128
66
0
64
0
16388
34
0
4
0
16384
64
4
0
144
256
1024
0
8224
2
2064
1
768
64
8
2
12
0
512
16
144
128
32
8192
8
16
128
4096
32
2
0
33
4112
16392
512
16388
2048
257
2048