57
21
21
366
49
468
2652
17408
19932
494
24579
2092
195
16563
2206
9809
2968
4305
4289
8807
323
645
4617
2195
1486
25214
20684
1920
12192
17087
16400
368
768
132
25104
8342
325
8808
5750
246
2
1442
32
27
2476
19210
2244
21054
400
8686
6368
6668
2430
2704
9322
13
193
21730
753
3340
20470
18723
10739
16706
19904
19261
17157
8624
8443
1034
8709
18705
78
3071
13292
672
19673
4350
4333
2895
13246
1000
2292
506
3217
2956
7231
9357
1276
935
4467
12316
504
1534
16613
10587
6254
5131
250
27319
12291
1087
4429
24725
17274
9
6030
574
83
16764
2842
8420
3152
16391
5216
2342
28163
5109
1534
5096
13120
77
17359
9070
8216
4380
4859
2055
9472
10427
11104
12131
9089
1068
17524
11714
2123
2045
3482
13051
13519
1215
19707
6494
4370
16832
8689
255
4257
571
1517
24766
655
4097
6259
45
12258
13384
247
16502
52
2609
20654
211
37
4163
9731
8404
1381
700
3070
8967
4862
25984
2342
24899
13183
8670
312
3649
20889
1528
12831
4358
8198
18226
16449
16660
3783
48
9660
608
5103
4617
12512
5486
19662
20576
12576
5667
288
8193
4151
616
7158
17094
12686
7170
16586
16666
942
17834
9951
8398
1106
8387
27069
5194
8210
2088
2088
6016
12464
8585
4671
6182
878
26739
8859
20961
9501
95
1418
16417
23793
1680
512
4417
9422
25082
19200
8684
8430
18871
2545
18117
13900
4480
8220
8338
14560
8352
13741
324
382
2326