39993
65504
21
0
0
8367
5504
2279
2426
19557
65525
42877
70
30838
1274
8431
5622
53593
47328
25078
624
55318
1591
926
1584
5
59116
509
55715
17069
48354
51917
47072
272
27725
65119
54995
43806
19956
17882
18164
57555
4303
33210
5124
2045
25764
63503
24781
21227
60622
128
50536
35785
58059
1514
41098
4510
59332
35654
22664
16607
510
31892
51392
43209
375
2208
63316
38782
46008
39072
1024
38504
53191
44392
8977
43119
608
20320
62687
35981
514
63371
37672
35753
50606
16666
52985
544
1216
63619
934
16395
3994
3013
17596
16861
141
7977
4112
54682
46947
50137
33260
53155
42130
223
862
255
4179
42021
17680
33308
17409
25552
23454
33047
44681
4599
44940
55953
41142
15662
38515
5118
3860
2308
512
37214
33630
35967
39675
59967
55546
39281
64888
1279
36
1024
57720
46446
4112
608
34
10611
4030
41178
38105
8617
118
16422
11246
47733
21000
47457
61667
62564
54369
38193
244
9
50133
16615
11353
12546
223
38825
15786
50734
48162
37717
21000
21738
46690
59761
46416
47178
0
6989
6142
9225
65172
25232
16895
8442
34373
53820
34
3070
4096
25248
40379
46657
65343
2157
255
3582
511
16389
60751
6509
16844
63795
64658
28443
64873
49969
14338
41436
40467
45425
4096
58475
32150
4599
57511
12917
56377
53301
37892
36
48608
4446
59172
48167
44268
36949
3412
42003
46236
510
59959
510
37628
60971
1007
494
29938
4590
11294
40335
38671
41932
255
47435
16875
16638
45314
1024
45573
53251
18501
4271
2052
8226