37945
65504
21
16384
0
8431
5504
2279
2554
19557
65525
42869
70
30838
1266
8431
1526
53721
47332
25078
624
55318
1079
9118
1552
5
58092
511
55779
17069
48355
51933
47072
272
27725
65118
54995
43806
20468
17882
18100
57555
4303
33210
5156
2045
25764
47119
24653
4843
58574
128
50664
52169
58075
1514
43146
4510
59332
35654
30856
223
510
31892
51408
43201
375
2080
65364
38782
62392
40096
1024
37992
53191
36200
8465
43111
736
24416
62687
35981
770
63371
38696
35497
50606
16730
52984
544
1216
63619
2982
11
3986
3013
17596
16861
397
7977
4112
54682
46947
50137
33260
53155
42642
223
862
255
4187
42021
17680
33308
17409
25424
23454
33047
44681
4607
44940
56977
41142
15658
38515
4990
3860
2316
512
37246
33630
35967
39673
60031
55546
39289
64888
1535
36
1024
57720
46446
16
576
34
10611
3518
41178
38105
8616
374
16422
11214
43637
21256
47465
62179
62564
54368
38193
246
1
50133
16615
11337
12544
219
38841
15786
50990
48226
37461
20992
20714
46690
59729
46416
47178
64
7117
6142
9225
65172
25232
511
250
34373
53820
34
3070
4096
25216
40383
46657
65343
2157
511
3582
511
16389
59727
14701
460
61747
64658
28441
64877
49937
14336
42460
40467
45425
0
58411
32151
4343
57383
4725
56377
61493
38404
36
48544
4446
59172
48167
42220
36949
3412
58387
46268
510
59927
510
38652
60970
1007
494
30194
4606
3102
40335
38671
41804
251
47563
20971
16638
45314
1024
45829
49155
16453
4287
2052
8194