0
21
0
0
0
29619
5504
7041
29696
19867
31480
42869
185
30838
1266
8431
1032
4489
47386
24584
11264
42440
11176
8800
24576
250
58130
18688
55779
17235
48355
52003
0
52496
11752
65185
55085
43806
20468
53692
18250
49772
4144
33210
2816
1794
25691
25391
24754
4628
58417
38272
50455
51767
58075
1514
0
13920
59332
35654
30856
32
0
58325
51408
28737
137
2271
17664
38782
36112
40096
1024
38294
31424
36247
8465
62072
736
24416
62753
61677
65192
63371
38696
5493
50606
16730
52984
544
1216
64143
6656
501
4768
3013
32768
63363
370
8150
0
21874
46947
8791
33260
53155
42642
31411
13952
2379
4187
42021
17646
33308
17662
25424
23136
35563
44662
53489
44658
19399
41033
15829
38515
31926
4075
2547
0
53376
33697
39040
12672
60031
55556
20383
64888
1535
36
1279
57720
46224
494
958
34
45699
3393
23948
38105
8616
34832
61194
11214
43915
21256
47510
62179
62564
54368
38350
264
1
40
22159
11703
65443
219
33727
15444
50896
56160
37461
20992
20714
46749
59822
53248
47285
64
19473
5889
16245
29680
34800
256
250
34373
53820
8192
52150
4351
8832
40001
46782
65217
43291
1
3582
64040
16634
59727
14701
8416
24041
57728
28391
64914
58418
14846
42460
16344
40730
0
58580
31849
4104
57383
4725
58752
64926
38404
57012
26624
47458
59172
48601
42220
13358
7424
58387
58528
510
0
0
38658
18078
529
39038
29965
23650
0
40335
38671
54225
261
56996
34312
16385
45314
55127
45819
12532
16570
49383
33024
8445