1081
1228
2061
74
192
2081
20
8260
6146
17794
3592
8960
10496
16398
18592
16386
16420
5380
20496
7202
2308
8192
4096
24720
26624
8193
4354
8336
1024
3106
261
259
856
17924
8326
16385
580
16924
8272
16513
678
185
26624
3121
8545
6468
17956
8320
72
14
34
1280
1
258
6276
137
25608
32
4608
8337
17536
4100
104
20488
16409
17444
3082
386
66
16782
26116
4873
525
104
4
97
515
17410
20992
216
4256
16416
151
5162
24
1216
4688
4624
1024
2304
6148
2080
1168
1088
4368
2
12544
11
16388
338
18689
545
12356
1064
304
20649
12804
20489
4356
18435
24896
3075
29256
16928
582
8513
336
18445
20482
1058
17096
544
33
33
1280
256
16707
1673
2
2048
20480
8192
2112
19968
5185
384
1
264
129
64
2704
3392
8203
12292
1052
5
6752
4096
4376
262
1328
2072
4736
13824
9224
515
4098
100
16388
2576
129
16394
24
8352
2194
1034
593
6180
16
4096
64
28688
2176
0
8196
1282
2305
18564
257
2085
70
12288
18816
16641
8259
2132
1336
4112
3084
8464
640
132
520
9216
12320
48
1706
4112
13392
10624
8704
3080
20480
8192
7680
2340
0
10241
9216
8708
8401
530
3
10246
792
16520
140
20
0
1288
4160
0
1544
538
24587
4
2560
5636
1036
16944
169
6212
4100
288
900
1040
8
18445
80
4616
8242
9218
8195
258
74
6160
1280
25219
38
5136
41
15
16384
16384
64
2435