1083
1228
21
74
49
10273
20
8260
6146
17858
3594
8448
10496
16430
18592
16386
16420
5892
20500
7202
2308
8448
4096
24752
26628
8225
4354
8336
1024
3106
263
259
856
16900
8326
16385
588
16924
8272
16513
678
185
26624
3121
9569
6500
18020
8320
76
46
290
1408
1
258
6276
1161
25608
32
4096
8321
17552
4116
104
20488
16413
17444
3080
8578
194
16782
26244
21257
781
616
5
97
643
17410
20992
4312
4256
24608
135
5674
16408
1217
592
4624
1026
2304
6164
2082
1168
9280
4368
130
28928
11
16388
346
18721
513
14404
1064
304
20649
12836
20481
4356
18435
24898
3075
29256
544
838
8513
8528
18445
4098
1058
16968
544
1057
33
3328
257
20803
649
2
2048
20480
8192
3136
19968
5185
384
16385
265
128
64
2688
3393
8203
12292
1052
5
6752
4096
4408
260
1072
2200
4736
13828
9224
515
6146
100
16388
2576
129
16395
24
8352
18578
1034
593
6148
16
4096
64
28672
18560
0
8196
1282
2305
18564
4353
2085
198
12288
18820
16641
8259
2644
1336
4114
3084
8464
640
132
520
9216
12328
56
1674
6160
13392
10496
8704
7176
16384
8192
7684
2308
256
10241
9280
8708
8401
530
3
10247
792
20616
2188
22
0
1288
20544
128
1544
570
24587
8196
3584
5636
1036
16952
425
6208
4100
16672
17284
9232
8
18445
80
4616
8242
9234
8195
290
74
6168
1282
25219
39
5138
40
31
18432
20480
4160
2435