57
1228
21
181
49
2527
20
8260
6146
17794
3592
8958
10751
16880
18782
16637
16420
5627
20719
7202
2555
8192
4096
24720
26624
8193
4348
8336
1279
3106
261
508
856
18426
8326
16385
699
17378
8272
16513
678
70
27134
3121
8351
6468
17956
8320
438
241
476
1278
1
258
6276
137
25847
478
4608
8302
17536
4602
104
20488
16409
17444
3572
381
444
16496
26116
4855
1011
104
251
415
764
17410
21247
294
4256
16416
361
5588
24
1342
4688
4624
1024
2304
6650
2080
1390
1088
4368
253
12544
11
16388
338
18689
545
12730
1494
304
20649
12804
20489
4346
18684
25023
3075
29256
16928
952
8638
336
18931
20482
1058
17096
990
479
222
1280
254
16828
1673
2
2048
20480
8702
2494
19968
5310
384
511
264
129
64
2671
3392
8436
12292
1251
507
6752
4096
4583
262
1328
2534
4990
14334
9718
515
4098
100
16635
3054
129
16394
231
8287
2412
1034
943
6180
494
4096
191
29166
2176
510
8196
1276
2303
18810
257
2085
440
12288
18815
16639
8259
2474
1336
4590
3315
8464
640
132
759
9726
12320
462
1706
4335
13487
10624
8704
3080
20735
8702
7935
2340
0
10751
9216
8708
8401
1004
509
10246
742
16520
140
235
510
1270
4160
0
1544
538
25077
4
2560
5636
1036
16944
169
6586
4100
288
900
1518
8
18445
175
4616
8397
9218
8195
258
181
6160
1280
25469
38
5136
41
15
16894
16384
64
2173