38201
65504
21
0
0
2270
20
8634
6146
31371
3831
8960
10496
16398
18592
22801
16420
5380
47616
7389
2308
8192
4096
24687
26624
8193
42288
24713
1308
23802
52820
508
17703
17924
8568
16385
580
40769
8272
20136
43550
185
26879
37413
8545
20593
17956
9645
72
14
221
1535
1
13879
6276
375
26102
223
5118
38348
37564
4100
28326
28231
16614
17444
34103
13503
7046
16782
51600
4855
754
39208
251
428
515
17661
21247
2422
4446
25648
151
30503
231
9108
34214
34885
1024
2559
6148
28027
1135
1470
4591
1121
12542
5462
29798
172
18689
27203
23073
1494
304
52242
18533
20489
16348
36202
27436
3581
9366
17374
697
8513
4899
18931
20733
1058
56368
15703
20313
222
2684
256
16707
1673
253
2048
20990
8702
21444
31621
39501
126
14473
264
26121
64
19962
5581
8203
12977
30124
4758
7472
26770
4376
262
41466
2072
4736
22681
9224
515
4098
100
16635
2576
383
41014
486
8841
2194
1524
48797
6180
239
16552
22377
62566
28971
0
8698
15537
2303
18564
12467
2085
440
36789
18558
22454
8380
2219
1336
4112
19819
35756
639
132
520
16832
37602
48
1706
11955
13392
10623
8704
3080
20480
36811
7935
2266
0
10751
9471
8708
8238
749
509
10246
792
33613
140
235
0
1288
4542
510
28134
538
25077
32198
6626
62381
1036
37811
343
6586
4100
288
634
1518
8
27871
430
5110
8242
9724
11247
252
181
6638
1280
32627
53192
5359
41
15
39675
16384
1725
12930