38201
65504
21
0
0
2270
20
17345
6146
31371
9473
31788
10496
16398
48814
38688
44852
5380
47616
27888
2308
8192
4096
40582
26624
8193
42288
24713
1308
23802
52820
508
17703
17924
27836
39460
580
40769
8272
9462
43550
185
57385
52816
8545
57291
17956
9645
72
14
221
23346
16437
13879
36080
10414
26102
223
5118
23618
43768
15742
28326
28231
40230
17444
34103
13503
7046
24275
59606
4855
754
39208
251
428
12111
25930
26445
59747
16302
25648
6633
41850
571
9108
34214
35484
1024
49585
14174
28027
17099
1470
4591
1121
33374
5462
29798
172
18689
29608
23073
1494
304
52242
31695
20489
16348
36202
27436
34412
9366
17374
697
26804
4899
18931
48243
1058
56368
15703
20313
1369
2684
14461
21441
58374
253
2048
20990
8702
37192
13076
39501
28677
14473
20113
52627
3531
19962
5581
8203
14144
30124
19495
7472
26770
4376
15259
50064
2072
33560
22681
9224
515
4098
13569
33177
2576
42687
41014
7816
8841
2194
31129
28137
6180
239
36177
49427
62566
28971
0
16040
15537
2303
18564
12467
2085
440
36789
19252
43885
34604
2219
1336
13259
19819
35756
7229
29507
520
16832
45988
48
1706
11955
13392
10623
33224
3080
36810
36811
32715
2266
30926
15310
9471
8708
63954
28864
509
13531
4334
33613
30308
51613
27354
45721
4542
510
28134
538
25077
32198
6626
62381
33776
45720
17469
19617
4844
288
20068
1518
8
27871
12956
5110
43794
10989
11247
252
4777
8675
1280
8801
53192
5359
7715
11530
46327
47357
1725
37761