57
21
21
768
49
6147
24576
24736
578
300
12
130
20744
28678
1064
16488
685
16432
2048
130
352
5248
1048
1032
1161
1152
1574
11040
1088
2112
16
12544
17
64
8
1048
1
4552
12288
628
2562
409
16384
4769
8294
20480
4610
864
516
8
17672
96
4229
896
4108
391
145
19460
18448
0
3584
3072
2468
193
37
4448
4624
4226
4096
28685
8227
17056
26664
256
4108
16416
4228
6672
18944
288
4158
1536
384
384
800
1097
775
16
770
171
12416
256
1040
240
192
162
22660
1074
1
400
17412
16408
4096
8192
16676
8986
2052
12544
1070
12481
4139
12352
3328
4288
112
40
3073
20482
2305
24640
112
249
8192
4136
544
196
16456
648
360
92
242
3078
4376
33
1040
1
6680
488
16398
2144
4120
1
8656
10379
4097
1142
642
8464
4180
20
80
8736
5120
8908
1634
2052
10244
130
4145
8200
6
864
16386
708
513
3072
20492
74
428
0
162
4112
16384
0
2568
2094
25360
128
1120
8454
10240
16452
8586
16452
8230
3
25240
16
2096
513
512
1288
4099
16704
300
16898
5379
3600
168
896
4
2560
0
20480
4628
16584
8
2144
17670
16426
193
2102
866
16482
4352
320
8
6145
392
3520
11312
16402
48
17206
2916
821
256
134
0
128
826
20
136
5168
12288
1027
512
753
514
16416
8577
262
8972
16392
8644
880
3520
19456
1
1217
5920
576
2308
13312
16384
2048