49
65504
2053
48633
49
16567
1217
19584
23025
44090
13339
17088
1
36897
25108
5529
0
26942
39792
18632
17040
16688
5086
896
25760
63978
40
2546
17038
16652
26848
8998
12604
52494
47420
4545
16456
60614
8192
4230
1078
16439
21762
38276
6340
1023
35392
8444
45344
8380
41984
4
56836
45430
61444
39063
33160
14977
6428
37159
63366
224
16640
28298
2
402
37156
43374
16662
10484
27034
52657
4794
26742
45864
1015
31088
6
16434
4100
45189
15624
36870
58336
3069
49690
757
27520
0
4757
17552
9059
500
20233
10260
45038
26676
23197
6831
8614
61954
57860
503
4352
33656
260
536
42158
6578
14
35363
1482
17414
4644
195
912
36224
16750
57632
3682
528
25014
2156
352
45040
10222
39420
30131
20832
51452
36544
1399
4574
1028
16627
54674
3555
26760
43008
43623
0
12999
108
46334
51436
61473
38088
29092
25856
8649
7216
34864
16432
17127
61824
1024
8726
1044
2062
44614
528
6176
136
16448
292
22921
16634
29498
64
15230
61518
63309
592
8674
21515
767
48224
40242
14340
20702
18432
767
52160
62140
16428
21661
512
510
39948
0
15512
38398
2401
2118
43324
17969
864
14112
5694
35385
62024
1380
1022
1462
4144
10494
1536
0
12130
26551
21954
768
60466
251
1018
40174
9412
512
35198
17032
506
62251
83
31744
5123
5120
6163
10679
1025
17114
12737
3540
16528
64255
5127
12667
510
6912
804
48343
45076
20672
16448
2
2812
41742
32
16960
25598
8210
8341
11881
208
49318
26593
61924