24
784
16960
1024
49
9216
4372
24
18448
0
1026
17568
2113
8192
16384
4116
577
16
2
2
0
16
0
1024
24832
1032
9218
0
21504
16392
1032
3104
2308
44
528
0
8194
272
12820
1156
132
16392
8192
4160
160
1088
3136
1152
2
16512
512
2176
1728
2052
1032
656
24578
64
8768
8258
16393
8
4610
4224
20480
8192
50
8193
224
8448
2624
138
168
2596
1028
4108
530
512
272
1088
5120
1186
16896
16416
16392
16488
1792
101
1040
64
24600
2
8192
256
16896
176
0
16768
4288
132
8
8258
1348
2244
16400
1568
5216
8704
8192
8704
2081
2080
16384
1024
24608
0
1344
72
128
24600
8384
4
16
16
4
18432
3089
2
12288
0
193
256
1152
256
17409
640
23584
74
16
4616
8208
13316
2056
640
10250
21504
512
8708
514
1184
16
66
16428
16512
1027
16389
8193
16
132
128
128
512
8208
64
8192
18944
4225
16640
129
7168
6144
72
0
64
2
21504
4160
12288
4648
0
0
4112
128
32
276
16424
16408
0
1
8576
1024
8320
544
578
8225
513
2
832
2072
8192
17410
64
128
1056
4140
2560
272
4209
2
10272
1024
1028
0
576
1568
512
20
1024
2064
10496
0
0
1024
3076
11
516
1280
18688
5124
32
4096
24
16
576
4
130
8
2088
8288
4
16384
5
5008
2112
8
8481
16529
1037
130
16410
226
1537
16388
1544
8896
5