57
272
21
1024
49
9216
276
16
18432
64
1026
17536
2112
8192
16896
4116
577
16
6
2
0
16
0
1024
24832
1032
9218
0
21504
16392
1032
2080
2304
44
16
0
8194
272
8724
1156
132
16392
8192
4176
32
1088
3264
1152
0
16544
512
2176
1216
2052
1032
144
8194
0
576
8256
16425
0
4608
4096
20480
8192
48
9217
224
8192
2624
10
136
548
4
4100
18
0
272
1024
5120
162
16896
32
16392
16480
1280
101
1024
64
16408
2
8192
256
16896
160
0
16512
4288
132
0
8258
1284
196
16400
544
5184
8704
0
512
2049
32
16384
1024
24608
4096
320
72
128
24600
8384
4
0
2064
0
16384
2065
3
12288
0
193
0
1152
256
1025
640
23552
72
16
4608
8208
13316
2120
128
8202
21504
514
8704
512
160
16
66
16396
16384
3
16389
1
18
132
128
0
512
8192
64
0
18944
4225
16640
129
6144
6272
8
0
64
2
21504
4160
12288
4616
0
256
4096
128
32
260
16392
16400
0
1
384
1024
8320
1568
66
8225
513
2
576
24
8192
17408
64
128
1056
4132
2048
256
4193
2
8224
1024
4
0
512
1568
512
20
1024
16
10240
0
1
1024
3072
3
516
1280
18688
4100
32
4096
24
16
576
5
2
16392
2080
8288
4
16384
5
4752
2112
8
8449
145
13
2
16394
194
1025
16388
1032
704
5