57
21
21
1024
49
9216
276
16
18435
64
1026
17560
2112
8192
16640
4116
577
28
10
770
3
8
0
1024
24832
1416
9218
48
21504
16392
1032
2080
2304
32
784
12
8194
264
8727
1156
136
16776
8192
4176
32
1088
3264
1152
48
16544
608
2176
1344
2056
1032
144
8194
384
600
8256
16433
384
4611
4120
20480
8192
80
9217
224
8192
2672
10
132
548
4
4100
18
192
275
1024
5504
162
16896
32
16392
16480
1472
101
1024
64
16408
194
8192
256
16896
160
0
16515
4416
130
6
8258
1284
196
16400
544
5568
8707
0
512
2049
64
16384
1024
24800
4096
323
72
128
25368
8384
52
0
2832
192
16480
2065
51
12288
0
961
768
1158
256
1409
640
23600
72
8
4704
8200
14084
2088
64
8298
21507
526
8704
512
160
8
834
16396
16384
3
16393
13
17
132
224
0
512
8192
70
6
18947
4161
16640
135
6144
6208
8
3
64
2
21504
4160
12288
4616
0
256
4096
128
32
260
16488
16392
0
49
384
1120
8320
1568
66
8249
561
2
588
792
8192
17408
88
128
1062
4132
2096
448
4193
50
8230
1024
4
768
512
1552
560
20
1030
32
10264
0
1
1120
3072
3
516
1536
18688
4196
64
4096
24
400
576
9
50
16776
2464
8672
196
16408
101
4752
2496
8
8473
137
205
2
16394
193
1025
16392
1416
704
3