4112
8
77
256
24576
1
8
2050
0
5
4112
8224
4097
192
0
1
4
256
128
0
0
512
0
8
0
2052
2052
40
4098
512
16
8
272
4096
16384
2
516
0
64
0
8192
20480
0
0
1024
0
64
8
8
64
0
512
512
4
32
0
0
0
32
4
32
16
0
64
2112
4352
2
544
8192
32
4
1024
0
512
66
2
8
0
9216
32
0
0
0
0
16384
1024
1056
4352
32
8192
2048
0
4100
2
256
8192
2048
264
0
68
128
0
256
128
0
512
136
0
0
2
1024
64
0
16
1
4352
65
32
0
64
0
0
0
8196
6144
24
8
8192
2304
8
0
16
2048
256
1024
16384
64
0
1032
1024
136
0
8192
512
4104
0
160
2
1024
4112
4100
0
40
32
16
0
16
4096
8200
0
8194
0
16384
0
4
10240
128
2176
0
8192
2
128
128
0
0
4096
4100
516
6
4098
0
64
1024
1
8
18
0
4096
4608
256
2048
128
0
512
24576
256
16
192
48
128
16
0
16384
16384
0
0
8192
130
8194
512
0
8
4
1026
4
4
512
16400
0
4
1024
1040
0
0
8192
8192
2
2050
0
288
80
8
2
4
16384
2560
16
128
128
256
8256
16392
8208
0
0
32
66
64
1056
4096
16384
16384
16384
2048
320
512