4112
264
21
257
24576
8193
0
2050
0
8197
4240
8224
4101
448
1
1
4
2304
129
0
512
16896
0
8
16384
10244
2054
40
4098
0
16
40
272
4096
24576
10
8708
0
192
512
8200
20480
0
2
1024
0
65
72
264
576
0
512
768
4
288
2048
0
128
32
4
32
272
0
16448
2112
4096
2
608
8192
32
260
1024
32
514
194
258
24
0
9728
48
16
0
0
1
16384
9216
1056
5376
32
8192
2048
512
4100
3
1280
8320
2064
264
32
68
129
2048
256
128
4
512
200
0
0
2
1024
0
16384
1040
33
4352
65
1056
16
4160
0
0
1024
8197
6144
280
8
8200
2304
8
8192
17
2560
256
1024
16384
576
1
8
1024
136
4
8192
512
4104
128
160
130
1024
4112
4100
128
40
32
16
4096
16
4104
8200
0
8706
256
16384
0
1028
10240
128
2184
8
8194
2
128
128
32
0
4096
4100
516
16390
4114
256
64
1024
1
264
18
16384
4096
4608
256
2048
128
4
512
24580
768
4112
192
48
0
16
1
16448
16384
32
4
0
130
8706
512
2
2056
4100
5122
5
260
1536
18448
0
516
1024
1040
0
0
8192
10240
3
2058
0
256
80
2056
2
4
16896
2560
16
128
128
384
8256
24584
8272
2
128
32
194
64
1312
4096
20480
16384
16896
2560
320
4608