2048
12
13
4
2048
0
0
1024
12288
0
4608
320
3
0
8192
33
4
2
128
2048
1
257
768
1024
258
0
48
10240
544
0
4104
16416
64
2048
2
2176
0
8448
0
0
32
8
0
128
144
16384
64
16
2048
4224
8192
1024
0
0
3072
8
0
0
8
8192
2
1024
1
8
2050
0
16384
0
4096
0
1040
5
8196
8194
260
8
0
0
0
4097
136
512
18432
40
1
66
8
16388
10240
8256
0
32
0
512
4112
17
65
8192
640
1024
64
2560
1
4
0
5
16384
2048
12
2
8192
16
64
1024
64
0
96
256
6144
1024
512
64
0
16
512
16384
0
16400
0
0
0
2056
0
64
4
0
258
9
0
2
64
48
0
64
128
1025
2064
8196
64
32
1024
576
0
2
32
8192
0
16
0
132
16
2304
32
17408
260
256
16384
256
0
0
5120
0
128
6
16384
8
32
0
6144
16384
2048
0
16
8200
8320
2048
514
32
8
128
4
4
0
2048
2048
2048
4
128
16
4
0
0
0
4096
16384
0
0
0
8192
8
1056
0
4352
64
128
256
4
2
5
16512
0
0
8208
0
24576
0
1
8192
8
0
4352
1152
128
256
66
514
4096
8
192
32
16392
0
2048
64
1024
2048
0
16384
8192
2
0
1
256
8192
0
512