57
74
5
259
24576
7
16
2050
0
53
4496
8224
4193
960
24
1
4
352
152
0
24
608
0
8
12
2100
2050
40
4098
536
16
776
272
4096
16768
194
514
0
112
3
8216
20480
0
6
1024
0
67
11
776
128
0
512
524
4
44
96
0
6
32
4
32
112
0
32
2112
4608
2
568
8192
32
772
1024
12
896
450
98
392
0
9219
38
384
0
0
3
16384
1072
1056
4224
32
8192
2048
24
4100
1
262
8198
2054
264
96
68
152
96
256
128
768
512
139
0
0
2
1024
88
768
22
13
4352
65
38
6
88
0
0
384
8220
6144
120
8
8384
2304
8
6
19
2072
256
1024
16384
67
24
1038
1024
136
12
8192
512
4104
6
160
386
1024
4112
4100
384
40
32
16
24
16
4120
8200
0
8193
12
16384
0
2
10240
128
2179
3
8576
2
128
128
768
0
4096
4100
516
10
4100
768
64
1024
1
776
18
96
4096
4608
256
2048
128
12
512
24588
259
8
192
48
134
16
3
16387
16384
12
768
8240
130
8218
512
6
104
28
1050
196
772
896
16412
0
28
1024
1040
0
0
8192
8960
194
2242
0
300
80
104
2
4
16576
2560
16
128
128
304
8256
16776
8400
6
6
32
450
64
1824
4096
16387
16384
16408
2072
320
536