51001
65504
21
0
0
44294
16
37627
0
48172
4496
8415
4511
960
30
54258
506
608
60550
63
231
47971
0
4
754
2193
55939
470
3046
64251
35570
776
12944
4255
16864
49
252
48
124
54606
20118
20735
34516
57358
1024
58835
188
50627
1015
254
255
512
1010
60614
208
96
509
41261
37797
7
33508
79
509
217
55808
5118
64189
60949
22390
16
20009
1279
498
44343
50702
36946
392
43187
9341
39273
894
37805
509
252
16384
41847
54152
38184
51592
8192
2366
52623
4347
13
262
6871
2102
64406
62718
442
362
44539
49306
128
766
43930
55219
766
52116
26562
45720
88
41616
22
13
4349
40265
433
0
422
44816
38151
46342
8316
6212
123
51338
8255
2400
310
120
493
60820
262
51576
16384
46651
231
52327
1279
65404
38246
8192
23621
59448
408
44046
385
1027
4590
45422
102
470
223
47
24
400
62562
9207
255
8289
48991
17407
7610
194
6747
64216
2307
52724
54023
49944
43733
41172
1011
504
3421
4602
571
42328
4347
255
35529
56418
58699
46909
210
927
4192
37256
50049
2558
128
15
998
16973
261
8
54523
456
328
37926
3
16387
3867
306
768
8393
368
8484
256
312
422
466
1253
186
46637
895
16482
243
26
1024
1391
34082
255
8240
36156
61018
5657
0
300
86
104
50
4
55894
2815
482
128
128
304
8256
16566
61422
6
774
16
37324
40012
230
4222
16387
16888
3051
54249
31812
60375