49209
65504
21
0
35645
44294
16
7440
0
48172
4496
8415
30183
960
30
6220
506
40595
60550
63
231
6306
0
4
36154
2193
55939
470
3046
6994
35570
776
31984
4255
59206
49
61800
37023
63214
54606
20118
20735
53842
57358
11908
58835
188
50627
1015
13457
255
512
47246
60614
10866
96
509
42712
19283
7
51020
79
12145
217
40384
5118
64189
60949
32322
16
20009
1279
498
42221
50702
36946
63596
43187
9341
39273
894
33184
509
252
16384
42102
54152
38184
46488
8192
36428
52623
4347
8018
2592
6871
2102
64406
31268
442
362
44539
17100
52661
28470
52437
55219
766
52116
26562
18914
88
41616
22
8803
4349
2725
18960
0
16651
44816
59250
46342
7661
64184
23538
62980
8255
31712
310
22014
15478
60820
3477
51576
20629
55251
231
52327
1279
8480
38246
8192
23621
59448
408
44046
57658
1027
4590
45422
102
21094
39850
47
24
400
62562
9207
255
56609
48991
17407
7610
32174
36938
64216
2307
52724
54023
62738
32470
41172
9722
504
43114
4602
9057
42328
4347
6939
28904
56418
39792
53349
210
927
4192
37256
50049
2558
128
15
998
42643
3040
19540
54523
456
328
4478
3
36705
3867
17402
768
25907
368
44436
256
312
61727
57926
41060
52284
3250
25351
16482
43137
26
1024
1391
22972
255
8240
20447
48204
5657
32600
300
86
64541
46058
25279
55894
2815
482
128
128
15357
40160
16566
45764
7391
774
51150
47790
40012
230
34665
16387
51433
3051
48599
2366
60375