57
21
0
3
49
2304
21634
235
6339
51
30146
13865
766
260
43141
24480
11277
1321
232
20020
75
9119
13974
35759
36478
7711
0
355
34934
14657
256
33726
439
10541
8198
29439
764
30745
29164
129
27148
486
24576
1442
190
6589
458
19247
16451
278
32866
1529
1280
224
6200
22263
16584
16
19386
373
286
19382
13085
17792
17710
22625
2484
14902
2556
29037
1088
22647
32924
32488
18506
636
503
1435
4096
41246
31856
1024
152
1165
8968
223
862
4207
400
252
17504
2273
1036
79
4
90
14926
2154
17122
30389
2049
931
388
38
16838
25208
61645
350
48088
50148
16388
1013
50154
16869
180
27124
440
2056
4216
2082
37174
32
1792
38136
29564
0
16814
503
899
23044
509
382
2144
14741
44419
95
16409
30
33099
14539
22902
1794
3
28060
14086
191
22232
9617
374
1788
31433
374
4736
12314
9115
2444
4192
27528
6
8224
46652
20310
88
1152
20337
9441
16310
2100
27460
318
296
13305
245
9
27054
24689
320
18624
259
18322
26868
4099
16511
24889
381
6203
25029
4123
2436
22467
640
31696
25017
31152
5055
199
532
22531
4104
15637
10752
2549
28592
29870
21435
288
1024
28
47264
8196
12562
2754
13010
11691
719
18240
499
13731
2942
12915
29148
2859
2054
1012
407
1015
510
5127
758
17424
462
2496
5119
1732
129
192
255
36059
671
6938
8210
29
8211
230
14130
8231
8446
51060
27556
143
753
50
31482
1024
1056
7329