48323
65504
491
3
4096
2
16767
52116
5103
8377
10765
9971
4607
52980
16576
28193
34853
1663
53670
24866
1771
23127
6144
60267
3010
54482
247
607
6878
9376
6554
63147
37673
9050
49540
53041
18187
18111
12787
3176
35590
16
39035
3436
8488
19562
5
50334
12484
2931
8208
1918
19202
19959
3835
11388
34806
32257
2816
60770
21046
37501
51786
29728
37390
201
58935
13074
45222
60747
4347
31713
28811
23205
8443
29289
10349
1340
4606
60303
54111
17159
34485
34750
23305
10018
21325
6197
3054
4936
3218
28016
14555
14415
2305
29116
12770
18741
54595
24823
8209
63209
42740
29108
60937
43132
33617
4492
23704
55839
27045
42626
45451
30798
9129
54033
4797
58187
17548
2090
18045
255
1735
17417
32
22380
34577
9
12534
46719
8966
11032
49680
21811
7265
42785
17972
5374
38242
15335
29716
41352
35712
7397
48149
2048
8580
18246
61965
6426
121
30543
11007
40362
60933
17716
31024
164
20995
14561
5080
17420
780
16478
19900
1028
218
1499
2049
15273
22408
44985
6367
45337
11173
17054
58523
30090
25854
28391
25460
4361
2286
18722
1788
6384
451
30033
17606
5319
525
9
17646
55215
5238
26513
61767
16069
30170
25903
1023
33377
5804
33694
49414
430
254
13303
1089
8379
32178
4355
42320
22991
21760
17382
13043
63519
53139
11642
32472
16378
12032
8202
379
19403
2904
3933
40597
57409
19541
46670
29846
4401
9149
9067
33495
33635
360
13293
12781
693
21954
16831
159
23386
12026
58865
11578
2526
12518
44394
2817
24953
45287
59130