48323
65504
491
3
4096
0
16766
52116
21487
8441
10765
9843
4607
52982
16576
28161
34852
18047
53670
24866
1787
23127
6400
43883
3014
54482
247
599
6878
9376
6552
63145
37673
9050
49540
52529
18187
20159
12787
3176
35590
16
39035
3437
8488
19562
5
50334
12356
2931
9232
1854
19202
28151
3834
11356
34806
31745
2880
60770
21042
37501
51786
29730
37391
201
63031
13078
45218
59723
4347
15329
28811
19109
8699
29225
10349
1340
4606
60303
54111
17167
34741
34750
23305
10146
21325
6193
2926
4968
3218
28016
14427
14415
2305
29116
12770
18741
54595
24823
8337
63209
42740
29108
65033
34940
33617
4492
7320
55839
27045
42626
45515
30798
9129
54161
4797
58315
17564
2602
18045
255
1731
17449
32
30572
36625
1
12534
42623
8966
8984
49680
21809
3169
44833
1588
7422
38242
15335
29717
41352
35200
7397
48149
2048
8580
18246
61965
6426
121
30543
11007
40874
44549
17460
31024
4260
21059
14561
5082
17420
780
16478
19900
1028
218
1499
2049
15265
22408
44985
6365
45337
11237
17054
60571
30090
25854
28391
27508
4363
238
18726
1788
6384
963
30033
21702
13511
525
8
17646
54191
5238
26513
45383
11973
30170
26415
1023
32865
5676
33726
50438
1454
254
13302
1121
8251
23986
4355
42320
22991
17664
998
13299
63519
52115
10618
32456
16378
12032
10
4475
19403
2904
3925
40597
57409
19573
45646
29854
305
9149
9067
32983
33379
8552
13292
12781
693
21954
16830
158
23378
11962
58865
3386
2526
13542
44398
2817
24953
45159
59066