61
21
0
1027
17
2816
21634
235
6339
55
30146
13865
766
260
43143
22432
11309
1321
233
28212
75
9119
13974
35751
36474
7743
64
359
39030
14657
384
33726
311
10541
8198
29423
700
26649
29164
1
27148
998
24576
1442
190
6589
459
19247
16450
278
33890
3577
9472
224
6200
22261
16584
16
19386
373
270
27574
13085
17792
19758
6241
2484
14902
2556
29037
1088
22647
32924
32488
18506
636
4599
1499
4224
43294
31856
1024
24
1165
8968
215
862
12399
400
764
17504
2273
1036
79
16388
74
14926
2154
17122
30388
2049
939
2436
38
16838
25192
61901
1374
48088
50148
16388
885
50154
16869
180
26996
440
2056
4218
2098
37174
40
1792
38392
30588
16384
16814
503
899
23044
381
383
2152
14741
44435
95
24601
30
33099
14539
31094
1794
16387
28060
14150
191
22232
9649
375
1788
15049
382
6784
12306
9115
2444
4448
25480
134
8224
46652
20310
88
1152
20337
9443
16294
2164
27460
314
16680
13304
245
9
26798
24689
4416
18624
259
18323
26868
4107
16511
24889
349
6207
25029
4122
2436
22339
640
31440
25017
31152
4543
199
534
22531
4105
15636
2560
2549
28592
29742
21435
296
1280
28
47264
8324
12562
2754
4818
11563
718
18368
4595
13747
2934
12915
29148
2859
2086
1012
391
1015
1022
7175
758
17428
1486
10688
5055
1988
129
192
255
36057
17055
6426
8338
29
24595
230
14130
8231
8446
51188
27556
207
752
50
29434
1024
1056
7201