61
21
64
1027
49
2817
21506
171
6337
55
30147
12841
766
4356
43143
22432
11309
1065
233
11828
75
9115
16022
33703
35450
7743
64
359
39030
14657
384
33724
2359
2349
9222
29423
700
26649
29164
1
27140
1014
24704
1442
190
6589
459
23343
16450
790
33858
3577
9504
224
6200
21237
18632
17
19390
373
270
28598
13085
17792
27950
6241
2484
31286
2556
29037
1089
22645
33436
32488
26698
636
4599
3547
4256
43294
31856
1024
25
17549
8968
215
350
12399
400
764
1120
2273
1036
2127
16388
74
14926
2154
17122
30388
2049
939
2436
34
16838
25192
61900
1374
49112
49892
16388
1013
51178
16869
1204
26996
408
18440
4154
2098
37174
104
1792
38392
30588
16384
16812
8695
899
18948
317
381
104
14741
44435
223
24600
30
33099
6347
31078
1802
18435
32156
14150
183
18136
9649
371
1789
15049
510
6784
12306
9115
2445
4192
25224
646
8288
46652
18262
344
1152
20337
9443
16294
3188
26948
378
16680
5112
213
265
27054
25201
4418
18624
259
17299
26868
4171
16511
24889
341
4159
25029
4122
2436
5955
640
31440
8633
31216
4543
199
598
23555
4105
15764
2560
2545
28592
29742
20923
296
1280
2076
47264
132
12562
2754
4802
15659
8910
1984
4595
13619
2935
12915
29148
2859
2086
996
263
1015
17406
5127
758
17428
1486
11712
5047
1996
128
196
255
36057
17051
6426
8594
1053
24595
2278
14128
8230
9470
51124
27428
719
754
50
29438
1088
1312
7329