57
2069
64
1027
49
2817
21538
2219
2241
55
30146
12841
766
4356
43143
30624
11309
1065
4329
11828
75
9115
16278
33671
35386
7743
68
359
39030
10561
896
33692
2359
6445
9222
29679
692
26905
25068
1
25092
17398
24704
1442
190
6591
16843
21295
18498
798
33890
3449
9504
224
6456
21237
18632
17
18878
357
398
27574
13069
17792
27951
6241
3508
31286
2548
29037
1089
22901
37532
32488
26698
628
4599
3547
4256
43294
31856
9216
25
21645
8968
16599
16734
12399
400
764
1376
2273
1164
2143
16388
2122
14926
10346
17122
30388
2049
939
388
34
17862
25192
57804
1374
45016
49892
16384
9205
51178
17381
1204
27508
408
18440
4152
2098
37170
40
768
38392
30588
16400
16812
8695
899
23044
316
381
4200
14485
44435
223
24600
94
32843
6363
31014
1802
18439
32156
16198
151
18120
8625
370
1661
15049
446
6656
12306
9107
6541
6240
25256
646
8288
45628
18262
344
1156
20337
1251
16294
2164
26948
378
16424
5112
213
777
27118
25201
4418
18628
259
17307
26868
4175
16511
24889
337
5183
25541
4120
2436
5953
640
31472
8633
31224
4543
199
854
23554
4109
15764
6656
2545
28592
29742
20987
296
256
2076
47264
132
28946
2752
4802
15659
8910
1728
4595
13623
2935
12899
29148
3883
6182
9188
263
1015
17406
5127
766
17460
1486
11713
5031
1996
160
204
255
36057
17051
6426
8594
1053
24595
2278
14128
8230
9470
59316
27428
207
755
50
29374
17472
1314
7329