57
65504
21
1539
49
3070
63570
2389
2367
15963
30146
2689
4633
50462
12479
27582
11731
20589
4375
48662
48795
42681
16278
24547
46186
29476
442
64827
26560
64365
19447
33378
2359
59825
9465
15959
587
34683
38020
4687
25092
17398
24704
1442
190
62362
62097
21295
6306
59264
31530
3449
39238
224
6342
15715
18742
14979
18496
357
398
12580
13298
38910
24495
59680
20156
1724
27396
25530
1089
22901
37475
32534
61662
628
65337
29813
4256
2588
32142
1348
25
16179
58527
16681
13561
27933
400
515
1376
2273
24388
44313
16388
45038
15280
10389
17122
30538
40902
597
388
221
17862
20282
61826
39690
44582
49892
5083
4461
58581
14558
1354
17216
2079
7839
18212
2253
53677
33992
63731
38392
30588
17150
43087
8201
899
23550
57408
381
4200
43125
44435
47151
3335
416
23667
6363
31193
17934
50480
35005
6310
151
29274
45684
16861
1666
15159
37532
1583
20511
18849
6541
29080
25256
39092
58782
28675
54060
34784
1147
20337
25776
36594
55257
26948
132
47484
17572
61834
62634
27118
25230
41634
24614
33320
37782
61892
4272
16511
10402
25119
17458
61101
4120
47868
5953
53244
40428
24377
15612
4416
4953
52446
23554
4109
50466
6911
21781
33496
53188
20740
61122
511
2530
47264
56604
29165
12902
1764
4821
49190
1599
46525
53626
56543
6335
13315
8421
6616
9188
249
45497
17406
5127
513
17611
51913
59791
49400
47426
95
306
257
36135
20032
32470
4946
48609
18423
18610
7607
8230
57538
29479
8906
3265
781
30905
29374
19384
1314
7329