2048
12
13
0
2048
0
0
1024
4096
0
4096
64
1
0
8192
32
0
0
128
2048
0
256
512
1024
2
0
32
2048
32
0
8
32
0
2048
0
2048
0
256
0
0
32
8
0
128
16
0
64
0
2048
4096
8192
0
0
0
2048
0
0
0
8
8192
2
0
0
8
2048
0
0
0
4096
0
1024
1
4
8192
4
8
0
0
0
4096
8
0
16384
32
1
2
0
16384
2048
8192
0
0
0
512
4096
16
64
8192
512
0
64
512
0
0
1024
4
16384
2048
4
0
8192
16
64
0
0
0
64
0
2048
1024
512
64
0
0
0
16384
0
16
0
0
0
8
0
0
4
0
256
8
0
0
0
16
0
64
128
1
16
4
0
0
0
64
0
0
32
0
0
16
0
4
16
2048
0
16384
4
256
16384
0
0
0
4096
0
0
2
16384
0
32
0
4096
16384
0
0
16
8
128
0
512
0
0
0
0
4
1
2048
2048
0
0
0
0
0
8192
2048
0
4096
0
0
0
0
0
8
32
0
4096
0
0
0
4
0
4
128
0
0
16
0
16384
0
0
0
0
0
256
1024
128
0
64
2
4096
0
64
32
16384
0
2048
0
0
0
0
16384
8192
2
0
0
256
0
0
512