57
173
21
64614
49
55517
1366
61751
18380
23096
44305
37239
5882
13211
640
2612
43258
25648
21474
4070
26383
1020
38353
37816
929
4321
57171
25502
17483
12568
55519
24475
40674
42759
50641
46884
15306
17321
48271
15877
252
1276
14964
21404
30976
12750
7477
6850
18212
61516
12280
59946
6200
4416
33559
593
32290
8841
15004
55532
42255
17573
1075
17592
7483
65473
516
2243
26333
53
2428
62968
47579
55241
22660
331
4809
51639
9076
1023
64573
727
752
16299
35471
52312
18706
37622
6309
34417
2798
51273
18142
13141
2723
21407
12663
57229
12289
16453
64820
2890
24000
26699
20550
8551
462
17070
18967
29673
24708
51500
21410
7543
5040
59325
17417
3111
16875
20509
37538
48682
41418
14319
17014
42357
38986
43758
41533
8233
49861
10905
102
12794
18853
38263
131
10238
16408
22851
4284
19459
61939
2152
55657
52038
5086
2457
1010
23586
8269
1354
55352
5097
18300
306
2238
15221
16603
8564
52427
22622
21420
36788
58260
5071
61690
218
57526
19632
52208
55155
25147
1360
25778
971
444
42755
9302
54769
52703
392
25152
4758
6700
9716
18041
63738
12603
16314
51327
58217
2191
52481
42758
9719
12696
16752
912
1430
36346
60125
4600
2591
2231
16538
2283
38894
60791
12323
18576
6361
255
16605
8672
59622
55164
17185
494
23514
1450
60838
20174
952
11022
64887
14240
1330
8985
46803
44540
4577
503
5152
3349
4270
49285
11622
6517
22788
1968
60800
49447
4879
24885
136
8618
590
779
29080
20140
40685
61800
59295
2425
702