57
21
363
759
49
180
11074
4234
42696
20730
15269
62860
22294
48563
18159
34022
1002
8205
16575
1297
11677
20482
36864
1951
56064
490
50195
42353
14894
37727
16508
16841
1362
200
39546
1407
13082
60903
2895
1686
61217
34908
4313
510
32833
53851
436
61831
397
54733
39809
2678
12468
5184
20158
61030
8393
8344
50906
65088
31284
19219
28964
17618
58623
2957
20860
11028
47727
11616
10946
42528
255
37996
24512
16774
480
836
11504
14091
6408
6498
684
24683
4407
13228
3538
41313
36865
34569
2399
44458
255
1472
35048
24869
8290
8759
39620
17887
19706
2319
11422
26670
20619
4729
28276
7639
8958
65289
25594
4936
20726
15185
4505
16605
32494
3255
0
21039
4311
14839
28488
13541
44305
5366
57590
30
1024
21899
674
49401
8654
35296
62508
6717
400
35739
39477
6366
4220
4099
5796
62361
22882
40386
4374
38917
44432
33883
39436
33968
10304
26014
25814
27213
25088
35346
4719
49217
33278
33809
14404
30414
31518
3929
498
38763
19751
2288
37358
2210
37370
40061
29807
9443
128
56352
2322
8645
39360
39170
319
60134
48062
47901
52460
62590
14352
8887
18590
6903
8463
5098
33471
22038
127
57344
12789
27324
18446
6814
64529
55929
25180
16786
14015
405
64382
16841
56169
38808
20720
41819
62176
57271
21784
38846
51519
239
61136
3188
4048
8401
18655
1152
30722
7274
13056
21393
45280
4862
26372
22806
60185
2308
705
25026
2719
35734
36352
22880
11382
544
18372
59633
9023
21999
43136
18378
24827
22331
13247
11876
35031
27957