52025
65504
85
8
0
4820
17675
31135
49664
29803
8764
2423
5373
24192
44953
52624
64496
43758
47228
43921
8919
61
43498
65188
16401
29
64519
8702
9458
19234
25761
30016
29408
511
13724
1537
4469
8708
3055
16738
691
1812
0
2906
3792
10320
12992
59989
59082
64464
43341
83
8200
4096
52480
55578
24698
45844
64420
30149
1036
1265
41154
2752
50048
42903
47314
1089
191
19559
52861
8658
665
1007
2248
57763
4604
5056
58856
37838
2143
13912
61097
40698
62826
57327
1780
1266
20376
6470
2777
49675
25090
51690
47329
11425
63456
51210
30200
50978
64
130
45423
20682
18464
43624
47784
8
1536
45587
7120
45204
36528
43965
51674
47122
510
46447
20528
59881
7521
12544
35878
40587
21272
45
21768
10573
33906
41485
573
13931
18059
656
494
16431
17404
20405
313
50029
7704
53717
42980
11671
16460
12299
12823
10380
62568
4590
371
1010
24576
1279
54666
20729
19624
29412
17408
2612
27584
4224
32348
33785
11548
6549
48804
20697
46432
6706
1207
54864
42218
17798
50581
59812
8448
14744
51296
2559
49588
31700
16543
50095
43783
53503
14144
31671
26177
64770
5568
8760
64897
6034
58694
22014
516
8192
2584
56861
60624
41738
63270
437
1022
21170
5952
57892
2303
4334
21925
38361
253
52659
41452
1536
23728
13858
111
46656
776
40186
5120
1434
8959
48191
0
17440
11356
134
29228
16412
1600
49303
8447
63056
20108
33369
37778
34902
57680
18723
46870
34525
2304
34454
56165
13153
536
23683
53700
2654
2398
4323
2816
48398