58
684
8413
144
641
8322
513
1028
64
0
36
16384
5
6664
256
22528
2048
16386
33
1344
16
128
9488
16448
36
12324
16928
16512
128
12288
137
512
4160
64
513
48
11266
16512
24624
1040
69
6146
0
584
1040
24576
4160
16
8449
514
8200
4225
16392
22544
322
68
64
4616
4352
3072
16384
8256
8193
0
10240
1024
17408
2305
2112
8
256
44
0
8
16484
8225
1312
21120
66
1088
164
264
41
8832
520
16384
1
16
720
8266
769
16424
576
8320
16448
8448
8
16
256
8224
20544
12290
24577
26690
272
384
384
17
1024
20992
66
2048
16384
8224
32
3336
1024
0
2
18449
18560
21
4
8201
4161
4
24832
8197
544
12800
1072
513
66
73
3080
16432
1036
2048
4225
18561
6400
1154
64
16385
20672
32
28672
10240
6400
20530
408
1552
1152
2816
17792
4096
256
64
2096
16384
2048
6144
21506
0
416
1056
8192
1
2
4355
2177
1025
4168
1028
258
6
2048
4096
9218
4120
0
8208
26624
24576
2
2053
16384
16440
0
16464
128
9024
18528
17536
128
2052
1536
8232
36
16
530
8192
518
34
13324
17696
2048
320
1024
128
20865
2560
12308
5441
4152
384
64
4352
2336
1027
224
3
256
1280
384
32
16392
17472
2048
16448
64
1282
9216
161
1024
128
68
0
0
16
98
8192
8224
64
80
44
8288
594
1030
9480
17160
4640
672
2056
2049
16385