57
172
21
16
641
130
513
1028
64
0
52
0
5
6152
256
18432
2064
16386
1
1344
0
128
1296
16448
36
8228
544
16512
128
12288
136
512
4096
64
513
32
10242
16384
24624
1040
68
4098
0
584
1040
24576
4096
16
8449
514
8
4225
16384
20496
322
4
64
520
4352
1024
16384
8256
1
0
8192
0
1024
2049
2112
0
256
36
0
8
16420
8225
1312
20608
66
1088
132
264
33
640
520
0
1
0
704
8264
513
16392
576
8320
16448
8448
8
16400
256
8192
16448
12290
16385
10306
256
384
256
17
1024
16896
67
2048
16384
8224
32
3080
1024
0
2
16401
2176
21
0
8193
4097
20
8448
8197
544
8704
1040
1
66
65
3080
48
1028
2048
4224
18561
6400
130
64
16384
20608
0
20480
2048
2304
20528
400
1552
1152
2816
17536
0
258
64
48
16384
2048
6144
17410
0
288
1056
9216
1
2
4099
2049
1025
4168
1028
258
6
2048
4096
9216
4120
0
8192
26624
24576
2
2053
16384
16424
0
16448
128
832
18496
17408
128
4
1024
8232
36
16
18
0
514
32
9228
17664
2048
320
1024
128
4481
2560
12304
1345
56
384
8256
4096
2304
1025
224
1
256
1280
128
288
16392
17472
2048
64
72
1280
1024
33
1024
16512
68
0
0
16
98
8192
8224
64
336
40
8256
594
1028
1288
17160
4640
160
8
2561
16384