57
21
18453
8
49
0
18432
516
32
2320
4098
1728
4355
528
8320
512
1
4368
8320
6209
4224
10504
16384
1040
1280
1024
928
3728
32
513
520
2340
32
2048
5128
2560
8320
272
4272
8704
4384
552
4100
192
16656
608
24640
132
2051
4097
10240
8228
8196
2176
10369
18
1280
64
2052
128
4099
8258
514
24
2112
130
4
192
5152
16416
1152
16385
16644
24576
4
1032
512
32
1025
4100
1064
8192
16384
160
1033
16642
10
8
2050
12288
128
320
641
520
12864
16
96
8448
17024
0
96
8706
19456
0
3140
1668
16384
8
2085
257
12288
537
1088
1024
16672
2592
2128
65
2048
1122
513
581
1058
2177
272
16434
648
4402
8328
2
17408
523
8200
1044
4102
2
2304
5128
64
4112
48
17
12296
8256
1152
1
8276
580
0
17408
1026
8784
40
8192
32
1024
784
146
144
524
4112
2048
18432
16736
16388
400
24580
8192
1168
4096
4096
17664
8192
16515
12288
512
32
256
5121
4096
1024
0
657
4621
384
9248
4620
512
257
320
2048
16388
0
10496
2113
18
16896
0
512
18436
10240
6272
7
2056
1056
4352
320
16
257
1736
1056
128
4116
12
8736
9472
0
0
5
640
0
4
656
258
16592
1026
16
0
16384
0
900
9229
16640
4096
72
16386
20512
2088
193
19504
2080
0
2560
64
9220
2112
8256
16384
9236
18530
16388
264
4096
66
16384
0