47417
42
21
0
0
84
36857
2056
22029
8370
1280
2252
492
16709
2140
24749
2381
12
52205
42032
55784
25337
4652
11271
56223
18389
8749
45794
3807
17083
16526
4122
4096
4351
57266
49848
1210
512
12053
35190
8447
53633
1024
4267
63064
2303
18944
20784
8200
9235
10363
46024
37492
51055
9469
15870
21152
3064
51109
10236
87
15006
8414
6458
3666
16902
50969
8449
8702
759
48474
64249
178
2332
58261
45323
19488
1019
367
63795
12617
63918
62604
772
2065
2682
46277
2038
95
119
7184
21412
16390
289
17427
24799
687
21948
6447
51868
17486
1501
20972
2349
636
38
1252
10880
4819
383
45466
43612
1168
19739
413
0
27183
23020
1022
30231
9150
4588
3377
8720
1631
39786
22528
3593
60222
2330
44573
5442
12546
443
39360
11778
3106
521
3588
4608
25226
3135
50034
685
8328
16646
63080
20334
4287
45953
7322
23946
32497
43877
47625
4598
1629
26688
43191
16432
2068
42703
255
223
8708
2939
1592
4264
514
690
144
36517
62045
30207
78
28864
6720
54095
57198
32409
17655
39497
35985
4160
39747
25611
4751
17893
19703
65103
53208
21058
12816
4864
8707
5886
1271
20582
20988
51
52824
16
5622
44436
1158
25258
53940
35885
16795
8369
2254
849
56667
8265
8472
684
8490
260
58532
63501
2052
1950
10382
52487
38173
45631
1664
24783
6010
61991
47119
514
57060
9272
14038
53401
8
3872
2992
8320
16417
1024
462
6327
2169
16575
1680
4096
1818
495
65232
368
28775
3483
2560
1034