8
524
4109
128
2
0
10
32
8
0
10240
4352
0
0
4
32
1024
4
20480
0
2048
4
0
2
257
4
8
32
0
16
2
0
0
0
16
0
1024
2050
2560
2048
2064
8256
0
0
16416
4096
528
0
5
264
8
0
1040
0
128
0
0
1024
16
128
4096
8192
0
2
1
8192
1
33
4096
0
0
64
8193
8
0
0
36
0
18432
5
4
8
0
16
8192
0
16384
32
528
128
0
32
4104
0
512
1152
1
0
0
16416
16384
32
4100
6
0
0
1028
256
4128
64
4
1
2
8
0
0
12
16384
4
512
4104
1024
3
2
16384
8192
2
256
64
2
6144
16512
0
16384
18432
128
0
8
64
272
16384
0
8
640
0
1536
0
2560
0
264
0
0
513
256
1
6144
12
16
132
0
80
1026
0
0
0
64
8192
16384
0
256
512
256
4096
4
0
2112
8704
512
4096
0
2052
0
16392
8193
32
8192
4128
8
64
0
0
2048
2048
64
514
384
4160
8
0
288
136
260
0
0
16
1040
16
192
256
9216
2
0
5120
0
4096
0
128
4096
1056
160
36
0
2048
520
1024
0
0
128
2
4
32
8192
16384
72
0
0
0
0
0
16416
0
0
256
528
0
0
260
0
64
4224
2
128
0
4
0
48