57
10027
21
11011
0
84
36857
21263
22029
18363
32522
31447
492
16709
2140
24749
17517
12
52205
42032
55784
27406
4652
11271
56223
31470
17479
45794
3807
23512
16526
33655
4096
4351
57266
49848
1210
512
36155
41629
8447
60586
18730
4267
10372
2303
18944
20784
8200
41284
10363
46024
51880
10660
9469
19509
53520
3064
51423
10236
26515
15006
8414
25209
3666
16902
56155
28740
26178
24124
54688
64249
178
2332
58261
45323
26988
29333
367
63795
12617
25343
62604
22103
15205
26319
46277
25933
16823
14043
7184
44799
16390
15230
34673
24799
2831
21948
6447
51868
49330
1501
26706
2349
636
38
1358
26603
4819
383
776
43612
16384
19739
413
0
27183
41313
25716
30231
9150
25189
23723
8720
7643
39786
22528
3593
10174
33435
57503
5442
12546
443
39360
39305
3106
521
3588
4608
25226
3135
50034
685
8328
29335
63080
36097
4287
45953
7322
23946
32497
44286
47625
4598
27897
52445
43191
16432
29364
42703
27809
223
8708
2939
1592
23542
514
37380
144
50768
27573
16729
78
15646
6720
54095
57198
32409
49835
39497
35985
4160
15027
25611
29257
17893
19703
65103
53208
21058
26064
11457
8707
5886
1271
20582
45192
51
52824
15065
29214
59487
1158
25258
53940
35885
16795
8369
7492
849
6447
8265
8472
684
8490
260
58532
63501
2052
10875
34378
54246
9181
45631
38212
34738
6010
61991
47119
17897
57060
9272
14038
53401
28916
3872
2992
8320
16417
33762
462
8106
62561
16575
33670
7927
1818
43482
65232
368
17499
3483
11006
6665