57
65504
15131
59775
49
2425
17440
17408
18931
63462
14363
5323
47113
53884
8439
5223
2815
29201
25478
23612
894
55048
6914
49733
62014
64497
16702
2446
24734
502
26631
14552
11496
12194
51170
2239
25062
64713
16392
703
4346
1106
65395
38785
478
8
9326
1279
41611
8501
44112
13107
4692
46370
4124
39144
33141
2618
12395
37174
63360
26920
671
60527
41280
26217
43520
39660
24730
17435
50394
52727
26190
26861
62258
8945
51419
778
21041
5195
45086
32374
33024
49696
18432
170
63
31307
480
22888
20974
1581
53203
17160
8200
44928
51560
32640
35617
767
55423
45058
4514
13285
55046
12033
13162
34420
266
4367
43024
2453
22532
21237
1025
318
60804
1533
58250
33125
675
29283
23718
1838
15208
10238
39928
30697
5497
64991
53181
179
4163
1338
12557
54956
30603
31238
60414
39543
8196
14271
312
46615
55618
5166
59474
28868
10897
225
22629
62437
12886
17272
63863
20735
8476
1128
24445
44849
15024
2783
33689
2436
31556
22966
37000
30949
46935
48931
1363
7513
1126
4540
13004
17329
46077
52472
8329
142
32503
3120
35684
8539
132
29842
30778
1122
48184
11569
40415
38138
54
2236
5544
26302
1560
1469
28298
43905
20314
8212
15914
19073
4800
2246
64
6863
31038
56086
21904
104
15059
27918
258
44127
34524
20662
38949
46435
18866
64303
155
10242
43918
32056
21245
15646
16900
39068
8680
7553
7478
56888
16515
4349
14605
16513
15078
11049
61805
53976
24109
2333
8288
33514
239
57510
9424
32076
8
11521
1049
15368
30084
912