16
16396
77
256
16384
0
0
2048
0
1
1040
8192
2049
128
0
9
4
256
0
8
2048
0
128
0
128
2048
2304
16416
6
768
528
8192
16400
4096
16384
0
4100
0
64
0
8224
4100
16
16384
1024
0
0
0
8
0
0
256
544
128
32
64
8
0
32
5
1024
128
512
1
0
256
0
512
8192
16416
6
1088
0
512
64
18
8
0
1024
8
32
4096
0
256
20480
1024
16416
4096
16416
512
2048
16
6144
130
0
8200
8
256
0
1088
132
0
32
128
512
512
128
0
0
16
5120
2048
64
16400
2048
4098
1
0
0
32
512
32
0
5
4224
16
40
128
256
8
8
80
2052
4
8192
0
64
8192
520
0
192
0
8704
513
4100
0
144
2
3072
4112
6
0
32
0
17
2048
512
4096
8192
0
8194
256
16388
256
4096
2048
129
2304
256
1024
2
0
1152
32
0
4096
5120
512
2052
514
0
0
1088
4096
0
16
36
4096
4096
1024
0
0
2048
16384
0
256
0
64
16
130
2048
0
16448
512
0
64
8192
16512
130
64
16384
64
16388
2
2
20
8192
16388
0
12
0
24
0
2
0
8192
2
2052
0
256
80
8
1026
20
16384
576
18
128
4224
0
8448
9
16
0
16
0
2
256
33
4096
16384
0
16384
10240
258
0