16
18444
8269
256
16384
16384
0
6144
0
5
1040
24576
2049
129
0
9
516
256
8192
136
2048
0
0
16
128
2064
2048
17440
6
17152
592
0
16400
4096
20480
16384
4228
8192
64
0
8224
4100
16
20480
1026
512
4096
256
8
0
2
16640
544
128
32
64
1032
8192
32
5
0
128
512
0
0
256
64
512
10240
16416
6
1090
0
512
64
8210
0
0
1024
72
48
0
64
16640
20480
1028
16416
20480
16416
512
2048
80
6144
130
8
8712
8
256
0
1088
134
0
32
128
512
520
640
1024
128
0
5120
2048
64
16400
2048
4098
1
8192
16
32
16896
32
0
16389
4224
144
44
192
288
40
72
16
2052
4
8200
0
64
8192
521
0
192
0
8704
513
4101
16
144
2
3080
16
14
512
288
2048
17
2048
2560
4096
8192
16384
8194
768
16396
256
12288
18432
128
2304
257
1024
10
2048
1152
32
256
4096
5248
512
18436
514
0
0
1088
4224
32
16400
1060
4096
6144
1024
16
16
6144
18432
512
768
0
64
16
130
18432
0
16448
512
0
64
9216
16576
1154
64
16384
8256
16388
16386
2
22
8320
16396
128
12
0
4120
1024
2
0
24576
2
2052
8
8448
80
8
1026
16
16384
584
18
1152
4224
0
8448
1
80
0
4112
0
2
256
289
12288
16388
16
16400
10240
16642
512