57
18444
8269
8448
16384
18432
0
6146
0
1029
1041
24576
10241
129
64
8
516
256
8200
136
2048
0
16384
16
4224
2064
3072
17440
38
768
1616
0
16400
4096
20480
16384
4228
8200
0
64
8224
4116
16
20488
1538
512
20480
1280
16392
0
66
16644
560
128
36
64
1032
8448
32
69
0
160
768
16384
0
257
68
512
10244
16424
6
3138
0
576
320
12306
0
0
1152
72
2096
1024
16448
16640
20482
1028
16416
20480
16416
768
2048
112
6656
128
264
8712
9
4352
0
1088
132
256
32
128
1536
521
640
1152
129
0
1024
2052
64
16400
2304
4098
3
8192
16
288
512
48
64
16389
4480
144
8236
192
32
40
72
16400
2084
2052
8264
128
96
8192
521
32
192
512
8704
769
4101
16
144
10
3080
16
4110
4608
1312
2048
17
2048
2560
4096
8256
16384
8194
768
16652
256
12352
18944
0
6400
259
1032
10
2048
1216
0
4352
4098
5248
512
18436
514
0
0
1088
4224
8224
16400
1060
4096
14336
1024
48
16
6145
18432
512
768
512
64
272
134
18432
0
16448
512
64
64
9224
16576
1154
2112
16386
9280
16396
16642
258
22
8832
16396
136
4
0
4122
5120
2
8
24832
2
4
8
9472
80
2056
1030
16
16400
584
16
1154
4224
0
24832
129
80
0
4112
32
2
0
2337
13312
16388
20
18448
10240
16642
512