57
18636
21
8448
49
19407
0
6148
510
1413
1514
24576
10367
380
67
107
1014
242
8208
139
2432
510
17248
494
4454
2550
3443
17628
38
864
1582
249
16877
4096
20504
16639
4378
8431
318
131
9183
4291
239
20688
1730
560
21272
1152
17256
0
33
16731
565
128
983
448
1223
8544
31
379
3
95
1011
16690
0
318
470
1022
10395
16854
6
3118
3
576
582
12317
255
255
1358
470
2140
1078
16607
16832
20685
1032
16862
20480
16607
864
2814
128
6680
448
344
8855
452
4412
510
1191
250
1022
416
256
1584
750
639
1536
89
24
1342
2299
64
16751
2400
4194
387
8192
239
172
524
332
88
16891
4576
147
8660
63
991
215
951
17171
2326
2394
8308
334
92
8576
631
44
318
280
8704
511
4101
8
366
53
3319
398
4302
4608
1312
2048
17
2534
2656
4303
8271
16384
8700
766
16756
511
12455
18968
54
6974
899
1032
10
2558
1368
240
4326
4146
5247
512
18683
514
766
3
1088
4223
8664
16878
1466
4558
14561
1534
12
233
6887
18815
512
766
575
70
994
25
18528
510
16575
1010
115
128
9709
16447
1154
2526
16782
9535
16447
16540
258
488
9062
16882
884
7
0
4578
5123
2
16
25550
508
155
251
9478
430
3063
1183
482
16784
584
406
1330
4230
255
25598
377
175
383
4463
382
2
718
2349
13720
16388
20
18458
10432
16642
512