49721
42
21
0
0
55493
40954
6148
510
37491
50912
24576
3663
380
58677
59228
1014
242
8208
139
2432
18388
17248
494
47438
2550
3443
17628
38
48451
40464
35034
16877
37087
15350
16639
4378
45258
64536
50780
9183
4291
239
13221
54166
560
21272
55121
15160
43983
33
16731
565
128
983
448
1223
7975
31
39488
3
95
35703
16690
40128
318
65172
49339
10395
16854
6
3118
3
10414
41724
34183
50355
58802
42496
470
2140
1078
12429
16832
60965
59827
51848
20480
16607
56327
2814
128
6680
448
57594
8855
452
4315
510
44001
250
1022
416
47001
56520
33669
639
55957
89
24
1342
27421
64
16751
2400
4194
387
62603
35449
48437
524
46547
88
16891
4576
147
63830
33216
61023
215
951
3472
46482
52181
8308
36295
92
8576
631
52641
318
280
64370
60016
4101
8
49628
62370
31291
398
54072
36306
1312
23502
17
47435
53444
50482
28435
16384
41564
766
16594
511
8451
42958
54
25161
899
1032
37728
54867
1368
58947
4326
4146
5247
38479
11337
514
766
3
1088
4223
8664
31100
1466
4558
14561
1534
12
65066
6887
18815
512
766
575
70
994
56402
18528
510
16575
1010
115
128
9709
16447
40114
56333
188
9535
53355
16540
258
35857
9062
5145
884
58924
0
4578
5123
2
43312
24045
508
54712
251
56609
34248
3063
1183
482
16784
584
406
1330
4230
35600
25598
377
175
60300
43643
36489
2
718
2349
64415
16388
20
18458
10432
50180
9987