57
42
43283
52477
52988
55493
7150
6141
42478
31594
40918
24576
3663
59759
58677
59228
24534
242
2046
139
2432
18388
17248
494
35126
2550
3443
17628
61906
48451
40464
35034
16877
10430
724
16639
46838
33445
64536
31541
9183
4291
239
40783
54166
560
21272
55121
15160
43983
47855
16731
40193
128
983
7506
1223
7975
31
39488
48071
95
35703
16690
38784
62461
44114
34101
35347
16854
6
42471
3
10414
11186
34183
25447
45925
42496
470
52748
1078
46651
16832
60965
37470
51848
20480
16607
17237
2814
128
6680
448
57594
50488
452
4315
510
44001
250
1022
416
47001
56520
33669
639
37162
37869
24
1342
7120
64
16751
30588
15740
387
22945
25603
48437
524
46547
59102
46341
44008
31897
61400
2369
61023
60758
951
27786
45070
37712
8308
8768
13508
8576
631
52641
318
280
64370
28897
52085
8
31306
62370
31291
45817
54072
33595
1312
63285
17
47435
24872
50482
19829
3681
39356
37469
53808
511
59231
19497
44432
25161
899
25270
32012
54867
1368
58947
4326
4146
5247
8606
58775
39503
766
3
1088
4223
8664
31100
1466
4558
14561
1534
12
65066
46695
18815
37182
766
575
36284
994
56402
18528
41525
16575
44327
60583
128
9709
16447
40114
47420
188
9535
53355
16540
43564
35857
9062
53312
54682
58924
0
4578
5123
2
3696
24045
508
54712
251
56609
34248
49449
62903
482
16784
584
57258
62277
39320
20769
25598
36232
44733
60300
43643
36489
2
54231
2349
64415
53264
43801
18458
50630
50180
9987