57
21
15
360
49
18
2112
16513
12288
3
2818
16400
4
8194
2146
22528
4098
5120
32
8194
16388
129
4104
273
12306
2307
8448
4096
2048
40
0
1048
8392
1024
2128
5120
612
8
4160
1
4
8208
2
40
10496
12288
1
10304
4186
512
24616
1024
1026
256
4644
1280
18445
2432
516
4256
20
82
1098
8228
3088
4480
146
514
2050
98
2113
0
2
16384
8200
128
193
0
256
16
4096
8208
224
4128
5132
72
8
4098
2048
512
4160
7296
9
128
1040
3088
320
17
20512
16737
16
34
2
1
304
512
14338
2304
24576
12
1288
34
18464
656
148
20480
8
2
8354
8
4496
0
66
5
2560
8
2048
16384
130
8
544
768
16
2112
1296
2120
1024
8724
24576
8256
276
2064
12354
17
16472
17
8192
1
768
2048
80
29
162
8328
8256
256
12800
519
16384
68
160
4484
14376
8224
18560
1344
0
16384
32
2116
28740
4608
16385
16387
38
8192
0
259
0
4609
16640
12544
2560
1
128
3169
40
16392
5444
2310
392
5
5
84
4736
70
288
50
4
3072
12352
4120
16448
19458
19712
288
24609
0
144
9232
0
2
4
897
8193
1088
24712
2100
144
514
32
10528
10368
3
9
32
1041
1152
16906
18
4096
2052
1024
259
288
160
6210
16896
16416
4224
8736
16390
18432
17408
8208
1040
522
8448
130
154
2120
2052
18432
264
16704
160