57
65504
497
19563
49
29179
2112
16767
13583
27654
9991
59430
20252
12559
2146
33837
4130
49698
31746
8700
16890
42664
24377
16424
17450
60974
51
58703
12512
40
0
61733
11368
57153
21490
64580
4286
15405
29836
23155
251
39827
2
28286
48558
3674
1
48286
57860
1022
35131
47257
8298
256
12944
13787
53771
2174
1018
31707
490
51421
16582
8666
38638
4222
5332
1020
2301
98
9351
17989
2
16894
62108
60693
193
12107
2892
54841
2208
35553
7363
4128
5618
19869
502
46000
20055
767
15821
7296
9
32756
21419
3088
20384
238
20703
14437
18003
22439
48692
1
13111
40656
14338
16342
24576
47308
21878
9036
44800
30066
362
20735
8
61142
8354
34157
55134
0
189
250
2560
42730
2048
43134
51581
23288
14562
36613
1139
30020
1262
29260
16656
38950
46749
8638
234
25352
20811
41263
16472
10436
24646
4241
768
22933
80
483
25402
30497
8638
47670
45368
519
16384
28034
62304
33288
45770
8224
18560
11641
56562
16894
6344
33635
28740
60758
16895
32951
38
8702
43872
6836
58924
4862
23732
14290
3070
1
17392
21080
48400
59262
59324
10179
12358
39299
59269
20844
30466
6604
222
57276
251
3072
28168
53454
25171
22727
40548
479
36591
42349
111
35574
510
253
29214
897
2944
23917
25656
20966
41900
514
61912
10528
31804
24507
50102
9664
1262
4420
17396
36736
63436
2052
26248
259
479
95
61589
16896
23054
4224
38334
27338
18687
17918
16354
1518
13056
18158
380
29324
8618
17398
44271
264
16704
58526