8
525
4109
132
514
128
10
32
8200
16384
10244
4352
32
0
4
32
1024
4
20480
8
0
4
2048
2
257
260
4104
8224
0
16
6
8192
0
0
80
8192
1024
10242
2560
2048
2048
8260
0
4
16424
20480
560
4096
4101
264
8
0
1040
0
128
64
4096
3072
16
128
4160
8192
0
2
1
8192
1
33
4100
16384
1024
96
8193
2056
0
16384
548
128
18432
5
68
8
16384
16
8196
0
16448
32
784
16512
4096
4128
4104
16
16896
1408
1
0
64
32
16384
33
4100
14
0
2048
1044
256
4129
96
2052
65
8194
24
4
0
12
16384
68
1536
4104
1024
4099
130
16386
24576
514
768
64
2
6144
24704
1024
16385
18432
192
128
72
576
8464
18432
0
16392
17024
0
1540
1024
2560
16
264
2
256
513
256
4097
6160
140
16
148
4096
8272
1026
0
128
0
64
8192
16384
0
16640
8704
272
6144
8196
8192
3136
8704
512
4128
4
2052
4
16384
8193
8224
8192
4128
8
64
0
1
10240
2304
64
514
400
4416
8
0
2336
648
260
2048
0
0
17424
0
2240
768
1024
2
4096
4096
0
0
0
128
4096
1120
160
36
256
2048
520
1536
1
0
128
2
4
33
8192
16640
72
8192
8192
0
0
4
20512
0
0
258
528
32
0
16644
2
64
12416
258
2176
0
1028
1024
8240