385
8200
22
2980
49
124
16783
772
8192
3064
8448
2280
456
512
8755
3072
4567
52
16640
6148
516
8198
16508
67
2560
12688
4430
16565
70
252
885
4337
8293
947
3
25158
66
712
16384
12292
8270
32
4332
4152
574
266
123
100
5061
24632
8704
8586
25402
2
16576
25102
0
832
18432
10595
16
9775
91
256
1026
2650
594
268
4288
1047
256
512
3844
20490
74
4255
20634
72
412
3056
12
6337
16448
16401
2139
135
20
256
55
655
230
8752
0
24838
237
8
8592
17274
1240
18448
2320
1792
841
1519
1374
1598
43
4192
144
286
18444
560
1348
0
8532
8
64
572
2647
17196
4956
466
19276
6874
372
4122
936
1968
833
4192
504
17410
2152
2280
10240
20
17263
436
858
2
47
2118
423
26988
186
5139
2013
388
4466
1068
445
16716
4300
636
192
2123
1483
34
454
8416
3074
8284
1448
1071
2219
426
4
1
0
254
1564
9216
1031
394
50
2061
513
4104
4189
155
18464
48
796
794
52
17167
10240
183
16408
520
1785
13056
8868
3024
16664
4
18321
4096
546
6144
8583
8
72
16482
17500
11023
1092
1968
16904
64
16416
605
24578
9268
8256
1156
9286
150
583
2220
1040
304
5648
688
4610
8193
17416
4098
385
16453
4545
8201
10348
928
8649
17547
62
8192
10384
2337
8561
2064
80
4268
112
16420
16904
10412
1296
381
12293
10252
832
226
618
1073