35641
57312
21
0
256
4693
17691
22941
49728
29803
12860
18807
5213
20096
44953
52624
48112
43758
47228
43953
25303
125
44010
61094
2065
4253
64519
9215
9462
19234
9889
29760
29408
507
14236
1025
373
8708
1007
16738
723
1796
128
858
3664
11344
13000
59989
63182
64212
43373
19
8448
4162
60800
55610
24698
45916
64420
32199
1052
1777
45250
10432
50048
42903
47250
1089
16575
19559
52861
8594
665
1007
2252
57763
4605
5056
58856
46062
95
12824
61098
40570
61802
65391
1788
242
20380
6470
2809
49689
25090
51562
47297
11393
63464
51211
30200
59298
64
642
45423
20683
18465
35432
47784
0
3584
45594
7105
45236
40688
43961
51610
47130
510
46959
20528
59881
7520
12544
35878
40075
21264
45
5400
2381
42096
41485
573
15979
18059
2688
492
47
21468
20405
313
54124
7704
53717
42980
11671
16454
12427
4631
10380
62568
16878
114
17138
24577
17919
54728
4345
17576
29284
17424
2608
27584
6528
32333
41849
11532
6581
48804
20681
46176
6832
1719
54865
44234
16782
50613
59812
24832
15768
51232
2559
53684
31684
16542
50091
60167
54527
14080
31671
26184
64770
5568
9752
64897
5586
59718
23934
516
8192
2588
52765
60496
41730
62246
16821
1022
29362
5952
49700
6399
238
21921
46553
445
36275
41452
544
31920
13986
111
46656
776
39674
5120
1434
13055
48190
8192
3104
11356
1158
29356
20508
1600
49174
8447
63064
24204
33371
38802
34898
57680
18723
46358
33501
6400
34710
56164
4449
16
23683
55748
606
382
4211
2816
46348