52025
65504
21
0
0
4821
17691
31133
49664
29803
12860
18807
5245
20096
44953
52624
48112
43758
47228
43953
8919
61
44010
65190
17
157
64519
9214
9458
19234
9377
30016
29408
511
13724
1025
4469
8708
1007
16738
755
1796
128
858
3664
10320
13000
59989
59086
64208
43373
83
8192
4098
52608
55578
24698
45852
64420
32197
1052
1265
41154
10944
50048
42903
47314
1089
191
19559
52861
8658
665
1007
2248
57763
4604
5056
58856
46030
95
13848
61099
40570
62826
57199
1788
242
20376
6486
2809
49673
25088
51690
47297
11425
63456
51210
30200
51106
64
642
45423
20683
18464
35432
47784
8
3584
45595
7104
45236
40624
43965
51610
47130
510
46447
20528
59881
7520
12544
35878
40075
21264
45
5384
2381
42098
41485
573
13931
18059
640
492
47
17372
20401
1337
50028
7704
53717
42980
11671
16462
12299
12823
10380
62568
494
115
754
24577
1535
54664
4345
19624
29284
17424
2608
27584
6272
32332
33657
11548
6549
48804
20681
46432
6704
1719
54865
42186
17806
50581
59812
8448
14744
51232
2559
49588
31684
16543
50091
60167
53503
14080
31671
26176
64770
5568
9784
64897
6098
60742
24062
516
8192
2588
56861
60624
41738
62246
437
1014
21170
5952
57892
2303
238
21921
46553
189
36275
41452
512
31920
13858
111
46656
776
39162
5120
1434
8959
48191
0
1056
11356
134
29228
16412
1600
49175
8447
63064
24204
33369
37778
34898
57680
18722
46870
33501
2304
34454
56164
4961
24
23683
53700
606
350
4339
3840
46350