51993
65504
21
0
512
6869
19739
31165
49665
29931
12861
18805
1149
19072
45017
52608
48120
43758
47212
43953
8915
61
44010
65190
19
413
56327
10238
9394
19234
9377
30144
29408
511
5532
1025
4468
8708
1007
17250
8947
1860
128
986
11856
10320
4808
43605
59086
63696
43373
1107
8192
4098
52608
55706
24826
47900
64416
32197
17436
1137
41090
10944
50049
42902
47314
1097
191
19558
52861
8658
921
1006
2504
57763
4604
5056
58792
47054
93
13336
61099
40570
62762
57199
1788
16626
20440
6230
2777
49929
25088
51690
48321
11425
63456
51210
30200
59298
64
642
45423
20681
18464
35432
45736
8
3592
45595
7104
45236
40624
44989
35226
47130
510
46447
20528
59897
7522
12544
36390
40075
20752
45
5384
2397
42098
41485
569
13935
18059
656
494
39
19420
20401
1849
49772
7704
53717
45028
11671
16478
12299
8727
8332
62569
430
99
754
24577
1533
54664
4345
19624
21092
17424
2608
27584
6272
32333
33145
27932
6549
48292
20681
46560
6704
695
54865
42186
17806
50453
57764
8456
31128
51232
2559
49590
31684
16543
58283
60163
54015
13824
31671
26176
62722
5568
8760
64961
6130
64838
23806
516
8448
2589
56861
60624
41482
62262
436
9206
21170
5952
58020
2303
238
5537
46553
189
36275
41452
16896
31920
13862
623
46658
780
39146
5120
9626
8957
48191
0
1312
11356
130
31276
18460
1600
49175
8447
63064
24200
33369
37842
34898
61776
18722
46870
33533
2304
34454
57188
4961
280
23683
53636
734
334
4339
3840
42254