65355
2273
35859
3
16484
57382
19772
23187
27262
29966
12962
56822
51789
19084
15261
39669
50160
43758
55758
2513
34063
61
43860
64853
3821
24502
56777
25032
9612
49829
9230
30400
29408
127
5202
49206
47178
18220
47499
43540
8812
17609
31
532
11470
22973
60012
8567
58921
27299
60681
1324
8934
43372
52320
55682
25594
48092
3034
31882
17698
59083
62139
10912
50049
31916
55888
176
28489
3410
52861
8650
4309
33
2391
29753
11190
6808
58788
62762
3069
26917
61012
32378
17417
10254
26382
51268
20038
35262
2582
49929
18146
18583
58748
37888
59502
13979
30200
773
494
60600
4309
20681
38513
35674
45720
43553
44804
45265
7107
45266
40319
53139
35226
19524
35094
46444
20687
2516
30743
2566
36414
45799
46616
65325
47112
24542
34805
28398
6843
40659
17529
659
289
54955
19388
20353
43597
19579
8070
5186
12288
12921
39096
20709
36822
8371
3945
2180
99
754
24577
1485
4130
22220
60050
21163
17424
3022
797
8543
32333
25932
57044
10808
8159
43298
11896
6860
26228
26914
10065
18795
50346
2150
9912
4019
46403
2559
13311
14311
18342
17559
7260
53784
13458
31671
33528
65483
68
4855
2113
36494
56605
36405
514
8901
2770
56861
29504
41482
64049
28461
8970
37501
5958
58020
2303
46
5742
46554
189
36275
41452
3187
21983
33027
535
46705
1011
38934
9948
12318
8754
49672
153
15203
19846
26716
18441
30403
17670
55808
19240
60288
47502
33430
42651
61347
61598
18722
15170
5399
6448
34423
56411
31832
19216
24451
53370
25659
27473
4492
62988
42737