57
4578
35859
3
32360
43
19772
23187
27262
29966
12962
56822
51789
19084
15261
39669
52224
43758
55758
49143
59211
61
43860
64853
3821
48591
56777
25032
9612
49829
9230
30400
29408
127
5202
23164
47178
27729
1201
43540
8812
33266
31
532
11470
35562
60012
8567
58921
2565
60681
1324
8934
32064
52320
55682
25594
48092
7188
31882
17698
59083
17657
10912
50049
21103
40660
8502
40333
3410
52861
8650
4309
33
2391
1743
25602
6808
58788
62762
6045
38006
61012
11296
37213
28003
50874
51268
20038
64279
2582
49929
31038
38900
58748
64351
59502
42236
30200
7784
494
60600
28731
20681
61657
35674
45720
43553
732
45374
7107
45266
40319
62212
35226
38442
35094
46444
20687
13899
54159
2566
36414
51554
46616
35623
47112
55645
34805
28398
13117
1878
17529
659
289
54955
19388
20353
19809
19579
8070
22223
45084
12921
39096
20709
51048
8371
3945
2180
99
754
24577
1485
19132
47463
34506
21163
17424
3022
797
10496
32333
19090
26140
15069
33413
53193
16160
6860
26228
3192
43433
19736
50346
2150
11368
31076
46403
2559
42931
62470
44124
17559
7260
53784
13458
31671
33528
904
68
63284
2113
1359
43425
42744
514
9354
2770
56861
29504
41482
64049
56824
8970
59722
5958
58020
2303
46
6208
46554
189
36275
41452
3187
21983
52188
535
46705
1011
38934
14266
12318
8754
51177
153
15203
27754
53313
18441
42154
46574
60859
19240
16491
52090
33430
47753
21650
61598
18722
15170
5399
6448
34423
56411
58703
19216
24451
53370
50486
56653
4492
32008
42737