57
17
197
512
384
181
10932
4173
42563
20796
15194
64844
21999
47539
26144
34078
556
8947
16396
1041
11616
17170
32780
1648
55876
418
50388
42375
15345
37216
16442
20914
9554
200
56192
1399
12828
60736
2944
3688
65339
34876
4313
512
33604
53668
4468
61816
396
56339
39746
11144
12420
4163
20236
59929
16585
8328
50748
64003
31652
23330
29220
17644
62913
883
20920
10987
39664
3430
2754
42784
96
40040
18958
17342
472
797
12303
9975
22787
15202
4819
24715
4403
13290
3693
41573
45444
34774
2465
35922
0
17504
33046
16730
12381
8712
56002
16675
19968
2296
11360
26858
20619
4757
32356
7895
8961
65520
25405
5092
20496
29550
4506
16423
32512
4023
256
21200
151
14341
32584
13575
44048
4105
57676
4494
8384
20875
709
49428
270
35296
62476
3651
366
52379
40501
23328
4172
4829
4773
37798
22784
39996
4378
35034
44528
34139
39626
34216
8264
17484
28072
27337
25366
41580
4992
32832
32768
32817
14528
13966
23184
3961
2508
46955
19714
2314
37248
2396
36868
40327
21904
9415
16
53344
258
55
55488
37122
417
60056
48064
47931
52648
64384
12352
2871
16670
4609
8335
878
33288
21992
0
57376
20745
27458
18832
3008
62700
51327
25432
18320
5120
626
57984
821
57110
40852
16624
45848
45792
56906
5428
46664
51648
51
60624
3127
3536
41
26656
1241
22528
7191
15184
29474
45096
4900
18180
18937
60398
2311
8903
24638
10593
35730
36356
6560
11401
128
17188
60238
8772
22288
40973
18120
24590
22320
13251
2779
35620
28395