39993
65504
17
3
0
61645
9190
40572
64
22343
44850
37120
768
242
62594
23359
49635
17268
16835
46544
28740
59
3577
3553
11751
223
63417
439
30975
8440
1112
4433
8703
38594
25186
5822
19342
14556
45094
12416
52756
8556
4378
64321
9345
1004
4100
433
24370
15144
739
62491
28703
50
486
22666
26416
58128
65104
3116
21962
4909
75
638
17726
2306
62944
17030
7743
1267
13957
20337
17871
23493
4349
4364
20111
61343
7902
2658
28046
31904
33483
30794
2402
2056
2191
38994
25130
323
56032
28580
238
17378
14012
3514
59187
500
55246
12655
43718
4032
47930
510
49300
256
32552
26027
177
4163
16748
838
14436
255
53458
35436
15975
759
53513
3773
35464
412
20504
57972
40218
57300
29236
1344
18684
51715
43094
41566
60538
6338
24639
16656
4486
10664
64408
1275
53208
128
9471
26624
10076
11153
58443
26830
4159
2054
16540
29329
23708
280
53540
24205
42872
448
648
8274
7047
65364
9
31613
1038
17025
27032
62021
7936
32169
5120
9347
6
80
54713
508
51452
6419
82
63811
18528
45145
53026
37189
24568
40055
366
20822
20579
543
8414
15549
3332
8672
8376
39718
62267
37315
40223
28262
35959
488
24946
16388
19966
64664
34264
17408
15879
16448
16575
16684
1530
25352
63291
16765
37401
52293
38504
664
26841
4926
54274
258
1023
61184
44940
7247
55194
3450
49725
51080
6379
9366
1560
12083
48630
7655
51949
63896
34095
62847
11745
41426
22566
48103
39622
14979
290
460
29048
24780
1023
3076
2302
6660