57
21
28947
509
49
26172
9190
40579
17480
22201
44850
37375
1023
13
62594
23233
9004
17034
16835
46383
53967
196
23823
3358
12799
289
63302
439
60443
14116
38883
4271
8703
38594
25500
5822
19313
42093
45528
12670
52796
8595
4378
64446
33965
14144
6962
79
38242
22873
540
62949
29153
29953
14108
22645
36256
58128
65104
13581
21556
4909
3826
641
38208
22590
62494
17030
25543
1267
21195
20366
48504
23493
4349
23895
20111
20909
9583
2972
28046
32688
44422
30794
2461
2056
2417
38994
62170
189
11896
28250
238
25210
13891
7193
59187
267
54832
12655
57898
3903
48069
510
49259
4712
32552
25685
5661
4541
16748
1320
14491
0
20240
35730
16281
777
13421
3773
35447
1243
20504
57972
53398
57300
59208
6588
39292
51715
8408
41566
17150
6338
24639
16656
17934
10326
64408
1275
53208
128
9473
26624
14898
11118
59718
26830
49511
10893
30002
29329
23708
230
57460
24205
42630
319
14886
45456
7047
9205
4267
31613
1520
28710
27032
17644
7936
31831
5630
9347
15781
175
5364
508
51203
23886
173
63811
33556
56078
63634
62322
46184
5097
144
20905
20636
736
8414
15549
3332
8672
14088
6555
16008
1794
40223
28262
55632
488
24973
48282
64662
4965
57766
46031
16120
16830
16575
27045
24270
25352
63173
16765
46537
19860
38551
26227
26841
4926
54274
252
768
61182
44658
23090
45410
3461
29961
51080
6421
9366
2022
38328
18380
41459
51949
63590
51487
62847
11295
51218
23000
4610
11300
39034
477
460
33394
24780
1023
28664
30461
6907