512
18468
93
8320
352
1024
8
24712
64
24706
18561
0
1024
4096
18440
1056
96
12
4098
128
68
12288
16512
16472
516
5216
320
1088
6152
25632
11
513
8
2088
2
8200
768
80
8
26628
1028
34
768
524
1024
0
0
16512
256
16392
24
136
256
2152
0
4288
16392
384
2096
18
24576
4
1032
0
12416
2
2048
2561
2048
132
1
4132
16
1120
2
2432
1056
4
8320
4128
2048
6
0
32
34
3074
262
12288
66
16394
24592
1032
128
2
24704
1
0
2052
64
144
8
8192
8
576
1024
513
2048
8704
64
38
0
320
0
16453
8192
16
1027
4128
2176
256
28672
36
64
16392
4628
128
16384
2
24
4112
16388
256
1056
0
9216
0
8704
8704
388
256
9218
520
16960
534
32
1
9728
96
18464
12545
208
8
134
2048
1600
128
530
4608
1040
8240
256
16448
4098
128
2144
522
16400
0
10274
640
325
8192
8705
4098
4230
128
1
0
4225
256
192
0
1056
4096
10368
8
8
9216
8232
16384
8706
168
1584
1
3096
144
4128
2
256
4352
80
8
16385
8336
1024
17410
18432
16
644
2080
40
16
144
16
8
4097
8200
8192
260
0
1024
4
8708
8192
2
8324
16768
16
192
33
8200
1
8
4112
0
262
4
64
0
2568
264
1280
34
128
4240
8322
17413
0
66
16
130
130
16384
5248
7168
8196