528
19492
95
10368
352
1024
8
24712
0
24706
18625
2
1024
4160
18696
1056
97
12
12290
144
1092
12288
24704
16474
516
5216
320
1089
4104
25632
4107
4609
1032
2600
130
8200
768
2128
2056
26628
1028
35
8960
524
1536
4096
32
16516
256
16392
24
8
256
2152
8192
4288
16392
384
10288
16
24608
4
1036
0
13440
6
2080
2561
2048
132
8193
4134
18
1120
1026
2432
1064
6
128
32
2064
6
0
32
50
3138
262
8192
64
16394
16400
1032
128
2
24704
4097
8
2308
65
144
8
9216
8
580
17408
513
2048
8704
65
294
1
320
1024
16453
8192
16
1027
4128
2048
256
28704
36
96
16392
4756
144
16416
2
16
4624
4
256
1024
0
9216
0
8192
8704
388
256
25602
521
16960
16918
32
8193
9728
16480
18468
12673
208
8
134
2048
1856
128
658
6656
1040
12336
256
16448
4098
128
10336
520
16400
512
10786
640
321
24576
8705
4098
4230
640
1025
0
4225
256
208
0
9248
4097
11392
8
8
9216
8232
16384
8706
680
9776
16385
3096
656
4144
8194
256
4360
80
8
16389
8336
1024
17411
18448
18
646
2080
2088
16
144
528
520
4097
8328
8192
324
8
1088
36
8708
8192
2
8324
16768
16
192
37
8328
1
8
4112
16
262
4
64
16384
2696
8
1312
34
128
4240
8322
17925
0
66
16
130
138
24576
5248
7176
8324