57
19492
95
10369
352
1088
8
24712
1024
24706
18625
4098
1024
4160
18696
1056
97
12
12290
144
1092
12288
16512
16475
1540
4192
352
1089
4168
25632
4107
4609
1032
2568
130
8264
768
80
2056
27140
1060
43
11008
780
1600
4096
48
16772
4352
16648
1048
8
256
2156
8320
4288
16392
256
10288
48
24608
516
9228
128
13440
6
2080
2561
2048
132
8193
4134
16402
1120
1034
2432
1064
4
128
0
2576
6
0
32
114
3138
2310
8448
320
24586
16400
1032
128
514
24704
4097
264
2308
65
144
8
9216
16392
580
17408
8705
2048
8708
8257
294
16385
320
1024
16455
0
16400
1091
4128
2048
320
28712
36
96
17416
12948
144
32
2
16
4624
260
256
1024
0
11264
0
12288
8704
420
2304
25602
521
16960
16406
32
8257
9792
16480
18470
12673
80
8
134
2048
1858
132
658
6720
1040
12336
320
16452
4098
128
26720
520
16400
512
10786
2688
449
16384
8833
6146
12422
640
1025
0
4225
256
80
0
9248
4099
11392
8
8
9344
8360
16384
8706
680
1584
16393
3098
656
5168
8194
768
12552
2128
24
16389
8336
1024
17411
22544
18
646
10272
3112
16
144
4624
536
4097
8320
8192
324
8
1092
36
516
8192
6
8324
16768
48
208
37
136
5
8
4120
528
262
8196
64
16384
2696
8
1312
16418
128
4240
8322
17921
0
194
16
16514
138
24576
5248
7176
8580