14848
65504
95
10879
12544
1088
776
6664
0
24706
18625
13662
1432
4542
18911
2419
29184
780
12314
144
25248
12678
61952
16487
1789
4204
254
1087
52576
25632
52908
6593
50176
2568
32
39399
639
163
27936
27140
1060
38491
11059
44642
17408
36864
975
32388
4544
16644
12824
118
256
2197
8320
4336
16395
16861
10738
52806
49664
519
10184
128
13440
198
2758
29152
2366
434
8385
4326
16498
16016
43272
2419
1256
2
302
28290
2576
6
498
434
650
23627
2549
8472
323
10213
17134
63176
128
828
25471
4338
23552
2306
3916
33304
14464
9216
15136
604
17408
8910
54240
8955
8328
294
14940
703
1087
16828
0
31376
1091
12866
39516
35136
0
36
96
17559
12948
144
493
2
0
4649
20652
382
1024
0
28400
498
0
56653
60776
2355
25602
529
14592
55638
19968
25057
9792
16556
18712
12361
238
14472
902
2510
1700
58
50976
31808
26688
12750
320
16452
25760
230
26720
520
16782
512
10786
2802
44004
16615
13200
11706
12544
643
0
462
6788
429
303
48
44336
15843
11388
8
52144
9280
8360
62147
29192
594
1743
49344
6420
656
12288
13106
43736
8539
2131
485
16393
8336
6880
17612
38284
476
646
48160
3284
32887
16640
51984
974
4580
8380
8701
51456
27336
62960
228
519
20815
390
8324
16414
35445
42992
451
136
17099
15744
4116
272
12189
8199
64
57328
2696
11
1497
16418
128
20736
60786
17665
15231
12416
28
16828
137
33536
6015
7182
8578