11520
65504
21
10879
12544
1088
48898
2561
0
7801
18625
13662
1432
4542
18911
2419
29184
780
52232
144
25248
12678
61952
16487
39629
56659
25034
1087
52576
59651
52908
3909
20960
2535
50942
15265
59483
163
35028
27140
39676
38491
11059
44642
14292
36864
975
32388
42384
16644
12824
40515
256
2197
41546
4336
16395
16861
52152
52806
43972
519
10184
128
13440
198
2758
29152
2366
434
8385
44191
16498
58951
43272
2419
1256
2
302
28290
2576
39349
7420
35167
650
23627
2549
8472
30099
10213
1172
63176
128
828
59425
4338
59296
61089
3916
33304
13852
9216
7866
42997
17408
8910
54240
8955
39344
24396
49646
703
1087
16828
48014
8989
1091
12866
28134
35136
45072
36
96
60700
14500
144
493
35076
33536
60584
20652
382
1024
0
362
498
37496
24004
21076
52136
25602
36740
46820
55638
3440
59216
9792
9753
18712
46516
39768
14472
902
2510
1700
58
27012
31808
26688
12750
320
53250
25760
230
26720
63587
13032
37465
10786
2802
59024
15676
47332
46605
12544
643
45136
54045
6788
429
303
48
43898
5164
11388
8
25404
9280
8360
36870
29192
594
1743
49344
6420
43018
12288
13106
43736
45204
51083
485
3647
8336
4116
17612
2544
476
646
48160
3284
6052
50776
29755
974
4580
56804
8701
51456
8978
62960
228
519
20815
40870
8324
6716
27538
31500
451
136
13540
51864
40002
272
12189
8199
37203
57328
2696
11
1497
16418
52621
20736
34429
17665
14216
12416
28
16828
137
33536
57986
7182
8578