59
23
533
50467
2436
33280
40578
2048
1024
958
4385
38158
1006
6022
252
26046
1151
4536
16891
25676
9288
16672
11008
41241
22456
7297
13568
48928
49152
13757
52968
11380
33504
2558
528
46256
49372
12288
4564
42472
25472
16896
18028
60210
5503
32422
375
9169
3408
34402
58840
44373
8224
36580
27112
130
30720
16512
26880
8740
45232
60684
24960
16631
57344
444
23036
160
2056
24656
22368
57376
16894
25728
21992
52061
45416
1534
20714
16891
32768
45246
10496
59510
16408
0
17662
30008
19796
41962
36988
3296
10056
31487
8639
23400
36865
49279
16766
22816
207
28005
64512
17461
62080
9228
3323
158
1025
2049
2302
57724
502
1800
17168
8768
10008
35211
191
890
55232
40392
43960
1433
20336
59163
1520
48418
16385
42718
34308
13152
2207
4610
46324
16913
25665
8192
1
2516
56704
4128
64120
753
0
1
4736
2291
2558
3070
61440
5120
34820
40324
28076
14639
8209
52835
47592
734
25602
4176
46208
7421
14664
8192
19520
2738
31400
16548
44886
8447
442
8367
22188
27392
8840
642
2616
25813
44610
36347
255
29952
57344
6755
40168
13696
8412
40552
12791
47810
128
7456
60400
55753
63616
13055
45112
250
45296
2269
62122
1007
35380
17256
8243
61048
37376
20095
59392
9744
1492
16759
62632
55392
25982
12293
6056
1130
257
55808
40704
16583
49168
4351
8542
52297
54993
45374
1526
1024
19834
6029
5904
41170
52928
54835
6656
8574
18432
25572
412
11338
24480
42114
44594
35993
51264
58659
37688
10268
16708
0
7360
253