59
23
533
50483
49
33280
40582
2048
1024
1022
4385
38154
1004
6086
252
9662
1151
4537
16859
25676
9290
17184
11008
41241
22200
5249
13568
48928
49168
12733
61160
11508
37600
2558
528
46256
49372
4096
4560
42344
25472
16896
18028
60210
5503
32422
375
9169
3408
34402
60888
44373
8736
36580
25064
2178
31232
16512
26880
8736
45232
60686
24960
16887
57600
444
23032
160
2056
24660
22368
57632
16894
25729
21992
52061
45544
1534
20714
16891
32770
45246
2304
59638
18456
0
19710
30012
17748
41962
36988
3264
10056
31483
8511
23401
36864
49279
16750
22818
206
28005
64528
17461
62096
9228
3323
158
1025
2081
2294
57720
502
1800
17172
12864
9992
51595
191
890
55232
40392
43928
1433
20336
59291
1392
47394
16385
42718
34308
13156
2207
4642
46324
16401
27713
8192
1
2518
56704
4096
64104
753
0
1
21120
2291
2558
3070
61696
21504
34820
40068
28072
14639
8217
52839
48616
4830
25602
4176
46224
7933
15688
8192
19456
2706
15016
16564
48982
8447
442
12463
22188
26880
8840
898
568
26325
44610
36347
16639
29952
57472
23139
40170
13696
8412
36456
12791
47682
128
7456
60144
55625
63616
13055
45112
250
46320
2269
45738
1007
35380
17256
8243
60536
33280
24191
59520
9748
1492
16759
62632
39008
25982
28677
6056
3178
257
55808
57088
16583
49200
4863
12638
52425
54993
45374
5622
3072
19834
6029
6032
41170
52800
54963
6656
8542
18432
25572
412
11338
24481
42114
48690
36025
51264
58675
37672
10268
16708
0
6336
509