57
23
21
50476
49
33400
40578
2048
1024
958
4385
38158
1006
6022
12
26046
1151
4518
16891
25652
9288
16687
11008
41241
22456
7417
13598
49104
49272
13757
52968
11276
33504
2498
556
46256
49346
12288
4571
42472
25472
17136
18034
60210
5488
32422
391
9129
3488
34450
58784
44373
8280
36602
27092
114
30720
16512
26880
8916
45196
60788
24960
16632
57464
418
23036
160
2160
24736
22368
57376
16834
25728
21992
52005
45328
1521
20709
16891
32768
45134
10511
59526
16407
0
17662
30008
19876
41972
36979
3326
10056
31247
8639
23380
36985
49279
16766
22846
183
28027
64542
17466
62080
9228
3316
110
1025
2289
2302
57724
502
1800
17168
8798
10008
35255
199
885
55224
40436
43960
1433
20352
59141
1520
48418
16385
42718
34308
13080
2192
4610
46324
16913
25777
8192
1
2516
56734
4128
64120
753
0
1
4736
2291
2528
3040
61440
5150
34820
40324
28048
14611
8209
52835
47592
734
25602
4176
46208
7421
14678
8192
19520
2732
31414
16548
44886
8447
442
8367
22179
27392
8840
642
2616
25813
44610
36347
255
29952
57344
6755
40168
13696
8412
40552
12687
47666
112
7471
60400
55797
63616
13055
45094
250
45192
2258
62122
919
35380
17256
8243
61048
37391
20095
59392
9952
1316
16745
62632
55422
25982
12293
6055
1110
497
55823
40704
16583
49168
4291
8529
52297
54993
45374
1482
1039
19834
6029
5904
41164
52928
54979
6656
8544
18432
25572
416
11338
24510
42114
44605
36005
51264
58685
37688
10340
16708
0
7360
242