57
65504
21
848
49
512
513
12
6
8752
40
2048
4
0
2048
16
2
8209
16392
195
193
514
2
280
432
8256
2380
4611
56
448
274
896
512
4226
1088
800
64
2240
8
1040
16902
640
9026
8256
1184
16396
4124
281
513
6
8192
12
8
1024
8192
12
64
424
192
38
24580
24
64
704
304
0
4110
3584
0
16433
2048
256
8960
4
280
2244
16396
192
12
0
16640
16384
200
16448
385
1
8194
18
50
2112
0
516
0
8192
0
2104
8448
263
16404
4448
64
16560
1028
1024
0
450
8320
1220
4
8416
0
2432
12
4
1120
1088
6192
0
0
86
16512
7
2145
4612
1024
16418
2944
1052
64
512
112
260
5
28
4128
1032
160
12
4136
768
4
0
4100
2
8192
304
3
518
12
0
57
3
4864
2464
3
0
1936
8472
17152
2432
2048
16387
4
16
12
24583
1024
6
18456
310
9
8
896
22
4496
8260
4128
16640
131
0
0
515
16384
32
16384
1031
4
280
928
1
512
8288
258
0
28
2064
2062
160
1043
20
17153
1304
2120
384
32
1025
4
20
1037
16
130
8
513
10520
4
2048
16388
140
12480
8208
130
8204
5120
4097
12336
24579
19328
134
770
256
38
640
32
17170
12
0
20524
2049
1408
0
81
4
131
105
256
68
3072
72
0
4096
64
332
2050
16386
3
1024