54073
65504
21
0
0
1022
51193
41720
255
54007
215
55539
4
0
2303
16
2
8210
16392
318
511
37351
4
41449
384
7109
2368
229
41476
43491
61901
1022
1022
4226
1470
35837
446
2048
8
968
16896
576
8258
59477
37732
16894
4335
44754
513
0
8192
0
247
1279
8192
255
64
470
35270
223
24580
510
32
48320
40894
53439
59328
3584
0
16385
20012
42681
8702
40369
61109
2554
6322
0
0
40367
59568
16639
247
16448
39341
511
8445
52155
460
63269
7409
47529
510
8192
39586
2295
8448
34108
16420
1179
51832
16766
1275
1534
510
252
8574
1275
45464
8224
56210
58769
45199
506
42382
1152
43660
50826
255
175
16895
47496
2302
4612
900
16573
60672
1518
37726
1022
36282
258
507
43369
4128
40577
63190
0
62110
768
40302
53873
46966
63853
8702
296
0
512
255
46762
479
38248
4606
48366
0
510
1168
36292
16384
2048
40032
61279
253
16
510
24577
1279
16299
5975
206
246
247
128
5012
4590
8260
4574
10062
382
17639
510
63561
32221
33847
16384
36427
3798
256
61731
62786
1022
8192
33597
38718
39758
50988
2050
34202
1518
490
16638
59555
2120
19818
32
58933
247
490
1535
16
59307
59445
1023
10494
62766
2303
6435
382
12288
44890
125
8192
5375
51999
44352
24576
13854
382
2
57882
32
60825
478
62016
60692
510
20703
2559
1408
0
431
506
128
246
1022
38234
43530
183
510
4351
191
320
2301
16892
510
1534