36153
65504
21
0
0
1022
51193
31473
255
29678
215
55539
65272
0
2303
16
2
8210
16392
318
511
36818
4
41449
43624
57516
2368
229
41476
43491
61901
51167
1022
65377
49564
35837
446
2048
8
46241
51416
576
45336
45098
37732
46756
4335
15779
513
0
59086
0
40387
45973
59082
255
64
470
24146
223
24580
510
32
48320
40894
53439
59328
29306
0
16385
20012
22642
8702
40369
61109
40036
51738
54195
0
22624
32864
16639
37285
55962
39341
511
60583
52155
460
9331
7409
24472
510
60579
33604
2295
8448
34108
16420
40248
51832
16766
1275
1534
28206
252
8574
1275
45464
8115
33828
58769
45199
506
42382
46861
43660
50826
255
48696
8839
5270
2302
4612
900
52544
41346
1518
37726
35197
16952
258
507
43369
42138
39930
56910
0
40980
34933
40302
53873
46966
63853
8702
296
0
512
62895
46762
479
38248
4606
48366
0
510
1168
36292
8034
2048
11456
61279
253
16
510
3676
1279
16299
5975
206
58700
247
128
5012
56128
55189
12158
10062
382
38350
44438
49300
32221
57033
16384
35986
3798
256
61731
62786
1022
60481
893
38718
36492
50988
2050
14805
1518
31068
26734
59555
2120
2975
32
58933
53033
490
39215
51007
53209
59445
63531
10494
39512
35921
57203
382
12288
44890
36513
8192
5375
23104
24160
24576
47676
8120
2
27957
53306
37554
478
43095
60692
510
20703
64530
1408
37137
40655
59657
52622
246
1022
38234
43530
39872
64262
4351
977
52293
2301
65279
510
1534