2246
21
21
37639
49
46717
4341
64716
5116
4262
35334
24576
60660
642
2271
8288
37848
61456
21031
446
4350
26062
45544
16894
6528
2039
45679
58137
125
257
45102
42781
47
52769
51390
125
8426
61663
3040
50447
12790
48590
257
59434
3582
0
172
193
8202
8702
16734
30925
35520
51286
221
8577
17665
32
2271
56638
39612
40137
60723
574
0
1391
62983
735
59453
222
61950
7168
503
235
446
8161
8200
21504
1356
251
37420
61271
1
11386
24688
1088
64234
4096
64960
6638
52828
427
4097
30996
55944
8430
1096
42175
277
575
34616
33188
42804
129
58008
2704
5826
28981
39059
28583
34320
4658
54160
58989
59277
4353
5312
1152
0
207
45944
45203
0
22169
54396
974
4976
46190
510
9370
1152
53594
2554
1
6778
26610
841
191
8
12814
18432
1459
8935
512
4602
6415
58750
14228
9476
219
42712
255
221
255
16878
121
31030
192
8703
13921
21824
38210
32016
58753
214
7077
128
32289
1279
255
3320
55889
4481
2176
16952
36642
4731
55102
43748
65407
23252
45131
15508
446
528
27721
28200
57179
64700
50755
24080
33154
64096
512
13502
24832
8800
30006
273
1374
62864
2208
0
18892
64716
25753
4973
65527
381
53863
255
16673
2180
22389
325
4594
0
55078
59865
55071
1022
50448
43802
378
37055
64287
47450
51648
32826
51024
321
9441
62740
15445
11542
57872
38384
384
45696
328
23200
2550
144
51469
1268
60790
45584
26305
37776
4100
16464
15646
20976
6144
254
58883