77
140
11
2696
49
16476
505
20678
17411
20
16496
2147
2074
304
380
79
2667
110
12296
126
1943
8197
1062
3660
4096
16632
8249
1039
3643
16896
48
4126
150
4191
27106
9333
6325
706
5405
4208
4104
22
478
1120
404
2568
112
4400
96
770
8203
856
515
2460
3078
5600
2067
16395
0
1342
160
18480
8606
25032
19956
25592
164
8536
256
516
4156
16395
538
3412
10460
4256
11281
1
8295
2572
370
512
2054
2146
2064
2178
10674
9608
32
4120
4156
16662
387
1408
1216
33
8224
6130
304
8774
14152
1389
4096
1000
640
64
17424
9120
708
129
266
16623
4124
5636
272
52
24579
2908
1600
4345
8768
4274
550
28
4527
311
4111
2056
1231
10576
19224
258
8896
32
3888
11358
26
266
560
4104
395
1053
2584
123
66
1144
8196
3
67
526
21592
145
2704
0
192
515
2082
8265
40
15
8592
560
5112
3016
1348
396
1566
12288
129
30
240
624
122
16798
280
8245
13008
12
8224
6392
16666
24771
5080
4880
8
8215
16932
0
20288
4232
498
814
4848
25
4157
4117
17
20480
4355
35
1328
527
20569
4288
8233
16560
1409
834
286
517
4352
16648
9732
392
4366
12474
8192
436
161
8
6147
1440
9036
0
64
2280
1922
16
660
2156
1510
540
1193
4544
17600
1036
20628
8996
3168
8468
16384
1024
280
9088
2057
16480
4672
4120
252
209
2055
188
10337
2328
260
93