24
8328
4563
7254
262
2
96
576
3744
16900
8963
8192
776
27
227
4612
129
1226
1072
10382
2052
9216
4672
584
24579
1024
1728
0
2224
1056
16416
960
4442
1030
2817
21272
17298
25
1130
225
412
592
10240
28
403
6339
8252
8204
1124
826
160
9760
2304
256
6656
33
17218
44
512
8352
4
1052
1222
20576
16468
16776
19850
8320
10
137
1200
16
74
756
16410
8270
80
4210
12388
128
1026
9476
4248
4392
4111
24
2158
5144
2072
68
12492
2332
1152
6360
516
263
20764
97
16389
88
26656
37
26
39
20640
17073
8210
2
283
16388
64
98
16392
8706
84
16390
8297
704
2146
8226
414
8
9216
5133
12310
44
112
2050
768
8206
10
436
134
2656
1025
16844
527
2048
3488
576
698
0
179
8215
852
716
1496
4576
4
1026
24
4240
4355
10448
4100
1632
4108
416
2053
53
128
8192
2376
128
2088
5248
208
18996
24594
140
160
14336
17472
926
8672
4618
4110
3265
1412
4137
27520
4736
18437
4867
712
3072
457
16409
388
8192
18611
48
24
560
4124
8291
163
16460
566
2404
12806
9
1566
4484
2360
448
1384
16900
2208
9112
560
0
834
23056
4108
16410
68
16384
770
12289
96
18436
3592
78
689
56
608
904
520
3480
811
780
4994
224
293
16508
4111
16401
3104
4993
8230
128
24984
4104
800
2160
16834
28676
224
16
8
527
199
1140
231
256