24
8328
21
7254
262
2
224
576
3744
17156
8963
10240
17160
27
226
4612
129
3274
1073
10382
2052
9472
4672
584
24577
3072
1728
64
2192
1064
16416
960
4442
1028
2821
20760
17282
17
1131
97
412
596
10240
28
403
6338
8252
8205
1140
1850
168
13856
2304
257
6664
33
19266
44
512
8352
4
1036
1222
20576
16468
16520
19866
8320
10
137
1200
8208
66
1012
16410
9294
80
4466
28772
128
1026
11524
4248
4904
4109
28
2158
5144
6168
68
12492
18716
1184
6360
4
263
20764
65
16389
8280
26656
549
26
38
20644
18097
24594
8194
2331
16388
96
98
16396
8962
8276
16390
8297
704
2114
8226
1438
8
9216
5645
12318
44
112
3074
768
8206
2
436
134
2656
1025
16844
527
2112
11680
592
702
0
179
8211
852
716
1432
4576
0
1026
24
4224
4355
10448
4100
1632
4108
480
2053
53
128
8448
3400
128
2088
13440
464
18964
16402
140
160
14336
17472
910
8673
522
4110
3297
1412
4153
27536
4736
18437
4899
648
3072
4553
16473
388
8192
18579
48
24
544
4124
8291
179
16462
8758
2404
12806
9
1566
4996
2328
480
1384
25092
2208
9144
4656
0
834
22544
4108
16410
100
18432
771
12288
96
18436
3592
78
689
56
608
776
552
3544
811
780
4992
736
357
16508
4103
20497
3105
4992
8238
128
24984
4104
800
2164
18882
28932
224
2064
8
527
2247
1140
2279
258