33849
65504
21
0
0
2
48792
576
3679
17402
42985
61427
1015
60119
285
5114
129
1226
1486
33896
2299
9471
4672
950
24828
59111
1728
49379
49203
7398
16416
46497
54586
1273
3070
1013
55112
55234
1130
225
355
942
48598
28
403
6339
53396
8204
56372
965
95
10206
57290
256
7166
33
17084
62963
767
42020
55752
1506
60040
3873
16555
16776
19850
41531
63430
137
1358
239
38914
45227
16410
43878
56580
4210
12388
128
1026
48051
4248
59696
51899
231
37946
54671
62056
68
7538
2332
1152
63177
51366
263
20764
26783
25300
40693
26847
218
60542
39
35024
50760
168
33068
283
10903
191
98
52759
8706
43064
16390
41762
830
2146
7013
41254
8
9726
4754
12776
25650
24467
2050
1023
8206
245
48453
134
45019
1278
16691
1009
55159
3423
57908
581
53617
33573
8681
852
818
61332
4576
41840
1532
24
1495
4355
10448
4100
1695
4339
59651
2053
459
128
8192
2487
382
2518
5247
60202
16419
23876
25121
160
14846
4370
57779
47236
4618
4110
3265
38866
4567
27520
4990
53071
63308
712
41541
34498
52574
379
8702
18765
207
34648
57358
4578
8348
39391
60807
968
63444
13304
9
1566
4484
51308
448
922
17147
2208
57078
719
0
957
23534
44316
16613
54242
64807
770
44360
48066
37185
4086
432
689
38231
671
887
520
3480
811
754
4989
20579
474
10406
4111
16401
3104
4735
8664
61071
6822
50466
1592
2160
16701
28923
224
50678
502
527
199
1418
231
256