51257
65504
21
0
0
21767
15774
19271
30823
17402
9715
28414
5379
50161
13099
31753
29329
1226
1486
33896
2299
9471
4672
950
24828
59111
1728
4633
16235
7398
33854
46497
10842
18202
3070
18712
55112
29745
29072
225
4235
942
48598
10055
403
16112
53396
22843
56372
24054
22161
10206
57290
256
18794
33
17084
62963
767
42020
55752
1506
24774
31072
16555
16776
51982
35076
63430
137
19604
25398
38914
500
16410
43878
14672
33983
34226
18895
20050
52484
25578
59696
51899
19260
37946
54671
62056
27037
7538
2332
1152
27942
51366
263
46460
26783
25300
40693
26847
218
60542
39
35024
50760
168
33068
22663
10903
191
98
19591
26739
43064
18041
33546
18099
2146
7013
54430
8
9726
13581
12776
25650
26129
2050
1023
8206
245
48453
134
45019
13444
51777
15225
55159
15849
57908
22737
11006
33573
8681
852
12884
61332
4576
41840
11665
15022
1495
23451
10448
4100
1695
4339
59651
2053
5738
128
8192
24921
382
2518
5247
60202
16419
23876
55242
15434
30889
4370
21344
47236
4618
4110
13682
38866
9610
53556
4990
19973
65027
712
41541
6198
64793
32823
8702
18765
7054
34648
16591
4578
8348
47779
60807
968
63444
13304
9
1566
11343
51308
448
20584
17147
32880
15047
26273
0
957
23534
11208
19132
54242
64807
34742
44360
48066
37185
11220
432
6289
38231
3457
887
520
56930
811
42176
4989
20579
15044
10406
21755
22782
16654
63564
21704
24192
6822
14357
1592
2160
18227
28923
8920
30440
5872
527
26563
1418
231
20991