272
16460
333
256
18440
128
8
2176
16386
5
16
0
65
8322
96
513
268
257
8
64
1024
2
1
4
512
2064
3088
34
258
8192
24
0
16
4104
16384
2
148
16388
81
0
9216
20608
8192
8192
3072
128
0
1
8
4
1056
0
768
1024
32
0
1024
8224
96
4
4096
0
8
2048
2048
9472
8192
544
8192
1056
68
1024
0
524
64
2
8
0
1312
36
32
0
0
512
16402
1024
4136
4100
40
16
2048
0
4096
2
8194
8208
1024
256
4
576
384
0
4
416
0
2560
644
1
64
18
1296
0
0
81
8192
4160
515
16
0
144
0
10
32
8196
4610
48
328
4096
272
8216
128
16
2052
0
32
0
16456
64
8
32
128
4100
512
512
4100
8
16
16402
5120
176
4100
0
40
64
16384
2
8256
96
256
2048
514
0
16384
40
48
2056
128
3072
8192
0
7
24576
4224
2050
0
4736
4225
2562
8196
16
8
24576
1024
2048
0
0
37
12288
4096
16384
4
1024
0
16384
16384
8448
8336
1088
16
1152
0
2080
16384
0
8192
18
9216
1160
130
1
8192
16384
4100
6
2048
1028
0
16385
1056
5
516
16
16384
0
1
8192
2
3072
256
1792
224
72
2
1029
16384
513
152
16513
128
64
16
2056
18
0
0
40
4
0
48
4100
16384
0
16384
2048
16640
16386