57
21
21
22790
49
39697
42410
19271
21623
18956
9715
28414
5379
10789
8007
31753
29329
1226
1486
33896
42787
9471
4672
950
24828
59111
50420
4633
16235
36640
33854
46497
10842
41440
3070
18712
31264
29745
29072
225
4235
942
2686
60829
403
13642
53396
22843
56372
53848
35061
10206
57290
256
18794
33
1324
62963
767
42020
7744
1506
24774
52190
16555
16776
914
26128
63430
55571
19604
25398
38914
21126
1494
17916
14672
55641
34226
18895
47858
52484
654
59696
51899
46566
51430
54671
57624
27037
7538
47058
1152
27942
51366
32709
10812
34145
25300
40693
12199
218
60542
39
35024
50760
168
47320
22663
10903
191
15902
19591
34645
43064
18041
10226
18099
2146
7013
2174
7930
9726
13581
12776
25650
26129
64256
1023
8206
245
48453
64398
45019
24976
51777
54409
48777
22781
28256
22737
11006
33573
43557
852
43382
61332
64774
41840
27835
15022
1495
23451
10448
31340
55765
4339
25463
53057
29608
128
23362
57501
382
2518
5247
60202
16419
23876
2332
8262
30889
4370
21344
51168
4618
21358
45780
62618
9610
53556
4990
19973
65027
712
50473
41898
25743
23847
8702
18765
39180
5336
20049
4578
8348
47779
54939
52564
63444
37144
61851
946
45947
51308
448
20584
17147
32880
15047
28649
0
36709
23534
11208
23146
49554
17625
34742
55550
48066
40187
11220
432
6289
38231
3457
887
520
56930
811
42176
45853
20579
15044
10406
52435
19160
10986
51208
21704
24192
37458
14357
22048
21082
33567
28923
8920
30440
5872
35333
26563
1418
231
8701