42009
65504
53
3
0
2556
16512
51668
4692
8249
3071
9999
2
53010
17536
18976
51418
1408
55384
10396
1557
23639
14844
43655
2877
46163
8
2080
23256
5598
4474
65367
37842
15333
50052
36043
17995
25108
13266
8343
36604
8422
40059
3374
991
19567
1208
50326
4288
2252
9232
17854
10498
17878
6875
11399
46326
32514
6912
59754
23257
37501
52040
24577
33009
322
59329
14322
37030
60747
5343
27553
30709
19803
68
29590
18833
5443
4224
58224
53801
2046
33812
33345
2554
10236
14258
4314
3068
4682
3436
31857
15707
13488
3263
8515
4696
10955
54676
24743
2073
62635
41168
30004
61414
34924
33422
4467
31944
55839
18779
59133
45176
26928
25462
55088
834
58315
17905
468
16518
2301
3098
16574
2112
22397
34282
2286
8512
59006
8774
27404
49680
4371
4129
42912
1572
5570
38300
15299
29162
49412
52159
15641
48180
2368
74
30471
62221
4362
463
30470
764
38188
60992
17700
31032
94
4860
4329
4142
17907
15180
16473
2492
17420
222
37
16639
14761
22519
59321
4343
45337
14682
25952
42212
30556
9436
11829
25588
4598
2688
18653
21515
7271
1223
30138
16614
7353
537
8201
17666
53457
4480
25537
60585
15045
5590
25947
6143
33379
14226
45470
57593
510
16704
25097
3258
8270
28338
20483
42662
18637
5370
25574
12332
61599
53097
11630
16092
11990
12160
12532
16875
7135
2896
2787
40811
40990
27749
61006
5278
4896
25021
25451
37591
34274
416
13238
8274
586
21953
16887
865
23204
8959
42481
26682
2080
8426
48138
3071
24697
45080
58488