42471
65504
491
3
255
2812
17022
51250
4266
8257
2753
9981
769
52771
17694
18449
51691
1377
55387
10480
1769
24279
14748
43649
2878
46284
502
2502
23252
5592
4485
65448
37450
15067
49530
36811
18298
25451
13278
8343
36580
8985
40325
3104
830
19965
1982
50289
4569
2477
9424
17735
10654
17444
7142
11399
46326
31997
6910
59754
23462
37693
52048
24583
33015
433
58430
14187
37030
60468
5870
27361
29706
19622
116
29073
18798
5443
4738
58230
53785
1803
34155
33472
2333
10236
14157
4325
2562
4692
3475
32131
15509
13520
3257
8527
4838
10955
55193
24614
2086
62632
41168
29898
60952
35234
33687
4467
31991
56223
18852
59133
45215
26880
24694
54990
748
58315
17905
42
16664
2355
3097
16719
2271
22140
34061
2320
8414
59239
8825
27378
49680
4639
4209
42333
2010
5389
37997
15311
29162
49460
52032
15400
48172
2495
79
30585
62245
4340
316
30407
1019
38188
60992
17594
30970
416
4866
4567
4579
17932
15091
16489
2383
17420
33
276
16641
14807
22135
59000
4343
45287
14757
25952
42215
30365
9440
12283
25106
4409
2930
18653
21899
7846
1470
30394
16614
7356
553
8201
17660
53551
4480
25406
60585
15043
5285
26203
5630
33646
13983
45374
57607
510
16672
25326
3141
8393
27949
20480
42903
18892
5691
25598
12524
61599
53142
11921
15836
11304
12160
12650
16403
6816
2768
2576
40534
40990
27749
61006
5278
4830
24655
25323
37588
34082
416
13129
8274
630
21836
17143
737
23236
8803
42176
26629
2064
8229
48137
2048
24710
45287
58752