24
19410
21
18816
57
0
16384
16384
1152
24998
16703
6911
5128
16894
8328
3323
2527
16650
4746
0
9280
4097
4476
16619
9343
1183
0
64
2304
8497
24790
770
4928
98
444
8192
8201
8623
10760
12530
506
1021
770
528
272
16801
17118
4349
1535
24613
16871
499
393
12064
16384
224
4215
9120
2849
192
8204
2080
73
2048
25054
4606
18943
512
19458
2174
1494
6469
103
1535
384
128
4574
1285
17278
4506
508
3072
16641
4350
8414
3168
70
12292
767
770
25216
1169
395
2551
18875
509
36
2270
833
276
127
8447
8
27136
2556
18944
255
8701
4271
734
220
97
1530
24992
252
544
1058
544
2300
4606
24576
2309
378
17398
4863
144
4168
500
16952
4377
265
17
1279
4610
13312
10240
1022
2576
776
12542
2494
25341
257
550
151
9468
9435
70
18688
6721
239
8406
2306
545
18043
12638
6913
1280
2542
8622
2559
16384
6656
8705
2302
2564
24
260
12511
350
1023
9463
11262
1006
4901
2048
1534
265
2303
4225
63
47
1239
4640
639
4142
9
4608
12288
273
958
334
3584
190
5578
238
5359
784
1040
32
1088
4620
17919
125
3328
16893
18926
273
18701
254
16641
16664
6142
528
5110
2287
265
17
239
2373
382
2558
8446
2
245
187
24767
262
2433
528
241
2559
12
281
33
578
503
8272
8678
10486
17878
274
20520
17404
4113
146
16603
2303
576
239
274
117
24833
2171
5375
3077