56
21
21
18816
57
0
0
16384
1156
25006
16703
6399
5128
16894
8200
3323
2527
16394
4618
0
9280
4097
4478
16491
9471
1247
64
64
2048
8497
24822
514
4928
34
8636
8192
8201
8622
10248
12531
506
1020
770
560
272
16801
734
253
1535
24612
16871
498
385
11040
0
160
4215
9088
19233
192
8200
2080
73
0
25054
4606
16895
0
19456
2170
1526
6405
103
1534
384
128
478
1285
17278
4504
508
2048
16641
4350
222
2144
6
8196
767
258
25088
1041
395
2551
18619
477
36
2270
833
276
127
8415
0
10752
2558
2560
255
8703
4271
222
220
65
1530
16800
254
544
1058
32
2301
4606
24576
2309
378
17398
4847
128
4160
508
568
4377
264
1
1279
4098
9216
10240
1022
528
264
12542
446
25341
321
548
215
9468
9467
70
18688
6209
239
8407
2306
513
18171
12670
4865
1281
2542
8622
2303
16384
4608
513
2302
2564
16
276
12511
478
511
9463
11006
494
4389
2048
1534
257
2303
4225
59
47
1239
4608
127
4140
9
4096
8192
273
958
334
3584
190
5578
238
5375
272
1024
32
1088
4108
16895
125
3072
16893
18926
272
18693
254
16641
16656
5118
528
5118
2303
257
16
239
325
510
2558
8958
3
245
8379
24639
262
2433
528
243
2559
8
313
33
834
503
8272
486
2294
17878
258
20520
1020
4112
130
16603
2303
576
239
274
245
24833
2175
5375
1029