57
37
13
18816
441
0
0
16384
1180
25006
16703
6399
5128
16893
8248
3299
2527
16394
4666
12
9304
4121
4542
16491
9471
1247
67
67
2048
8689
24822
898
4934
36
8639
8195
8249
8622
10344
12531
762
1020
782
560
272
16417
733
251
1535
24612
16487
498
481
11040
192
160
4215
9088
19425
192
8200
2064
69
384
25053
4600
16895
3
19456
2166
1520
6405
103
1534
384
128
466
1285
17278
4760
412
2060
16653
4350
222
2144
6
8196
761
258
24832
1041
395
2167
18555
477
36
2258
881
468
191
8415
0
10752
2558
2304
255
8691
4271
350
220
65
1530
16800
248
547
1058
32
2301
4862
24576
2309
378
17350
4591
128
4160
508
568
4569
264
49
1183
4100
9216
10240
1022
544
264
12518
478
25341
327
551
183
9468
9467
38
18688
6209
367
8407
2306
513
18171
12926
4877
1153
2536
8616
2297
16384
4614
513
2290
2562
16
468
12527
478
487
9271
10982
493
4581
2048
1533
257
2279
4225
59
47
1207
4992
115
4138
393
4480
8240
285
958
302
3590
166
5578
142
5372
144
1216
224
1100
4300
17151
113
3072
16893
18830
272
18741
254
16665
16656
5118
720
5118
2303
269
16
239
329
504
2558
9086
15
245
8379
25407
518
2433
912
147
2559
8
345
39
834
407
8240
486
2294
17872
257
20520
1018
4112
154
16731
2291
576
236
274
245
24839
2175
5327
1029