37632
65504
21
0
0
3840
510
16384
53520
25014
640
45611
21600
16893
34516
3100
2208
16621
50178
255
43768
4121
4184
16491
9474
1215
446
67
48612
8689
24936
898
4792
36
8269
19049
8441
8545
64160
12300
37136
514
1001
32826
288
64653
803
5516
1376
24636
17049
65090
274
11072
62632
11113
5680
9088
18975
44096
8296
2542
69
408
24643
4600
16895
11721
19966
12558
1295
44506
88
1534
51052
127
61712
1285
21092
33986
415
2108
46484
17747
33
2462
6
8964
737
35428
24830
489
25612
2441
18555
35
60
2258
33860
42
223
53499
0
10752
2558
50910
255
8508
56020
16800
196
449
49152
16832
7
931
1500
16
2301
4864
25086
62493
43996
17185
2944
131
4239
2
50944
4569
65040
61
50484
51732
9216
10240
998
23072
15004
12544
466
25245
14884
601
36080
9468
33936
30674
216
54009
65088
4776
2557
513
18181
13310
5106
1404
2838
14168
58368
16576
28824
513
21768
25617
112
39244
11712
472
487
9673
42700
115
1452
32285
1341
257
16560
15667
91
47
1353
4988
27624
52773
393
30080
8387
227
990
9528
12416
40358
5580
63018
38848
144
1087
44576
1205
4308
17151
113
43264
36225
2292
464
34848
254
16612
16622
4865
8272
4350
2291
365
494
49286
61325
23680
2054
7492
18927
1013
53188
25305
11090
2686
912
365
2559
502
20225
39
55956
407
48547
153
2057
47392
13886
21288
708
22988
154
16603
40127
52352
239
274
58679
28644
33463
5425
9210