37632
65504
50772
0
0
19200
47092
49152
50176
25014
640
45611
21600
56537
61336
34972
2208
27325
50178
255
43768
4121
63376
19227
39472
1215
446
67
64064
8689
24936
898
4792
36
47028
19049
12548
46853
64160
55764
37136
514
1001
32826
288
64653
803
5516
1376
6012
21218
23846
274
11072
2464
11113
5680
35712
18975
45760
8296
2542
54198
408
24643
65016
16895
11721
19966
39622
1295
954
35008
26478
51052
59701
37056
1285
21092
33986
40880
2108
46484
41193
44756
40822
6
8964
737
46276
40120
489
9296
2441
4394
54781
60
2258
33860
42
223
53499
0
58880
2558
50910
255
8508
56020
4384
44088
449
49152
16832
7
931
1500
51024
2301
54528
34576
62493
43996
39131
2944
131
4239
2302
50944
4569
65040
52791
50484
51732
55296
43008
50736
23072
1048
12544
466
25245
14884
601
36080
4796
33936
30674
216
54009
45312
10520
60472
513
60930
63690
5106
17676
2838
12632
58368
16576
28824
513
21768
25617
112
46932
11712
16280
487
9673
42700
58767
26344
32285
1341
257
16560
48553
91
38715
20454
49572
22208
52773
11844
54400
8387
227
23928
9528
12416
43558
33944
64510
28416
1552
1087
1056
1205
4308
17151
29851
43264
36225
32464
464
34848
17758
65288
17962
4865
4752
4350
65301
365
494
49286
61325
23680
42798
7492
10033
1013
53188
25305
11090
2686
912
365
2559
502
1001
39
8436
407
48547
153
2057
19968
41086
39888
708
22988
154
19058
42863
8192
239
7572
53087
7280
33463
5425
13830