272
16396
5
257
18432
0
10
2176
2
65
16
1024
65
134
32
513
260
257
8192
512
0
2
0
128
0
2048
2064
48
8194
256
24
4
16
5120
18432
2
20
4
80
0
8192
22528
4
8192
1024
0
0
8193
8
1
32
0
1792
128
544
0
1024
48
32
132
0
0
2056
2049
2112
1288
8192
544
8320
36
2116
1026
0
644
192
2
136
0
1280
4
8224
0
1024
544
16390
1024
20512
4352
8232
1040
2048
0
4096
6
6
8464
1028
256
8196
1600
384
1
0
388
0
2568
648
4097
64
16
1040
0
64
17
8192
4160
3
0
0
16
512
0
32
12
4608
48
72
4096
257
4120
128
8208
2564
0
512
16
72
16448
8
0
128
4
8704
512
4100
8
0
16386
5120
48
4100
0
32
128
16464
2050
8192
96
8448
4096
2
2048
16384
96
32
6144
128
2048
0
8192
3
16384
4224
2048
8
4224
4096
514
24580
8210
64
8192
9216
64
0
20
36
4096
4098
0
16
1536
0
64
16384
8448
8208
320
16
1156
8192
160
16384
16384
0
34
12288
1160
194
1
8192
0
36
2
0
4
0
16385
1024
5
512
20
8192
128
0
8192
2
3072
64
1280
96
8
1026
5
16384
640
25
145
384
64
128
2057
8208
0
256
16416
262
4096
2096
12292
16384
8
16384
2048
256
2