256
17420
21
4353
18432
0
138
2176
2
2113
8208
1152
97
134
32
521
2308
257
24576
8704
0
0
0
640
0
2048
3088
48
8258
4352
24
4
16
7168
18464
2
84
20
80
256
8193
22528
2052
8192
1024
128
1
8193
8
129
33
256
1536
128
546
4
1024
48
32
132
512
4096
8
2049
2128
1288
8192
16928
8576
36
2116
1027
2
132
224
16386
140
0
1288
0
8224
0
1024
544
16390
1088
20512
4352
8248
1168
2080
0
4096
6
6
8496
1024
256
8228
1616
384
5
0
388
1
18952
648
4105
64
24
1048
32
64
81
8192
4161
3
0
0
16
544
0
48
12
4608
48
72
4352
265
4376
128
8208
2564
0
640
16
72
24640
24
0
128
4
8704
512
4100
8
32
16386
1024
8240
4100
4096
32
2176
16464
2050
8194
608
256
4104
18
2176
16384
608
0
6144
0
3072
512
8192
3
16384
4224
2176
8
6272
4096
16898
25604
8210
64
8192
9216
64
0
148
4132
4608
4098
32
18
9728
4096
320
16386
8448
8208
320
16
1668
8192
160
16384
16640
256
34
12288
1161
194
1
8192
4096
16420
2
0
4
512
16513
1024
21
512
52
8192
132
1
8448
66
3072
320
1296
224
8
1026
7
17408
640
89
129
386
192
128
2057
8208
0
256
16416
262
4160
2096
12804
16384
8
16400
2049
1280
2050