1280
21
21
6401
18560
0
138
2176
3
2113
8464
1152
16481
134
32
8713
2308
257
24576
512
256
0
2048
640
0
3072
3088
112
8258
4384
536
4
16
7424
18464
2
84
28
336
8448
8193
22528
2053
8192
1024
160
4097
8193
8
131
33
264
17920
128
546
5
1024
48
36
132
512
4097
8
6145
2132
1289
8208
21024
8576
292
3140
1043
514
644
224
16386
140
0
1288
0
8224
0
1040
1568
16388
9280
21536
4352
8760
1172
2080
256
6144
2054
6
8240
1024
768
12324
1600
384
1029
0
388
1
18952
2696
4105
64
24
1049
32
320
17
8192
12353
3
0
128
1040
544
0
48
12
4608
304
73
4352
265
4376
128
8720
2564
2048
644
16
72
24640
24
0
128
4
8706
4608
12292
8
36
16386
1024
8240
5124
4112
544
18560
16472
2050
8195
608
0
6152
530
2176
16384
610
16384
6144
16
3072
512
8192
3
24576
6272
2176
9
6272
4098
16386
25604
8210
4160
8192
9216
2112
4
404
4132
4609
4098
32
146
9856
4096
320
16386
8448
8208
336
16
18052
8256
160
20480
16640
256
546
12288
1161
202
2049
8192
4096
16420
2050
16384
0
513
16517
1024
2069
512
1076
10240
132
33
8960
66
3072
16704
1300
2272
8
2
7
17424
640
89
137
394
192
8320
2057
8720
16
257
16432
1286
4160
10288
14852
16384
72
16400
2049
5376
2050