57
21
117
6593
18560
0
138
2182
3
2113
8464
1164
16481
262
44
9097
2308
257
24582
536
256
12
2048
768
3
3120
3091
104
8226
4256
536
4
16
7472
19232
1
84
28
336
8472
8199
22540
2053
8204
1792
928
4097
8241
8
131
33
264
17944
128
548
197
1216
432
60
132
512
4193
56
6145
2132
1289
8208
21024
8576
316
3140
1043
258
644
352
16386
140
48
1288
0
8224
6
1056
1568
16580
9664
21568
4352
9144
1300
2848
512
6144
2150
102
8240
1024
768
12308
1600
384
1125
0
388
1
19336
2696
4297
32
24
1049
44
192
17
8384
12353
3
0
128
1040
556
192
48
12
4608
304
73
4352
265
4376
64
8720
2564
2048
692
16
72
24640
30
0
128
4
8705
4608
12295
8
36
16386
1024
8240
5172
4124
544
18560
16475
2146
8197
608
0
6152
530
2179
16432
610
16384
6336
16
3168
512
8192
51
24576
6272
2176
9
6278
4482
16388
25604
8210
4160
8192
9216
2112
196
404
4900
4609
4098
32
146
9856
4096
326
16385
8472
8208
208
16
18052
8262
192
20504
16640
352
546
12288
1169
198
2049
8192
4144
17188
2062
16384
0
513
16613
1027
2069
512
1076
10264
260
34
8963
114
3072
16768
1396
2256
56
26
7
17424
664
89
905
394
192
8320
2057
8732
16
257
16435
1334
4544
10294
14948
16384
72
16400
2049
5568
2052