16
8204
589
17156
16392
17
2056
2048
16384
16385
80
8576
49
128
520
1
4
0
1
16
0
16418
544
0
256
2144
2064
513
1154
512
272
16388
0
12288
25152
16386
4
4096
16450
0
14592
0
256
4096
2048
32
512
5
16904
272
4096
1
1536
8256
41
132
8320
8
9312
2052
288
2
0
256
3088
16640
512
512
8208
9248
1028
9218
0
1544
80
6
8200
1536
25604
0
32
128
2
16520
16384
1154
32
4096
32
0
18560
0
5136
2
6
8192
5
256
16384
16464
704
8208
512
193
4096
512
8352
1
512
8320
9216
128
8256
16660
8
4160
323
0
2560
4112
514
514
129
5
4100
2068
16
512
16672
1288
16384
18
2306
16416
4100
0
4164
1024
1288
33
8324
4288
12288
576
12288
16
0
10
3072
4114
12
2048
32
2048
512
129
0
4096
12288
0
5130
32
16401
0
9344
10248
17536
10248
128
0
16386
1026
640
2
512
7168
4160
1544
4
34
320
4096
9218
8448
2560
4112
8212
4128
4128
0
224
34
1056
8712
17408
4352
16
196
16
8324
33
0
16896
0
4104
1040
8256
128
514
0
4096
266
5
5122
8
1060
2048
18448
512
4
1
273
10240
512
4
0
0
10240
2048
256
68
10
258
5
16384
16896
18
4225
16512
0
12288
11
84
272
0
4128
4098
0
18592
4160
17408
0
17408
10240
258
5120