16
8204
77
17152
16392
16
2056
2048
0
1
80
8576
49
128
512
1
4
0
0
16
0
16386
544
0
16640
2112
2064
545
1026
512
272
16388
16
4096
24640
2
1028
4096
66
64
12544
0
256
0
2048
32
0
1
520
256
4096
0
1536
8256
40
4
128
8
8288
2052
32
0
0
256
3072
16640
512
512
8208
8224
1028
9216
1024
520
80
6
8200
1536
9220
0
32
128
2
16512
16384
1154
32
4096
32
0
18560
0
5120
2
6
8192
5
256
16384
80
192
8192
512
192
4096
512
160
1
512
8192
9216
128
8192
16656
8
4160
67
0
2560
16
514
512
128
5
4100
2068
0
512
16640
264
16384
18
2050
16384
4100
0
4164
1024
264
32
8320
4224
12288
576
12288
16
0
2
3072
4114
12
0
32
0
528
129
128
4096
8192
128
4106
0
16400
0
1152
10240
16512
10240
0
0
16386
2
640
2
512
5120
4160
520
4
34
320
0
9218
8192
2560
4112
8212
4128
4128
0
96
34
1056
8200
17408
4352
16
192
16
132
1
0
16384
0
4104
16
8256
128
770
0
4096
10
5
1026
8
1028
2112
16400
0
4
1
273
2048
512
4
0
0
10240
2048
256
68
10
258
4
16384
16896
18
4225
16512
0
12288
9
20
16
4
4128
2
0
16544
4160
17408
0
16384
10752
258
4096