57
8204
77
17152
16520
16
2056
2048
0
129
84
10624
561
384
512
1
4
0
0
16
0
24578
1568
0
16768
2112
2064
673
1026
8704
16656
16516
4112
4098
28736
4098
1028
4096
322
64
12544
0
768
0
2048
32
0
1
536
260
4096
0
1568
8512
168
132
136
1032
8288
2052
34
0
0
288
3072
16642
516
512
24592
8232
1092
9216
1088
520
2128
2054
8200
1536
9222
0
288
128
6
16512
16384
1154
32
4128
8224
16
26752
0
5248
2
70
8704
16389
4352
16392
336
192
8192
512
192
4104
512
160
1
512
8192
9280
0
8320
16656
8
12352
67
256
2560
1040
546
516
2176
5
4100
2064
32
512
16640
256
16384
18
18434
16385
4100
0
4164
1536
264
36
8320
5248
12288
576
12288
18
1
2
19456
4114
12
0
48
16384
529
2177
0
4096
8704
2176
4106
4
16400
1024
1152
10240
17536
10240
0
0
16514
2
640
0
640
5632
4160
522
20
4130
64
0
9218
9216
2561
4112
8276
4128
4129
0
98
98
1568
8328
17920
4352
16
200
16
132
16385
512
18432
0
4104
272
8272
1152
774
0
20480
10
5
2
8
1028
2112
16400
0
4
1
2321
2048
513
0
0
4
10304
2048
272
68
10
258
4
16384
16896
2
4225
16512
8
12288
521
84
16
16388
6176
2
512
18592
4160
17472
512
18432
10752
258
4096