57
8204
21
17152
49
16
2824
2048
0
135
84
10624
567
384
512
49
4
12
12
19
6
24578
1574
12
17024
2112
2064
673
1410
8704
16656
16516
4128
4866
28739
4098
1412
4096
324
64
12544
0
780
48
2048
44
0
385
536
260
4096
384
1568
8512
168
132
136
1800
8288
2100
58
0
3
320
3072
16642
516
512
24592
8232
1140
9216
1472
520
2896
2054
8200
1536
9990
48
312
128
6
16536
16390
1154
44
4128
8224
16
26752
384
6016
1
74
8704
16393
4376
16584
328
198
8198
536
240
4104
512
166
193
512
8288
9292
192
8320
16656
8
12352
67
256
2944
1136
546
564
2224
5
4098
2070
32
256
16688
256
16384
210
18434
16385
4104
0
4164
1536
264
36
8320
5272
12288
544
12288
17
7
194
19456
4126
12
0
432
16384
529
2189
3
4096
8704
2224
4106
4
16400
1036
1088
10246
17536
10264
24
0
16610
2
640
12
640
5635
4172
570
20
4129
64
0
9986
9216
2657
4112
8340
4160
4897
0
110
100
1571
8264
17920
4352
112
248
16
132
17153
512
18438
768
4104
272
8288
1152
774
24
20480
10
29
194
8
1028
2112
16400
96
4
49
2322
2048
514
192
0
4
10304
2048
264
132
10
306
4
16384
16896
98
4273
16512
8
12288
905
468
8
16388
6176
2
512
18592
4160
17520
512
18432
10848
258
4096