0
42
21
0
0
493
2824
34816
61440
135
84
10624
28400
120
20976
214
502
12
12
19
39264
24578
1574
1011
17182
2233
4352
673
1357
8704
15424
16714
4382
10992
28739
61377
1412
4096
324
434
18560
0
243
48
2814
722
0
29889
536
260
27888
384
1568
9150
358
58116
33280
40072
8288
5595
53152
498
26672
126
3072
16869
250
254
24823
8666
56400
50654
1472
520
31552
2054
8567
62976
9990
12848
312
5810
510
16491
55808
1660
468
16928
8224
488
26748
34176
10992
65481
213
9202
16438
25607
16584
56264
198
58232
551
240
4104
512
166
40028
30944
8594
10163
6336
0
16687
54816
37952
67
256
52672
1161
546
62571
64256
5
34848
16141
191
256
0
242
16882
237
18683
3353
4602
22687
12544
50688
264
36
8271
5272
12288
544
52992
46
7
194
49152
4305
195
0
19456
16893
239
2189
156
4096
8704
11440
4106
2564
16400
1036
1088
8614
17536
10264
24
0
16797
54212
640
114
40960
5635
4529
580
20
4129
440
0
58816
9216
47488
27408
41168
4798
23568
0
54852
39524
45056
18504
17920
4302
386
248
398
132
35904
23625
26464
760
12528
50831
8288
46846
0
40728
16384
10
36096
194
88
2043
2112
16400
96
32100
974
2322
8192
514
95
33784
28908
10622
2048
264
119
27754
306
59
16767
17214
388
4273
16512
494
12797
905
296
8
16388
6361
45248
512
10240
13999
24512
39991
7392
48480
50112
4096