57
65504
52710
4127
49
41659
54771
16416
1002
17334
8503
2289
16884
2794
8
3856
2411
16887
13275
3438
16
12543
4222
40175
47592
3896
102
1903
4306
16
14936
40419
20545
737
52768
16813
8738
9390
6032
12869
63686
4620
371
4688
64155
53643
23536
5116
9856
27103
61161
26122
17758
3034
8399
177
4459
8524
775
25022
24411
8670
54026
55662
10303
43010
18398
1966
58265
1988
1381
14695
8
1067
65332
14351
10528
20
18879
22657
56722
2067
2073
4532
568
22819
51245
8271
1770
16803
14001
60564
8513
2890
23271
8193
4116
6547
914
52100
192
56349
1296
46689
8865
38949
875
8192
8305
16583
52888
59432
64429
16585
1347
33679
29859
58644
44675
4108
25343
2552
47947
17719
4648
44890
5442
45697
670
5070
18419
495
5753
4334
43114
58391
19197
600
44626
4183
12672
17029
54586
189
24664
9213
1642
153
3130
5289
16898
479
2053
1360
50424
38686
46867
55411
10256
19978
39074
8033
41403
48764
982
2375
41537
16634
13259
9433
29
14110
9041
12782
47144
16674
11551
2061
4150
22776
767
56527
22785
884
4188
53243
41487
10343
8568
48
192
2397
63077
20602
52370
174
21316
46096
33592
39593
1972
4336
16536
18550
63779
16637
18018
4126
15592
62313
60696
6508
4114
279
15230
50405
39940
38
8192
23253
15
2075
25209
56862
63538
61303
59854
58974
4533
520
9254
2358
59026
19070
175
1758
8321
35398
8217
2096
21607
56079
15605
1092
259
4427
47918
736
4630
1370
28630
1160
56554
42062
18316
2821