35385
42
52710
4127
49
41659
31725
16416
1002
53421
8503
29659
16884
2794
8
3856
2411
16887
61641
48475
16
12543
4222
30424
47592
42527
102
1903
4306
16
14936
40419
60129
55488
52768
16813
8738
25956
6032
5150
42870
4620
371
53797
64155
51806
23536
38302
9856
27103
61161
26122
17758
3034
8399
177
56371
42771
28819
25022
62059
8670
22414
29680
54015
33729
18398
1966
58265
1988
17043
57376
32376
52450
65332
14351
10528
20
54129
12594
45122
45506
2073
97
568
22819
36993
8271
39058
16803
14001
10462
8513
2890
23271
8193
61364
6547
63792
23329
54108
11603
1296
40698
8865
38949
875
8192
8305
55386
52888
44217
64429
16585
1347
33679
5819
58644
44675
52766
25343
2552
47947
17719
4648
44890
5442
45697
51998
5070
18419
495
50933
4334
43114
58391
19197
600
22216
4183
12672
17029
23838
189
24664
57452
62680
153
1446
57876
16898
479
2053
29214
50424
38686
46867
55411
61042
14187
39074
42176
20761
41014
982
2375
41537
53420
13259
48944
52339
7539
62629
4161
47144
8563
11551
2061
39300
22776
767
55834
22785
884
4188
53243
10069
10343
6332
35443
192
2397
63077
2103
52370
174
65152
46096
33592
39593
1972
4336
54222
4267
36183
12848
18018
4126
15592
62313
60696
6508
4114
279
41724
54153
20524
26740
8192
23253
15
2075
25209
56862
63538
61303
13834
58974
4533
520
9254
2358
59026
19070
36037
51464
8321
2156
8217
2096
21607
53278
15605
1092
64527
86
47918
736
3870
61281
28630
1160
56554
42062
60558
2821