57
21
23010
3
49
41659
49121
16416
1002
65179
54563
55237
44484
2794
8
3856
36171
16887
61641
48475
9192
12543
4222
56956
47592
42527
102
1903
4306
26582
39392
40419
60129
35966
52768
16813
37850
58138
6032
5150
42870
4620
371
53797
64155
51806
23536
37090
9856
35611
61161
59300
17758
3034
8399
177
56371
28207
28819
25022
58867
21860
54546
29680
36479
33729
55642
1966
24337
1988
34311
57376
47592
52450
11936
51065
10528
20
54129
62100
60322
45506
2073
97
50064
44665
24533
8271
39058
16803
14001
10462
8513
61072
35695
8193
39156
6547
34412
23329
54108
11603
1296
40698
14289
38949
875
8192
27545
3750
52888
44217
64429
10501
1347
5059
44267
48682
54679
52766
25343
2552
47947
17719
26416
44890
5442
21637
51998
17100
18419
27881
55789
49370
25438
64777
42989
30022
22216
4183
61264
17029
53762
189
24664
57452
62680
15731
1446
57876
16898
479
2053
29214
50424
38686
46867
43007
58874
14187
39074
27006
20761
55536
654
2375
30633
53420
13259
45196
52339
12487
61773
4161
47144
19477
11551
2061
4796
22776
767
55834
22785
37528
50924
53243
10069
10343
6332
35443
192
5599
63077
2103
52370
12706
65152
46096
33592
39593
1972
4336
54222
28031
36183
55958
18018
20194
15592
62313
60696
29728
4114
279
41724
63451
11900
44226
8192
23253
15
20065
49341
24672
63538
61303
32898
30872
35309
520
58510
2358
5826
36524
36037
51464
33449
59538
8217
2096
21607
53278
55057
43614
64527
61548
44866
736
56638
61281
28630
1160
56554
41556
31378
5895