959
65504
8209
64733
49
40363
1524
61509
3276
20996
44496
39306
6140
13243
523
2771
43024
24615
22750
3090
26063
3
38319
33680
16547
4386
54684
8800
17483
12669
55640
24093
36732
42755
50497
46794
15250
16912
40073
16120
268
1524
14964
21482
30976
12761
6636
2872
1532
61579
12057
64163
6244
5007
33455
73
32306
8553
14981
54004
42255
21669
1231
17745
7236
65219
941
2114
26289
8404
2234
65016
47451
55238
22577
4423
4556
51631
9076
831
62769
1729
530
16303
39542
53210
18838
37497
6468
34738
2798
51375
17936
13223
675
21395
12521
54863
12777
16847
64932
2614
24006
26830
20622
8590
462
16990
17391
29673
24996
59799
22743
5532
4722
59325
17807
3555
16438
20733
37150
48734
41418
14110
18446
42831
38930
44305
41501
8453
49381
10872
70
12687
18918
38298
24
11750
24
22657
181
18821
61775
2152
55351
51780
4623
376
531
7738
8265
1754
55464
4096
2039
67
2238
15046
16609
12677
52402
23126
21324
36691
57677
4544
61722
41
58495
27848
52047
55159
8779
1184
21810
1655
77
46991
9302
54286
52303
20
25544
4660
6616
9940
18087
63628
12341
16210
55793
58274
3328
53057
44822
9524
8576
16577
761
1430
36218
59901
4328
2281
122
16762
2377
54501
60775
12334
16788
5081
4464
16701
9152
59478
53388
16418
287
23498
436
36207
4014
2112
10752
60511
14294
1426
10909
46803
44222
4454
1284
5576
3093
4590
57787
11629
6773
23495
1345
60811
51872
4866
25277
18564
8450
278
4
24859
19524
40069
62360
59200
2516
607