959
65504
8225
64731
49
40619
1332
61509
3279
20999
44496
39302
6140
13243
267
2787
43024
24647
22558
3474
26063
3
38319
33616
16547
4385
54684
8800
17451
12669
55896
24094
36730
42755
50497
46794
15262
16904
40073
16072
460
1524
14964
21482
30976
12569
6639
2868
1532
61576
11929
64163
6148
5007
33455
73
32306
8553
14981
54004
42243
21667
1228
17617
7236
65216
925
2138
26289
8404
2266
64824
47451
55238
22577
4423
4556
51631
8980
828
62769
1697
626
16303
39541
53018
19094
37497
6468
34738
2542
51503
17952
13255
419
21395
12505
54863
12761
16847
64868
2614
23622
26824
20670
8590
462
16990
17199
29673
25000
59799
22743
5532
4724
59326
17807
3363
16438
20541
37166
48734
41418
14110
18446
42839
39698
44305
41693
8325
49381
10868
70
12695
18918
38297
27
11734
24
22657
182
18821
61647
2536
55303
51780
4623
372
531
7738
8329
1562
55464
4096
2039
835
2238
15174
16609
12677
52402
23126
21324
36703
57677
4544
61722
41
58471
27848
52041
55111
8779
1190
21809
1399
77
47039
9686
54286
52311
20
25544
4663
6612
9940
18111
63636
12339
16202
55793
58210
3328
53081
44694
9780
8576
16577
761
1430
36218
59805
5096
2281
122
16666
2377
55269
60769
12328
16788
5081
4528
16701
9152
59478
53388
16418
287
23498
388
36207
4014
2112
10944
60487
14294
1426
10910
46803
44222
4454
1540
5576
3093
4846
57787
11627
6725
23303
1345
60811
51875
4738
25277
18692
8706
282
4
25051
19524
40093
62360
59264
2520
601