59
4117
21
2097
49
13814
3326
6168
49153
10784
2
21243
130
20109
674
47981
14592
24913
264
156
18624
515
755
58402
4161
24578
613
1524
62192
17087
10304
17151
250
25220
49280
9345
255
43958
4609
33984
0
48651
25088
8260
132
245
16894
22880
42752
10349
18564
255
18660
58094
25642
5806
8208
23665
18433
1469
232
18608
24927
21504
16384
16896
172
51404
31714
47878
0
24830
178
2828
50708
64418
45313
16639
25
56006
12609
642
10368
25524
33936
2368
60289
5351
0
374
34944
29529
532
1328
1261
8410
30724
60290
1280
12334
26800
1237
20496
367
675
373
1040
53234
676
129
118
4112
5294
16898
415
8
25600
61811
7580
5119
8768
4404
16842
1111
8927
455
4542
28744
49152
35876
2852
61858
8464
29124
1211
9474
6150
17145
2564
4285
8380
9646
39544
6646
4105
16879
32184
222
4271
584
17630
38689
17150
27259
4317
9
32
8628
28456
17440
28
7165
12312
51050
292
7354
3586
12464
2
4768
767
1006
16649
9216
16536
20623
42752
25918
30848
2048
29056
60956
4350
4479
466
58131
17084
16623
49152
510
21084
956
4847
4598
509
4361
45184
4160
4362
52051
0
41457
4339
29827
51040
27553
58428
2557
8192
4401
2112
20204
8448
0
492
8476
8685
746
8192
2088
2049
1184
8337
24960
31744
4384
1662
18142
34928
10438
54404
30830
5247
18686
19648
49152
136
1246
41472
58042
17410
1024
8496
10862
2050
20990
64888
4160
8701
236
18436
814
784
923
512
4104