59
4117
17
2097
49
13558
3326
6168
49161
10784
2
21179
130
20109
674
43885
14600
24912
264
156
18624
2563
8947
58466
4161
28674
613
1524
62192
17087
10304
17407
250
26244
32896
9345
253
43830
4609
33988
256
48139
25090
8260
16516
244
18942
22880
42752
10349
18564
255
16612
58094
25643
5806
8208
23601
18433
1469
232
18609
24927
21504
16384
17024
684
51400
31714
47878
512
24830
178
3852
50710
64418
45329
16639
9
39622
12609
706
10368
25524
50320
2384
60353
5351
0
370
32896
29529
532
1329
1261
8410
30724
60290
256
12334
26801
1236
22544
367
4771
373
1044
53234
676
129
114
4114
5294
16898
4511
9
25600
63859
7580
4863
8776
6452
17866
5207
8927
455
6590
28744
49216
35876
2860
61826
8496
29124
1195
9474
6150
761
2564
4287
8380
9614
39544
6646
4105
16877
32184
222
20655
586
19678
38433
17150
27263
4317
137
544
25012
28472
17440
28
7165
12316
51050
4388
7354
3586
12466
2
4768
766
1006
16649
9218
16536
20623
42752
27966
30848
2048
29056
60957
4346
4479
2514
58131
17085
20719
49168
510
21084
700
4335
12790
8701
4377
45186
4160
12554
52051
8192
41457
4339
29826
53088
27617
58428
2557
8192
4401
3136
20204
8452
0
1516
8476
8557
750
9216
2088
2049
1152
8337
24961
31752
4448
1662
18142
32880
10446
54436
30830
5183
18942
19584
49152
136
1230
41472
62138
17410
1056
8496
10862
2050
20990
56696
4288
8700
236
18436
1838
784
927
512
5128