57
4117
21
18481
49
13558
3326
6168
49161
10784
2
21179
130
20109
690
43373
6408
24944
264
156
22720
2563
8947
42082
4161
24578
613
1492
62192
17087
10304
17407
242
25732
32896
9345
253
43828
4609
33990
1280
48139
25090
68
16388
246
18942
22880
42752
10477
18564
255
16612
59118
25643
5806
8209
23569
18433
1453
232
26801
24863
21520
16384
17024
684
51400
31712
47366
516
24830
1202
3852
50718
64418
45329
16639
137
39622
12608
706
10384
25524
50320
2385
60097
5351
2
498
33408
31577
532
1329
1277
8402
30732
60290
256
12334
26801
1236
22544
2415
5027
2421
1044
53235
548
161
114
4114
13486
16898
12703
9
25600
63863
7580
6911
8776
6452
19914
5203
8927
471
6590
28680
49216
35878
2860
61826
10544
29124
1199
9474
2054
8953
2560
4287
8380
9630
39544
14838
4361
16877
32184
8414
20655
586
19550
37409
766
31359
4829
153
560
25012
28472
17440
30
7165
12572
51050
6436
7355
3586
14514
8194
4736
702
750
16649
9218
16536
21135
41728
27964
31104
2048
29060
60957
4346
4479
2514
41747
17085
20975
49170
510
21340
700
4335
12662
8701
4377
45058
4192
12546
52055
9216
41457
4339
29698
52832
27105
58424
2557
8192
4401
3264
20205
8460
0
2028
8472
8301
746
9280
2088
2051
1152
12433
24961
31752
4448
1630
18142
32882
2254
54438
30830
5167
16894
19584
49156
136
1230
41474
62138
17410
1056
8496
10990
2050
20990
56696
12480
8700
236
18437
1838
4880
919
640
5256