38912
42
21
0
0
14282
16592
39471
49611
10960
268
20481
99
20107
15548
43131
6456
62224
19824
402
33972
3009
56094
42588
5824
24781
38210
1026
47456
39667
35202
17407
16
25763
32905
9345
23744
43826
50214
12714
30272
11192
25572
66
16501
374
18809
41010
42752
49793
18573
50173
5968
58526
26580
34658
8210
24337
50176
62437
7552
26929
25055
34856
16390
20754
684
51211
31696
47711
12520
24844
1204
3852
4640
64418
45552
57901
454
1785
12672
24611
10394
25321
50320
40257
59862
5137
13584
114
30140
31383
521
53525
63820
8517
49024
57744
241
12368
26653
1835
10816
2434
12312
35912
1036
53172
9700
36588
263
4114
13805
10546
57544
142
11988
63735
7507
45615
8776
6356
43156
5171
9035
321
6478
10224
49486
35862
2860
61504
10576
28954
1361
9226
28992
45625
2910
4287
8371
9252
39832
14790
4357
16582
32072
8462
5552
586
19707
21495
40408
19547
55116
119
911
25015
28214
9951
3072
46397
59512
17534
6468
7251
3708
14957
8626
36224
687
5095
42420
9628
16552
58752
41569
58876
12344
18432
17740
7571
13084
62777
18560
26129
33730
59089
49626
504
5000
40576
4642
13182
8498
4231
45341
23296
42744
52059
9222
41473
4339
49113
52736
56314
58384
2555
8327
4393
3202
20339
27536
698
1806
9178
8289
111
9687
30645
2255
1176
7662
24632
56416
4448
23140
26068
32834
2302
54432
19266
5139
51608
19647
38518
86
1230
5152
38148
45168
41504
8496
11072
2104
20612
11162
13260
23680
236
25240
57696
5055
58107
640
5464