0
65504
21
0
0
64965
9440
47433
49611
2247
21742
20481
99
20107
12872
43131
6456
40447
35260
28524
21008
3009
47230
24901
14056
24781
65204
1026
25700
55373
62780
17407
16
31040
32905
9345
35840
43826
15486
19686
47616
7247
25572
66
16501
374
18809
7888
42752
49791
64091
32359
64576
47977
26580
58071
57050
24337
454
44450
44996
26929
21409
6616
2502
49936
684
51211
29580
47386
59248
64709
1204
3852
23872
64418
45552
57225
454
21975
51760
38594
43336
25321
20028
12153
59862
5137
44408
114
14448
8764
54701
33056
44520
8517
53248
61743
241
64237
26653
1835
4352
2434
29120
8584
61346
27465
61380
15887
263
50083
13805
55026
11422
142
20380
43533
7507
52441
976
6356
32782
5171
9035
321
6478
10385
49486
6805
40618
61504
10576
28954
54731
45187
20480
33016
55764
4287
8371
63127
39832
7336
4357
17958
32072
8462
2924
64181
19707
60803
8256
41315
27576
59356
911
25015
58618
37249
0
42684
30218
58
1696
7251
3708
14957
8626
27008
54789
21359
33008
9628
16552
22737
21937
15164
30448
30285
28936
42747
64818
41919
48968
62585
20212
17392
49626
504
9968
18881
4642
13182
8498
4231
45341
16443
53984
52059
54590
41473
4339
48456
52736
5528
58384
2555
8327
4393
3202
62368
13120
45797
1806
9178
8289
111
42749
62935
2255
51387
10852
24632
57920
57727
38984
58137
32834
60697
54432
55719
64299
27416
19647
21074
86
1230
38336
40636
6400
7727
64062
7757
57936
6287
8966
13260
39184
236
11616
6437
56771
17685
640
5464