38912
65504
5
51224
56336
255
2548
6681
767
40367
56864
392
2105
42932
512
44031
44068
16223
37514
5828
51200
51569
14856
11823
39808
28720
2667
19167
38496
1536
46816
25659
367
43652
16464
4114
218
20671
181
1344
61258
34415
23892
26704
7678
28197
61018
18783
520
252
58980
33680
61472
5640
36628
12101
13552
27304
12388
18009
29790
19287
2112
768
46212
64377
17408
49957
8624
8439
9128
9220
64146
8728
52547
32828
8679
17920
9300
18432
19652
2686
7976
28147
17342
2870
2522
4350
34512
8077
59008
48644
4575
22130
61028
12798
3109
182
22724
10431
4159
8704
2815
42545
50887
16894
342
6469
503
27235
46896
5314
11487
1258
64475
4162
40878
44138
19199
1199
18496
512
20607
61305
4288
18414
40436
254
64
502
46592
2533
40373
6918
30725
4
50107
49265
2294
50358
20888
17536
61156
34654
6432
16623
16878
18562
15871
65472
10552
6189
8671
24887
7254
63145
42048
59919
44476
57788
5621
53312
16912
18374
24872
10652
22492
18942
41808
16894
10080
58482
7000
12047
4612
35454
52736
512
16397
4160
256
17678
9250
43183
34414
46360
50456
4574
4128
47890
990
3540
12288
8204
54012
20752
45975
8908
29836
4219
33681
26654
510
21253
13471
10480
52316
45248
13062
57885
37876
38370
1760
3202
2736
18244
39951
262
41340
9284
48328
63079
27068
51839
4096
31297
20
10495
19658
20046
55436
55256
16768
32525
24827
22560
25043
60438
39056
24
4478
513
19793
54646
15520
60285
74
8
880
4285
5620
7718
25082
35652
50696
43255