57
137
21
184
49
59
4354
4544
10250
16782
11070
28928
474
44
130
8252
1921
38
23548
4555
206
248
2439
16869
144
16622
4600
8204
185
4
12553
87
2513
1024
16558
201
1024
11245
6264
10374
6264
12431
8513
6153
16466
28929
652
4156
4324
808
24648
142
9880
52
1138
8544
12298
3212
237
1285
6734
9216
0
16384
2180
8582
4127
174
6343
16782
13793
366
24609
18432
4100
20495
1740
143
26632
171
2049
2152
18440
4177
4
6160
18556
40
5026
24685
22001
4271
6144
453
16932
1095
253
495
10432
18663
24609
496
4285
3342
512
3599
1813
16
21025
350
2930
25665
8402
536
8362
16881
8392
18440
4998
1747
6256
9670
4131
130
17091
30751
963
630
9282
239
2108
25720
1276
16794
16400
8195
67
136
9039
24988
18432
8459
26055
1635
4410
1540
1218
2865
16521
4386
2690
16527
8947
16772
12353
2280
16520
413
4398
4231
8513
8764
16896
2240
3540
67
8790
20739
679
16775
8926
21452
6624
8203
8432
27720
9215
270
4264
64
2202
61
769
8394
8377
8367
4657
176
15
527
544
10864
2301
190
518
327
4416
537
7168
2385
614
12530
2175
254
2528
21655
2303
192
9202
1481
16446
4218
4222
36
221
2498
112
4096
5607
2205
37
20736
6178
794
3312
714
632
120
2
212
4129
8704
16512
2120
4216
24846
2048
16386
454
17007
8635
496
274
9832
4563
16911
25092
2316
849
15984
4376
434
535
1752
1632
10032