1285
16396
13
2072
20488
8264
1345
8
16392
4
192
2056
2
320
160
8256
8488
56
10248
1192
551
1
36
11296
82
16960
2081
9216
512
1600
784
4098
144
2052
24840
8704
1
2561
513
128
4232
1058
8288
64
2060
40
1
6432
10258
8210
8196
0
38
2272
1064
5120
0
16390
0
8194
0
2056
288
24832
17472
16388
292
8384
0
128
256
16384
10
2304
32
33
3072
1
0
2
64
512
16
16384
1044
1024
2056
40
1
0
8
4352
2
3072
1040
4097
144
5122
320
12800
12288
289
12288
128
2560
25
2064
1216
1792
8193
1288
16
4096
1570
8800
32
16897
2128
17920
4101
8256
4228
20769
16
288
296
4096
2576
4160
16384
2850
1042
8512
4096
3264
10240
1030
518
514
6144
258
1092
2048
4097
9
16392
8192
257
6
16914
2080
1
512
4096
176
8
2080
4168
136
32
16
2592
4872
1032
320
264
512
12800
2
2592
4132
1552
18
3072
1032
12480
4613
8
17448
6144
128
1
12800
4356
128
73
17984
4
3080
8192
1280
256
6656
4640
131
73
1537
4100
296
3
66
1161
6145
1024
4230
16418
1
2118
256
2305
2
17928
1536
64
4096
12290
64
512
2560
8
2304
1184
8264
389
64
33
1536
4112
1160
2080
8448
8707
1664
320
1217
1216
520
8224
1026
8336
16640
34
272
96
3074
0
512
1
520
16384
0
1248
8448
261
512
64