39993
65504
275
3
176
53453
9190
40572
16396
22091
42035
37376
2692
242
62593
23423
49603
17276
16595
62928
28772
58
3578
1505
11751
223
63289
411
30939
8444
88
4489
8691
38617
19042
5884
19374
13023
45350
12288
52884
8556
4698
62279
8834
488
6
501
24370
15150
995
58395
24991
50
502
22656
26608
57619
65091
1260
21578
4925
75
625
17726
2306
62944
25222
7487
1203
14214
20329
3535
23493
4237
12652
20111
61407
16078
2674
28046
31904
33467
26700
2051
139
143
38994
25130
455
57056
27556
230
17378
13996
20154
58419
374
55262
12655
41670
4032
47928
494
32916
256
16168
17835
817
4167
108
1734
11748
495
53458
35452
15975
759
54536
3581
35480
412
16384
57972
39194
57042
29236
1120
19420
51808
43110
41574
64626
2242
95
16784
4534
10284
64504
247
53058
128
1273
26628
9884
11027
62603
26830
4159
6
16536
25245
7332
24
49440
24205
42872
708
644
8262
7047
48978
16393
31614
9230
17089
27032
61505
7939
15785
21504
9282
2
83
62937
4604
52092
6576
2120
63815
18790
45141
60450
37215
24568
40183
106
20630
20587
559
8222
15551
2308
8640
4280
39718
62265
37314
38174
28268
36087
1768
24913
4100
17150
64664
34265
17792
15875
18592
16575
16796
1784
25356
63290
16767
37404
50245
38504
664
26841
4990
56738
256
1023
61072
61324
7243
54554
19810
52017
50824
22765
9478
1754
11583
48614
7399
51949
61848
34159
62847
28129
41418
22958
47591
39631
14979
294
906
29054
24813
1023
3072
1022
6852