57
21
21
9472
49
18135
30444
40579
16627
55133
42188
37631
10374
268
5533
23169
49603
17276
16685
62928
28772
197
3578
1505
11751
289
12768
8858
30756
18201
88
4215
8460
47098
19101
10271
19374
13089
45350
12543
44299
8556
33710
7026
11944
29508
8277
501
24525
15150
57927
58395
24673
50
502
37814
26608
57581
65212
23847
40177
18944
437
33200
42878
2557
37476
42441
7361
20625
39615
20374
3535
23099
4467
12691
30652
61216
16176
2674
36318
31904
25914
27058
14417
139
112
38994
25556
57
57056
36789
18548
17378
13996
20292
58572
25833
55262
17396
41670
14629
47814
887
35068
12904
23104
17748
4923
13349
108
1734
11748
495
26384
35714
16024
23148
1662
19577
47838
355
16894
14319
63964
22095
29236
29725
19420
51808
43110
41880
64626
55110
95
16784
4534
10451
64504
247
11732
128
1030
36499
27634
19876
18717
26830
4159
6
16742
50426
7259
24
54905
32552
43540
708
644
8262
6777
48978
35480
31360
9457
16958
27032
61505
8188
15447
21504
21352
2
24666
62758
4098
51842
33792
2486
63815
28954
45226
60450
37280
24568
40183
26633
20630
52519
559
8222
32512
2308
8640
4422
17580
62265
56455
38174
40794
36543
34729
24751
4347
25290
11315
63989
17792
30108
46128
21522
16482
1798
25356
63172
30552
37404
65427
38504
615
30722
4990
56669
16316
1023
19023
22126
46097
54757
19810
52017
62813
22803
38625
1828
18348
48614
42926
51949
12886
59264
24432
28129
42791
22958
47591
39472
14979
28702
628
58232
24813
30460
3327
18429
6970