45888
65472
1045
0
256
64
664
25084
65472
25388
47880
28633
1530
20488
22656
62046
1473
7251
30856
4160
268
37034
16831
16004
970
44086
858
899
23476
24852
63276
4636
20986
10656
220
12618
387
350
745
4022
82
47834
17160
51466
43680
1231
6247
65426
17577
25863
296
22248
63016
6584
22644
13814
32192
8208
54
58162
24576
569
65310
23306
12992
34256
59672
6177
18590
42822
724
2367
272
17898
708
23807
3106
6404
10618
4486
2564
65304
1680
9937
958
264
8324
8288
8894
62992
58036
5227
8322
2681
30851
2369
2532
10983
42080
0
498
10665
50432
19124
40640
16602
8
8336
2434
530
16642
6294
411
62068
55208
2061
2015
2176
18648
8675
13233
22674
4415
17806
4946
32168
20850
32758
262
8220
21316
256
1029
59260
14320
2675
4120
783
858
4368
27920
6258
16476
16914
342
49794
3600
17274
18941
12302
11872
3512
47232
2248
3654
704
41948
37376
56220
24976
1742
3672
4578
21495
50177
647
512
29033
44336
516
26290
25027
8625
4210
24852
9297
4129
55270
12272
975
375
8437
16116
5297
32784
1582
10774
1030
17408
16608
39994
1329
1717
818
12336
51225
51138
214
56968
4223
55608
268
308
152
1164
37854
17220
18042
1573
28601
4346
62025
12335
24081
828
32795
1176
25604
17056
5077
5246
524
8963
4636
685
26493
16840
8658
29420
10309
12288
8201
2314
12295
31488
777
441
33494
16100
3739
52864
11124
414
10
4116
268
20030
13790
2391
7801
790
47734
24944
69
5260
24812