41728
65504
21
0
32
96
664
8702
65472
25452
47880
28633
5626
20482
22676
61534
1153
7251
26764
8256
28
37034
16831
16004
962
44086
17226
9091
23480
24852
63278
4668
4602
10657
220
12366
403
478
745
4086
4178
47834
21248
51594
43684
1263
6263
49042
17577
28935
8488
22248
63276
6568
23636
13810
31168
8208
54
49970
25600
537
65311
23306
12416
34256
59928
4129
16574
42950
720
315
272
16874
708
23807
3234
6404
12666
5518
2560
65304
664
9945
958
296
132
8416
8894
65040
58032
5231
8320
2681
30723
321
2464
6887
42080
1040
498
10633
52480
19108
38592
17106
8264
24724
2450
562
20738
6290
915
62068
38888
13
18399
2178
18648
483
29617
22930
4383
17802
850
23976
16738
32758
263
8220
23380
258
1028
59260
10228
2675
12312
783
858
4368
27928
6258
16668
21010
1398
33474
3648
17178
18937
12334
11361
1464
45184
456
3846
960
46044
38400
64412
16785
718
3676
4579
21495
50176
663
1
29033
44080
772
9394
26051
8592
4178
24852
9809
8225
55206
12272
975
375
241
15924
5360
34816
1572
10774
1542
25601
16482
39994
1329
1701
9010
8240
55321
51136
214
56968
4223
54072
268
310
144
140
33758
19268
18170
1637
11705
4346
62027
12335
24209
828
32795
1168
25664
17066
4565
5246
516
8963
4124
749
25981
16842
8658
29420
10309
12290
8193
2058
12295
32512
4873
441
51926
11876
3738
51840
9077
2494
14
4182
268
20030
13790
351
24185
790
47926
24944
69
5132
8428