65460
21
21
24
38
288
664
8678
65472
25440
47880
28447
5578
20578
22676
61533
1177
7251
27535
8259
31
37034
16831
16180
1012
44846
17274
9091
23483
25042
63277
4608
4601
10913
220
12366
403
285
745
3270
4562
47962
21248
51690
43688
1059
6260
49042
17573
28932
8496
22248
63148
6568
23636
13714
31192
8211
48
49970
25624
537
65324
23354
12443
34224
59928
4129
16550
42950
720
311
275
16684
676
23759
3233
6428
12666
5822
2620
64536
664
9945
958
552
228
8422
8894
65038
58024
5135
8344
2425
30771
327
2476
6791
42104
1040
500
10633
52736
19108
38592
17106
8648
24719
2705
946
20930
6226
915
61812
38792
973
18399
3042
18624
739
29618
23186
4383
17418
830
24004
16737
32758
135
8592
23380
130
1124
59324
10232
2675
12312
783
858
4366
28120
6258
16848
21001
1392
33282
3654
17066
18937
12360
11357
1400
45238
408
3722
966
46044
38400
64412
16785
706
3740
4579
20727
50368
795
865
29290
44032
871
9399
26307
8595
4178
25106
9801
8225
55238
12224
963
279
381
16311
6032
34912
1572
10774
1734
25698
16482
39994
1521
1726
8961
8243
56281
51139
986
56648
4415
54072
268
310
528
140
33678
19188
17914
1662
11737
4348
62411
12329
24305
828
32771
1173
25664
17026
4565
5144
516
8987
4112
749
25969
17100
8658
29420
10357
12386
8193
2058
12775
32512
4879
393
51932
11876
3737
51584
9075
2430
406
4374
140
19982
13406
351
24185
790
47974
24848
74
5516
8412