65460
109
21
24
38
303
664
8678
65472
25368
47880
28519
5588
20578
22683
61533
1177
7251
27537
8259
31
37034
16831
16170
1002
45022
17274
9091
23461
25070
63283
4668
4598
10913
220
12366
491
493
745
3288
4562
48042
21278
51670
43608
1055
6276
49042
17578
28932
8640
22248
63188
6568
23636
13725
31136
8299
48
49970
25696
537
65315
23354
12515
34224
59928
4129
16538
42950
720
312
269
16656
664
23735
3233
6402
12666
5809
2594
64536
664
9945
958
552
250
8422
8894
65074
58004
5375
8343
2425
30771
327
2476
6791
41984
1040
396
10633
52736
19028
38607
17106
8648
24703
2718
957
20786
6226
915
61812
38792
949
18399
2834
18624
667
29618
23186
4383
17418
800
24056
16737
32758
135
8544
23380
130
1124
59315
9992
2675
12312
783
858
4470
28120
6269
16863
21015
1392
33282
3654
17061
18937
12404
11361
1400
45126
480
3732
966
46044
38640
64412
16785
717
3740
4579
20727
50368
807
913
29202
44062
919
9355
26307
8547
4178
25100
9798
8225
55094
12216
963
299
261
16297
6047
34908
1572
10982
1734
25709
16482
39994
1521
1713
9201
8267
56225
51148
930
56760
4385
54072
372
266
616
140
33662
19195
17909
1602
11719
4228
62404
12326
24065
828
32771
1261
25664
17010
4565
5126
516
8987
4140
749
25969
17076
8658
29420
10362
12397
8193
2162
12703
32512
4879
497
51936
11876
3719
51614
9075
2430
494
4394
140
20018
13410
351
24185
810
47902
24848
186
5516
8236