57
157
109
23
38
303
616
8678
65472
25368
47984
28519
5578
20578
22755
61507
1177
7251
27550
8259
35
37074
16831
16165
1012
45022
17274
9091
23461
25070
63283
4668
4598
10926
220
12366
491
285
745
3288
4562
47962
21282
51656
43608
1263
6396
49053
17578
29172
8640
22262
63208
6608
23636
13725
31136
8299
46
49970
25696
537
65371
23498
12541
34222
59928
4185
16490
42950
748
312
269
16654
664
23735
3233
6428
12666
5809
2594
64535
616
9945
966
552
250
8422
8894
65218
58024
5375
8343
2373
30765
328
2476
6791
41999
1040
396
10677
52736
19028
38643
17100
8624
24703
2718
957
20810
6306
867
61819
38776
954
18399
2834
18684
679
29582
23186
4383
17418
976
24056
16737
32744
135
8559
23340
130
1172
59315
9992
2675
12311
785
938
4486
28132
6269
16863
21015
1392
33282
3706
17061
18919
12420
11361
1400
45144
480
3820
966
45988
38640
64416
16873
717
3740
4588
20727
50368
807
913
29290
44066
905
9459
26316
8547
4258
25100
9798
8281
55094
12224
972
309
313
16297
6047
34899
1560
10982
1590
25621
16482
40002
1485
1601
9165
8379
56221
51154
930
56708
4398
54054
372
506
616
140
33632
19075
17909
1602
11737
4228
62260
12344
24065
972
32771
1261
25724
17026
4565
5126
538
8987
4140
749
25969
17076
8482
29420
10362
12369
8193
2162
12703
32512
4983
497
51936
11864
3737
51566
9084
2430
494
4394
140
20018
13458
351
24167
810
47872
24848
186
5516
8236