57
16442
821
514
113
128
11
8463
10
17092
8
12296
3585
16384
1569
2273
2064
3
110
14
8984
4610
5120
18369
1840
548
1096
258
10496
9
2056
17293
4
1032
536
0
8756
472
6000
1426
8194
16400
160
320
28172
2160
5195
40
4928
2315
772
16640
4132
6572
8260
16544
644
11272
4362
1144
264
8768
81
0
8266
520
8960
16
1344
4226
2064
193
68
16640
24576
8202
2316
4
1
432
6
16740
9568
6248
0
16492
59
33769
15236
59389
17399
30063
736
119
314
63885
34816
36189
44444
61225
58964
1520
24578
2303
59440
62670
24950
62871
28163
49861
53092
2304
19456
16928
486
1015
10458
1207
16642
17342
13192
51321
48
2162
35446
22647
32258
9478
16897
3152
39918
25560
2041
21429
171
54441
13432
29065
58894
2421
2624
49779
37042
47334
41182
59367
6475
18476
37952
43131
1383
16935
355
24450
6070
46965
47304
34163
6148
42973
253
53863
43508
51276
350
8430
22100
47202
63242
57463
2256
16
1271
42577
39168
426
57968
47070
25350
28570
55871
255
10666
56941
16488
3769
24703
8206
22276
3028
2239
15925
16901
33344
17192
890
64061
29029
8409
288
5624
56100
27784
55376
1
31731
8417
28703
1255
536
352
16627
54181
8200
17820
23665
63264
8198
53248
16895
58468
54819
55842
5203
1
4608
24576
8638
45112
1860
37905
62184
18624
321
1616
5686
193
17958
8447
57712
62256
2558
24680
31744
40872
63635
6154
3563
38480
56615
33094
30128
28040
514
10516
6095