313
21
234
494
17
464
3676
17408
24028
494
24579
12
194
17587
2302
9297
2456
12497
4809
871
322
903
12811
3267
206
28798
4812
1936
4001
17083
16400
4464
768
4228
25112
8322
321
9768
7734
4342
3
1442
289
315
2479
2954
8388
21022
8592
9710
6304
6156
2174
2712
9282
1085
8417
20962
760
1420
2039
18739
10707
16722
19776
19261
17156
8688
8443
10
5
16659
76
1023
12782
8864
19929
4223
229
2911
13247
1000
2288
506
145
3981
6207
1165
1273
423
4465
8204
504
5628
17637
8531
16494
5147
250
26295
12355
17470
4425
8853
17274
73
5510
8766
19
16764
2330
228
3088
16419
1120
2358
26115
3063
1790
5112
9024
4685
719
9196
8848
268
4863
2071
1344
10427
2912
3938
9089
1086
17524
11650
2123
1901
2970
12543
30159
1215
18687
7646
4406
16834
8497
8431
4257
569
17901
25020
735
4097
3443
111
12258
9288
503
16434
84
2593
20654
215
545
4418
26115
12692
325
556
2556
791
4854
25984
2342
24912
4991
8606
312
3073
20889
1532
4655
4359
8212
17978
16493
16404
3269
16
17854
576
5103
4621
8420
5486
17606
20544
12578
1827
1056
8193
5171
2668
4918
17030
4510
2050
202
16658
2478
17838
9695
8399
9330
9347
25021
4162
8208
2088
2090
6017
8624
393
4927
6180
894
26721
8920
4577
12573
30
1416
24609
18673
1716
0
1345
1742
29178
19200
1000
8367
18847
2288
17095
13832
20864
8222
8339
18656
416
12717
2404
894
3350