1029
12
525
2072
4104
72
1089
8
16392
4
128
2056
2
320
160
8256
8480
48
8200
1160
547
1
4
11264
66
16896
2081
1024
2560
576
784
4098
128
4
24584
8704
1
2560
513
128
4104
1056
8288
64
12
8
0
4384
10256
18
8196
0
36
2208
1064
5120
0
16388
0
8194
128
2048
256
24832
17472
16388
36
8256
0
128
256
16384
2
2304
32
32
3072
1
1
0
320
512
16
0
20
3072
2056
8
0
0
4104
20736
2
3072
1040
1
16
5122
256
8704
12288
291
4096
128
2688
24
3088
192
1536
1
264
16
4096
1570
608
32
16896
2064
17920
4101
8256
4228
4385
16
288
296
4096
2064
4160
0
2818
1026
8448
0
3136
10240
6
518
518
2048
258
1028
2048
4097
8
8
8192
1
2
16912
3104
1
512
4096
176
8
2080
72
136
544
16
544
4360
8
320
264
512
12800
2
544
4128
528
2
1024
1032
8384
4609
8
16424
6144
128
1
12800
4352
0
9
16960
4
3080
0
1280
0
6656
4640
3
73
1025
4096
264
3
66
1153
4097
0
4102
16418
1
2114
384
257
0
16904
1536
0
4096
8194
0
516
512
8
2048
1056
8264
385
64
33
1536
16
136
2080
8448
8706
1664
256
1216
1152
520
32
1024
8336
16384
2
272
96
3074
0
640
0
8
0
0
224
8448
260
512
64