1337
21
226
2542
49
464
3676
17408
24028
494
25091
4
194
17459
2302
9281
2968
12496
4809
879
322
903
12811
3267
4302
28798
4812
18320
2977
16571
17424
4464
896
4228
25113
8322
325
9768
7734
4278
3
1442
33
315
2479
2954
8388
21278
8592
9710
6305
6156
18558
2713
9282
3133
8417
29154
764
1420
2039
22835
10707
16723
18752
18749
17156
8692
8443
266
5
24851
76
1023
12750
10912
3545
4735
197
2655
12735
1001
18672
506
16529
3981
6207
1229
1257
295
4433
8204
504
5628
17509
8531
16494
4123
186
26294
12355
17470
4169
9877
17274
585
5510
8758
19
16760
2322
228
3088
16419
1120
2358
26115
3061
766
21496
9024
4685
8911
9196
8848
16652
4863
2071
1352
10427
2912
3938
9153
1086
17652
11682
3147
10093
2968
12479
30158
5311
18687
7642
4406
450
8465
8431
4769
537
21997
25020
735
4097
3443
79
12258
9290
501
50
84
2721
20654
213
545
4418
26115
13204
325
556
10748
791
4726
25856
2350
24656
21375
8606
312
3137
29081
1276
4654
4359
8196
17978
16495
16388
3141
80
17838
576
5103
12813
8420
5486
17862
20576
12578
1315
5152
8193
4147
2668
4918
17030
4510
2050
202
17682
2478
17582
9695
8399
9334
9379
24893
4162
8720
2088
2090
6017
8624
393
4927
6180
894
26720
8920
4577
12575
16414
1288
24609
18675
1716
128
1377
1758
29182
19200
1000
8367
18847
2288
17095
13960
20872
12318
8851
18912
424
12719
2412
894
3350