57
19
472
279
49
78
3692
17408
23996
465
24624
780
316
17868
2055
9265
2407
12575
4919
895
322
888
12811
3267
174
29059
4812
1936
3674
17080
16428
4456
486
4276
25447
8450
254
10198
8073
4105
414
1293
289
197
2352
2676
8436
21217
8194
9966
6334
6546
2177
2150
9281
1073
8417
20524
568
1130
1079
18900
10540
16724
19768
19262
17252
8688
8475
245
249
17299
74
252
12776
8992
19929
4577
133
2721
12479
533
2300
453
151
3946
6207
1459
1030
407
4417
8467
504
5580
18405
9121
16398
5123
250
26295
12734
17470
4681
9075
17250
73
5766
8768
236
16764
2346
3
3856
16604
1183
2614
25859
2762
1792
4895
9051
4685
1009
8979
9133
266
4608
2437
1204
10789
2912
3938
9089
1185
17547
11906
2507
1930
2660
12441
30463
1088
18480
7878
4438
16828
8207
8200
4511
569
17902
24956
703
4289
3443
495
11490
9391
10
16434
82
2593
20590
359
737
4529
26108
12298
326
564
2560
1000
4362
26080
2342
25015
4991
8596
288
3326
20838
1484
4652
4363
8212
18372
16779
16424
3898
16
17601
990
5097
5109
8447
5486
17417
20550
12578
1827
1242
8233
5322
2666
4950
17030
4126
2050
970
16658
2257
17846
9689
8240
9612
9598
25021
4520
8425
2108
2261
5820
8600
393
4864
6618
957
26782
8731
4562
12772
801
1391
24797
18691
1834
768
1218
1742
29183
18432
278
8529
18863
2071
17099
14075
20606
8427
9099
18463
440
12717
2404
888
3370