46393
42
21
0
0
78
2406
51193
61754
465
54459
754
316
56242
2310
45503
2456
48654
4662
895
60718
903
13301
3267
174
1641
50713
1936
53384
17222
16428
4503
231
4426
25496
8450
54237
58627
1890
4105
51256
1293
289
197
2511
2954
63196
60849
8194
9966
6334
6291
2432
2456
9663
1487
3302
20946
53901
1428
1079
12695
10707
16724
19768
19262
59224
8688
8676
31850
249
45535
64514
3
12567
9183
19929
41364
133
57858
10095
788
2306
453
45379
51264
34451
1459
1273
407
63719
23350
263
5427
17947
47682
145
30273
33954
26441
12352
17470
4790
2571
17250
182
5766
9150
19
59407
2346
58253
40864
64364
1438
2614
20360
2762
1790
41321
9124
4685
62101
9196
65328
45176
4608
64764
1354
52003
2912
735
43129
1118
17547
43630
2356
1930
60432
12647
30463
1088
18480
7737
63174
8491
57695
50020
4254
569
62040
24956
20623
4289
3213
36948
4678
53778
40120
16434
45746
47421
20625
359
31958
64681
65367
12788
326
715
2817
58942
56671
25887
2521
1258
2769
17751
479
75
63205
51991
4652
4363
53043
55496
16522
47713
3898
40753
17470
544
4886
41546
45885
5486
17654
20550
51222
2012
1061
8663
5322
2666
59356
17030
59411
2556
43258
16620
2257
17480
58373
8240
8604
47017
37901
4520
8680
55649
2090
5954
8600
61354
5119
6393
47353
26721
8932
4397
55807
801
646
22516
13593
1748
61244
1340
1585
29183
18432
232
8367
6493
62452
17099
13828
20863
44275
5266
18656
327
12371
2404
9099
3541