57
42
21
38903
50684
78
2406
51193
61754
465
47793
754
304
26533
2310
23472
2456
48654
4662
40044
60718
903
46559
64428
64662
1641
50713
1936
46188
17222
16428
4503
41927
4426
15222
60348
54237
58627
56380
4105
45584
1293
289
197
2511
2954
63196
60849
6354
56509
6334
46432
2432
39779
25171
55448
942
20946
41043
1428
1079
12695
10707
60181
19768
19262
32790
8688
52640
31850
50355
45535
43706
3
12567
9183
19929
41364
64311
26980
35023
788
2306
453
26351
39147
20029
35164
1273
407
63719
15323
263
61654
17947
28804
145
21984
33954
22502
63708
17470
50000
2571
17250
182
5766
50515
19
59407
2346
58253
14128
64364
56506
2614
62880
2762
52360
36082
43052
4685
62101
9196
43444
24059
60546
64764
1354
52003
2912
56924
43129
60889
17547
43630
57516
1930
60432
12647
31835
59059
62626
7737
63174
8491
29645
25041
4254
15375
62040
7653
11511
4289
3213
22713
4678
53778
40120
50067
45746
47421
10223
359
15922
53252
65367
46157
326
715
2817
47251
28679
25887
63275
1258
2769
17751
479
63128
50737
45666
4652
53149
41851
55496
16522
43174
3898
40753
9856
544
47702
38663
15483
5486
2098
20550
51512
2012
1061
33349
256
2666
59356
17030
59411
2556
41258
16620
2257
17480
58373
8240
8604
47017
16693
4520
8680
33158
65358
5954
8600
45771
5119
6393
17205
26721
8932
4397
55807
801
646
22516
13593
1748
61244
42575
1585
29183
2064
53751
2493
6493
58368
17099
13828
20616
34307
5266
18656
327
12371
2404
40079
34775