42809
65504
21
3
49
71
17485
43165
5696
16527
38646
143
46981
18560
545
2108
10758
49659
64074
52742
208
39083
8310
962
42124
58082
1840
8689
19856
39
45430
12695
16488
34944
142
391
12292
530
1763
16410
34245
306
1353
60375
13537
61124
4577
2110
305
4336
41584
63821
44114
40195
16398
38196
17796
20902
4177
43557
223
1523
60746
64550
8250
3264
94
337
48850
1257
771
8559
474
52590
59574
814
626
40283
24661
56380
251
6481
497
12838
27541
2667
4289
42954
52744
538
51401
128
7355
113
4587
49869
8593
16933
16885
260
52812
376
16894
18548
16454
3357
261
127
53408
17771
219
132
20925
53145
200
9095
732
38678
23669
24985
59928
1049
47934
19712
33
4
4415
455
42182
43526
50523
50998
244
58225
41098
468
16434
3422
152
53697
4621
1242
473
64599
16710
59247
15889
65377
62051
54285
239
544
1426
38606
55204
4295
352
47
6386
4162
736
60518
435
129
54668
16832
11739
1
41883
4970
1080
16604
53296
54318
13036
580
451
14638
9344
1216
783
497
11754
60588
416
622
16430
1408
6
16835
37736
17792
8525
10464
30179
4540
911
57722
2572
8336
13204
208
4573
190
532
18323
2368
1136
27478
560
16816
589
528
465
62656
0
13849
20992
406
61477
229
365
9744
41025
60207
272
16480
1084
10270
35955
502
497
9279
53798
40474
495
187
54822
16448
4840
17006
52567
53644
798
2392
2280
59274
2146
75
433
16819
38
42116
53780
64738
286