57
21
3054
8319
49
333
17545
388
384
884
641
428
16390
88
2089
208
3120
25060
21247
103
90
12656
16888
390
9279
496
176
6206
241
223
5488
4288
10249
28
18505
17388
3327
4224
870
1129
12366
504
645
605
4097
3509
10548
58984
12572
7397
11262
55764
22931
27870
6383
15555
35834
7929
19053
26718
21622
37393
52029
27264
11901
20850
55114
14711
41724
49568
7485
19195
20677
18240
773
62645
3332
64556
612
65169
45612
18278
1562
29905
10433
5088
7645
4520
49164
38827
810
27776
13341
7502
51221
4406
4304
57509
28587
2169
1393
49421
42515
5926
65145
30426
50039
36591
10551
55024
54335
25114
34090
4018
14491
50717
51552
60331
60580
16410
11128
53429
15608
52439
1963
22356
34278
1652
14064
62740
6641
44644
45821
4227
39749
46403
16813
54190
53715
13547
23056
50275
45899
6696
21636
24862
4076
1848
22283
7096
13680
10213
51718
28414
24605
17732
31413
4241
115
4319
10015
823
454
122
4647
25026
1164
4606
16623
3086
302
15020
17195
1113
22798
18711
45587
56575
11374
16883
31313
11550
34971
48565
420
29050
784
3807
44361
1490
16159
38129
16400
6173
34845
12288
17128
243
7228
43523
58117
8439
270
4598
12297
2099
86
4293
19554
11585
21559
215
63004
4250
348
44959
643
1594
39406
16666
3013
54250
8828
11159
782
1070
16702
2097
516
16607
2560
3302
607
55007
17547
4154
31081
117
16503
45740
53461
3343
21801
13465
492
33548
8765
16596
8923
84
8642
3768
588
12089
5496
968