48185
65508
1045
1
0
44992
226
40701
64
2366
42802
36853
772
242
356
1072
49634
884
16579
46544
1616
59
3529
1504
11471
223
63401
439
991
252
600
4417
8638
38546
128
53723
55018
727
16640
12288
52756
364
4378
64259
8361
736
0
441
61146
7623
9187
62491
24591
306
1526
22664
64508
35679
10838
46545
142
1536
79
122
1342
2307
63456
51267
21499
5171
8508
20339
1518
17532
253
4364
4343
59295
144
2802
206
5967
33499
16631
2375
8
143
38994
47738
257
56040
26761
230
17394
14012
770
63283
500
55246
136
1534
1472
47896
510
49300
272
446
64
52
4195
18540
836
55540
16767
55442
35452
4595
763
934
65174
16
396
61342
35833
33822
55623
55576
1216
126
0
43894
25851
64634
2240
8255
144
510
4131
40010
255
52824
136
1215
26624
9036
4224
58443
421
4159
6
152
502
36
1304
49444
24201
42936
192
512
8278
2279
63316
9
474
1102
27265
27064
43178
56920
256
1040
11267
6
80
42571
510
59212
4992
2112
52624
18528
45129
53106
37191
68
40183
510
50555
16483
527
1376
4608
2372
479
440
388
62267
63801
38175
6614
33583
488
16806
4
17902
8447
36312
1024
48817
192
24767
44
24702
58171
52324
383
57472
52293
38498
16408
1405
57761
54314
256
1023
61184
53674
4488
54586
1402
51741
50586
8451
397
174
72
44794
53242
51917
39657
34063
62847
239
41938
8238
16880
48078
41109
262
972
15102
24684
1023
49927
63998
39747