48185
65504
21
0
0
44992
226
40701
64
2366
42803
36849
260
242
356
5168
49634
880
16611
46544
1648
63
3545
1504
9423
223
63401
4535
927
252
600
4417
25022
34450
128
53727
55018
17111
24832
12288
60948
16748
6426
64259
8361
736
32
4537
61146
7621
13283
62491
24589
306
1526
22664
65532
35807
10838
46549
654
1536
79
122
1342
2307
63472
51267
21499
5169
8508
20339
17902
18044
253
5388
4343
59295
144
2802
206
5967
41691
16615
2375
12
143
38994
47722
1281
56040
26763
16614
17394
13500
770
63283
500
55278
392
1534
1472
47896
446
49172
272
438
192
60
5219
18540
1860
55540
16767
51346
35708
4595
763
998
65182
8208
4492
65438
44025
34078
55623
39192
5312
122
0
43878
25851
48250
10432
8511
1168
254
12323
40266
8447
56920
8
1214
26880
9036
4224
58443
421
4127
6
408
438
292
1304
49444
20105
42936
192
512
8286
2279
63324
9
474
5198
19073
31160
43178
40536
320
1040
11267
6
80
42827
494
58700
4993
2144
60816
18528
45257
53106
37191
68
40167
254
50547
16483
2575
1376
4608
2116
479
2488
260
62267
63801
38175
6614
34607
488
16550
2052
17903
8447
36312
1026
48817
192
24767
44
24702
58171
52320
383
57472
52421
38498
16408
1405
57761
54314
256
9215
61184
53546
4488
54650
1402
51741
50458
24835
396
174
72
44794
57338
51917
39625
34063
62831
239
41426
8238
16624
48078
41173
326
17356
15098
24686
1023
49927
63998
39747