48249
42
2069
16
0
44992
230
39677
16448
2430
42803
36848
262
178
352
5168
49635
882
16611
42448
1776
63
3545
1248
25807
223
63273
439
991
236
600
4449
25022
34448
128
53727
55018
17111
24832
12288
44564
364
6426
64291
8873
704
32
6585
61018
7617
13287
62483
28685
306
1526
6280
65404
35295
10834
46545
654
1600
79
16506
1340
2305
63472
51267
21499
5169
8508
20339
17646
18044
4349
5388
4327
61343
144
2770
1230
8015
41723
16631
2887
12
143
38994
47722
1281
56056
27275
16582
17394
15548
8962
63282
1012
63470
392
1534
1472
47898
414
49172
272
438
192
60
5219
18540
3908
55540
16767
52370
35708
12787
762
998
65182
8209
4492
65470
44025
34078
55621
39192
5312
2170
16384
43814
9467
40058
14528
8639
1424
254
12387
40266
12543
56920
8
9406
10496
9068
6272
58443
485
6175
4102
400
438
293
1368
33060
20105
42936
192
520
8286
2279
63356
73
218
5326
19073
31160
34986
40568
320
1040
11271
16390
8272
42826
494
58732
4993
96
60818
18528
45513
53090
33095
1092
40167
254
50547
24675
2575
1504
4608
2116
511
2488
260
62331
63801
38173
6615
34607
488
16550
2052
17903
8319
36312
1154
48817
192
24639
44
24702
57659
52256
383
61568
52423
38498
16412
1405
57763
54442
768
13311
61184
53610
4488
54642
1402
51741
49434
24833
396
174
72
44794
57338
51789
39627
34063
62831
239
41424
8238
16624
48078
41173
326
17356
16122
24622
1015
49927
63998
39747