4
140
15
4168
256
2048
0
0
2048
2
512
0
256
0
18464
4096
0
1088
0
10242
4
0
4608
144
24576
1024
0
0
2064
1056
16384
0
320
1024
2
4096
528
24
96
193
4
80
8192
48
256
7168
36
8192
64
520
32
1056
256
256
6656
17
17408
32
512
160
0
32
64
16416
16400
16384
2050
0
0
138
1024
8
12
192
4
1
16
1026
4096
128
1024
1028
128
4128
9
64
2112
4112
0
0
4160
2048
128
0
0
0
4356
1
16384
88
18432
37
0
0
16
129
8192
1
256
16384
0
2
16392
8704
4
0
64
0
2
34
640
0
1024
1
16
0
96
0
256
14
1
256
128
2560
1025
16520
1
0
32
64
656
1024
131
1
68
512
64
4096
256
1
80
144
4224
8192
12288
512
4096
36
2048
1
0
8204
8
128
2048
5120
80
2080
16384
0
64
12288
1024
6
8192
514
4096
3072
0
1
16448
4096
16384
1
8
2048
264
24
2052
256
128
0
1
16
4096
0
32
0
20
2368
12800
8
1024
4096
3328
16640
0
16384
1024
8704
512
514
256
18432
0
24
12
16388
4
8193
0
16384
2560
14
1
20
512
4
8
2064
1
0
6144
0
257
4096
0
16385
1024
4609
8194
2
8192
4096
0
16384
256
8194
34
16
8
12
4
16
64
2176