48313
42
21
3
768
44992
230
39678
16454
2430
42805
36848
286
178
416
5160
49632
834
16419
42448
1788
57
3545
1248
26575
220
62505
439
959
236
600
4449
25022
34448
128
53743
55018
17111
24832
12336
44948
372
6428
63523
8873
704
32
6591
61018
7665
13287
62483
28685
562
1782
7048
65404
35295
10834
46545
782
1600
87
16410
1340
2497
63464
51315
21499
5169
8496
20291
17646
17996
4349
5436
4327
61343
144
2770
1229
8015
41723
16631
2911
12
143
38994
47722
1329
56056
27275
16582
17396
15548
9154
63282
916
63278
440
1486
1520
47898
510
49172
368
442
192
60
5219
18540
3932
55540
16831
52370
35612
12787
762
998
65182
8593
4492
65470
44025
34078
55645
39192
5312
2166
16387
43798
9467
40058
14534
8639
1424
62
12771
40265
12543
56664
8
9406
10592
9068
6272
58443
469
6172
4101
416
438
325
1368
33092
19849
42888
192
523
8286
2273
63356
121
218
5326
19097
31160
34986
40568
326
1040
11271
16390
8272
42826
494
58732
4993
96
60818
18528
45769
53074
33095
1095
39975
254
50539
24675
2623
1507
4608
2140
487
2464
260
62331
63801
38173
6615
34607
472
16534
2052
17900
8316
36312
1154
48829
192
25407
44
24606
57635
52256
383
61571
52231
38498
16412
1405
57763
54442
780
13311
61196
53610
4488
54514
1658
51729
49433
24833
399
206
68
44794
57340
51533
39627
34111
62831
223
41424
8238
16624
48078
41173
326
17356
16122
25390
967
49927
63998
39747