57
21
21
3
768
44998
230
39486
17222
2418
42805
36851
286
178
422
5160
49632
846
16419
42448
1596
825
3545
1272
26575
220
62505
375
959
220
606
4450
25022
34448
128
53743
55018
17111
24832
12336
44946
372
6426
63520
8809
716
32
6591
61018
7921
13287
62483
28685
554
1686
7048
65392
35289
10834
46545
782
1600
87
16410
1340
2497
63464
51315
21499
5175
8496
20291
17654
18380
4349
5436
4135
61343
912
2770
1037
8015
41723
16631
2908
12
239
38994
47722
1335
55800
27272
16582
17400
15548
9166
63282
916
63286
440
1485
1424
47898
510
49172
371
442
240
828
5987
18540
3932
55538
16831
52370
35612
12784
762
998
65176
8594
4540
65086
43929
34270
55517
39448
5315
2158
16387
43798
9467
40060
14534
8255
1360
61
12773
40265
12543
56536
56
9406
10496
9068
6272
58443
461
6172
4149
352
437
329
1384
33140
19857
42894
216
267
8286
2285
63344
121
218
6094
18841
31160
34986
40568
326
1040
11271
17158
8272
42890
494
58732
4993
96
60818
18528
45769
53074
33095
1863
39975
254
50541
24675
2815
1507
4992
2524
471
2400
260
62235
63673
38173
6615
33839
468
16662
2052
17900
8316
36312
1154
48829
204
25407
44
24606
57635
52448
359
61571
52327
38498
16412
1405
57787
54474
783
13311
61292
53606
4104
54322
1658
51745
49433
24833
393
206
68
44793
57292
51534
39627
33983
62831
991
41424
8238
16624
48078
41174
326
17354
16122
25390
961
49951
63998
39747