313
21
20
0
49
0
32
0
0
0
0
16386
18
32
8
8
4608
0
9216
0
512
4100
1
0
0
1024
0
258
0
512
0
6
4
0
1
64
32
512
1
128
8320
16384
32
8194
2
16384
6144
4
1024
68
0
1536
1024
0
4112
0
1024
260
16386
0
16
0
0
16384
528
64
8196
132
640
260
256
32
8448
16385
66
2056
258
16
34
32
32
2050
0
0
8
0
0
0
0
128
256
0
0
2048
0
0
16384
256
0
1536
0
0
1024
192
12
1
160
4
1024
0
16400
32
16448
32
2
1
2
0
2
2080
4112
1
33
0
0
2
4097
32
0
1
0
0
0
4
8
0
4096
5
258
0
0
8192
9216
8208
64
2048
8192
128
128
512
0
128
0
8
4096
4096
0
32
1
16384
64
0
0
10240
4096
65
0
0
1
0
0
2048
0
0
0
4096
4
0
0
4
512
64
4096
4096
1025
4
0
256
0
2048
1
2112
8704
0
0
0
514
0
2
72
0
16386
128
0
4
1
16386
1024
128
2112
10
4
8
1
256
3072
16
1
8
512
8
9216
0
36
80
24576
8224
128
1024
32
6
64
2048
0
0
512
8
0
4096
2
6
160
4
16
2
512
8
64
192
2112
257
68
0
4096
2
4