313
21
20
0
49
1024
32
0
0
0
0
16386
18
1056
8
8
4610
0
25600
0
512
4100
1
16384
0
1280
128
258
0
520
0
6
4
0
16385
64
34
0
1
128
8322
16384
32
8194
2
16386
6144
4
0
68
0
1536
5120
16
4112
4
1024
276
16418
32
16
0
2
16384
528
64
8196
128
640
1284
256
32
8448
16385
66
2048
258
16
34
2080
40
2066
2048
16384
24
0
8192
0
0
128
272
0
0
2560
1
16384
16384
256
16384
17920
0
1024
1024
192
12
5
160
4
1024
0
16400
32
16384
40
18
4097
2
0
10
2080
6160
1
161
0
0
2
4097
160
512
16385
0
8192
256
4
8
0
4096
133
1282
0
0
8192
9472
8336
64
2048
8192
1152
128
514
128
384
0
520
4096
4098
8192
1056
65
24576
72
0
128
10248
0
65
0
128
1
0
1
2112
8
16384
128
20480
8196
2
4096
4
1536
64
4098
12288
1025
4
512
256
0
3072
1
2048
8704
0
0
8192
514
64
1026
73
0
16387
384
512
4
5
16390
1024
128
18496
10
4
0
1
1280
7168
1040
257
12
512
8
9216
4
36
80
24576
8736
128
1024
32
6
576
2112
16384
0
514
520
1024
12288
1026
8198
160
4
16
2
4608
12
66
704
2113
257
68
0
5120
2
4