57
21
21
0
49
1024
32
1
0
0
0
16386
18
1120
2056
8
4098
0
25600
2
512
4100
1
16640
8192
1280
384
1282
0
520
0
6
4
0
16389
320
34
0
1
640
12418
16896
32
8706
8194
16387
6144
4
128
68
0
1536
5184
2064
4144
4100
1088
276
16418
32
16
256
2
0
4624
0
8212
128
2688
5380
256
8224
8448
16385
578
2112
256
18
34
18464
16424
18
2048
16384
24
0
8224
16
0
132
273
16384
1024
2561
1
16896
16384
256
16384
17920
0
1025
9216
192
44
1
16544
4
1024
512
16400
1056
16386
40
18
12289
2
1
1034
2080
6160
1
160
1
0
66
4097
161
0
16513
1
8192
0
4
8
0
0
133
1298
32
2
9216
9472
8336
2112
2050
8320
1152
640
514
128
256
4096
520
4096
4098
8192
1056
67
25600
76
0
128
14344
0
65
4
2176
1
0
16385
2368
8
16388
132
16384
8196
130
5120
20
1537
1088
4098
12288
1281
2052
512
256
0
3072
1
2048
8704
0
64
8192
642
0
9218
73
2048
16515
448
512
5
5
16390
0
128
18496
10
260
0
9
1280
7296
1040
257
12
514
520
11264
4
36
81
24576
8736
384
1024
2080
4102
576
2048
18432
16
512
520
1024
12288
1026
8206
32
6
144
514
4608
524
82
706
2113
259
68
1024
5120
2
4100