41017
65504
21
0
0
50113
37910
254
486
33469
432
16880
237
47211
2547
107
4580
28734
26032
2
895
4349
254
14569
8447
1478
28485
62905
48354
1008
31072
6
196
54
60644
198
209
768
56679
543
12668
23429
494
52666
48022
16485
6168
8
49024
66
207
1728
46302
2542
4303
4344
24911
38974
16828
38
32
36809
782
54849
44206
48
8294
121
56636
5572
59024
8236
8679
11805
892
2124
352
34
31569
19232
16854
18
2297
16894
60594
45531
8674
49457
12
159
47031
22088
45732
40002
254
17376
36670
761
3837
58909
12918
63394
9471
318
34434
21
16798
47772
1231
524
16631
52204
16482
36422
39547
12751
33945
33923
1177
59497
6544
511
312
121
44476
25571
4559
49504
768
4510
31482
8672
12
21082
779
504
0
265
1501
16426
98
6015
9715
9104
2493
2508
9091
56477
882
765
64624
50921
39782
62827
4096
4122
8204
1059
477
26104
370
249
127
14575
414
53529
44
2328
511
510
16465
22826
37344
16844
26584
16894
8391
255
48212
788
8596
1040
39011
12312
41
49470
572
505
96
3936
244
2816
50552
768
446
8766
654
12
9445
37314
2051
5914
14
575
1018
29
16394
252
63968
18608
36896
483
816
9
23587
50869
1263
231
192
258
759
11304
36900
470
81
24582
9055
0
61163
2526
39756
958
2510
10883
236
757
711
1790
49443
61714
8302
4425
57876
34733
40622
1291
48406
38333
44357
62317
460
54
1072
45313
253
4100