41017
65504
21
0
0
50113
37910
56567
486
9899
432
16880
59873
47211
2547
107
49620
14125
21406
51695
54891
47336
48850
14569
8447
1478
2603
62905
48354
1008
31072
34023
64420
54
54978
198
62125
48603
56679
543
47956
20316
48580
52666
27242
16485
6168
52953
49024
66
207
1728
64886
2542
48227
4344
24911
38974
16828
38
32
31372
782
54849
44206
48
8294
36339
36344
5572
50762
8236
8679
11805
49970
44139
352
51925
31569
19232
16854
18
2297
1963
60594
45531
58508
44506
12
159
47031
22088
5264
40002
254
17376
36670
761
37275
29882
12918
62013
9471
37079
20762
21
63796
47772
1231
37682
16631
52093
16482
36422
39547
25321
19493
33923
1177
59497
6544
511
312
42238
44476
25571
42321
49504
47616
4510
31482
8672
12
21082
779
504
0
265
1501
16426
98
6015
38359
44289
2493
1561
9091
56477
882
52072
26436
50921
16590
43986
48998
4122
34772
47238
64063
26104
43314
249
127
61004
34042
53529
58502
46282
47703
510
16465
22826
2952
16844
26584
16894
50455
255
48212
46510
8596
48219
39011
58721
64369
21637
572
62782
50596
3936
39990
2816
50552
52287
38396
8766
654
12
9445
16891
41275
5914
33348
40820
1018
51024
16394
252
63968
63502
36896
483
37212
48692
23587
50869
1263
43317
192
258
54811
11304
35398
470
81
24582
9055
0
61163
2526
39756
958
39678
52378
236
757
40155
1790
23605
51491
50318
53336
51746
34733
40622
64278
48406
38333
59733
43636
460
54
1072
20999
52735
4100