7
42
496
27755
49
29179
18496
16767
29967
27830
9497
59558
20275
12799
2074
34093
20525
49826
32062
8460
16890
46759
23865
16448
17450
61148
49
58703
14560
22
60
61797
11368
57213
21484
64632
160
15445
29827
23149
455
39821
4098
28256
47534
3674
14
48286
60148
1020
35131
47261
8295
286
4752
30171
53835
2174
954
31719
16786
51421
20534
8610
38550
4704
4308
1020
3325
178
9351
18085
2
18942
62060
60437
193
12100
2380
54966
2750
35041
7423
6176
5618
17795
16889
46004
20057
767
16333
7282
4345
32234
21413
3088
20392
2286
20703
10341
17987
22495
48844
57
13240
40671
14364
16374
24576
47308
21814
9068
44830
30060
362
21759
7
61137
8365
34163
55138
112
8321
8322
2560
42746
2078
47230
51265
23288
14562
36677
17523
30027
1262
28748
16656
38950
46621
12734
234
25368
20555
41263
32
2244
8314
4245
527
22932
8
483
25410
30493
8638
47926
45367
8711
16416
25997
62304
33528
45814
8224
19584
11769
56386
20990
6356
33563
28732
60836
16895
37047
56
12798
43872
6836
63026
4862
23732
14284
2950
1
17392
21161
64812
59278
58700
10115
12358
39359
59291
20836
29442
14796
16610
57284
250
3192
28168
53445
25155
22737
40570
483
36576
42321
4255
35574
502
253
31262
9089
3004
23917
17463
20964
41889
770
61912
10704
31804
24505
50102
9671
1174
4171
17356
36736
63436
2172
26164
2307
479
80
63725
17120
23159
4224
38078
27194
18627
17918
16354
1491
13056
18150
381
29324
8658
17398
44257
328
18767
58526