57
21
21
3
49
2538
46006
61815
58872
24859
50988
42871
5122
54744
1185
54510
17
58935
4698
24576
25511
4601
37230
16890
392
5168
248
16926
50149
8223
8471
9056
38210
454
8688
44525
4523
40747
8570
8427
34
259
56485
16898
59114
1350
8704
46262
256
18651
59062
55108
344
19294
2080
56521
48335
835
42658
61149
2248
34915
405
386
8232
65533
4194
129
1273
99
2462
54969
49612
1523
16384
40245
12319
63674
16384
63502
63839
55488
8192
20702
15498
2105
57776
48809
2560
514
98
933
110
19425
57690
49890
52416
2436
60445
35245
249
12568
32
8558
27571
9116
58006
4915
9623
63797
158
494
1342
9118
6286
255
3301
0
46747
198
27138
1083
8317
16419
4752
61283
44609
4099
4480
16607
8576
2547
1088
4368
11423
2170
44448
2719
552
4479
34169
16887
8256
42101
36
25607
9266
2622
2304
6479
54272
1215
27075
46503
18016
28145
1273
19125
18941
756
16835
390
42196
650
10450
35156
8208
133
48
63571
2049
8447
10175
32162
5307
2048
1950
269
0
6374
36616
47266
33130
40021
72
38987
8641
508
6674
0
44490
46593
1312
44655
39308
16
4100
638
60403
14
1089
4104
53367
39627
1034
16654
18850
16
20324
344
68
63642
4805
1422
4554
2718
59652
4456
1472
62011
4134
51251
968
66
58706
57375
24792
260
51226
27900
40906
2808
753
50247
42774
716
63298
54033
43100
6596
20979
72
43301
16824
80
38989
63032
8192
42056
61950
36085
8317
24862
2192
13818
5