57
21
21
3
206
2068
45640
61832
58374
24859
50988
42871
5122
54567
1375
54544
17
59080
4698
25086
25177
4601
37265
16645
118
5168
248
17121
50149
8416
8680
9056
38210
454
8206
44525
4436
40747
8570
8469
34
253
56667
17149
59156
1350
8704
46408
254
18651
58953
54970
344
19294
2271
56631
48176
956
42658
60962
2358
35229
107
386
8232
65533
4253
129
1030
99
2144
54854
49202
1523
16384
40394
12319
63812
16384
63729
63649
55614
8702
20702
15732
2105
57422
48809
2815
514
98
858
400
19230
57690
49693
52542
2436
60642
35245
249
12568
32
8558
27468
9116
57961
5068
9576
63797
158
494
1342
8800
6512
255
3098
0
46949
312
27644
1083
8317
16419
4974
61085
44609
4605
4479
16607
8576
2061
1470
4334
11617
2436
44448
2719
552
4479
33927
16393
8638
42122
36
25848
9421
2622
2559
6479
54272
1215
27075
46424
18079
27918
1287
19275
18941
523
16445
390
42196
650
10285
35156
8208
122
207
63571
2302
8447
10175
31836
5307
2303
1632
498
0
6424
36598
47197
32916
40106
72
39092
8255
2
6674
255
44084
46846
1312
44945
39308
239
4602
638
59917
241
1089
4343
53367
39627
1269
16624
18850
239
20379
166
68
63844
4666
1422
4405
2718
59652
4246
1343
62011
4313
51404
968
66
58706
57375
24870
507
51226
27900
40757
2567
526
50247
42985
563
63298
54033
43100
6202
20979
183
43482
16454
430
39090
63430
8702
42056
61950
35850
8317
25057
2414
13818
507