68
4236
1039
4168
256
18432
2048
0
2052
2
513
16
256
8192
18480
5120
32
1104
2
10242
4
16384
4609
176
24576
1280
0
0
2064
1056
17408
0
320
5120
8194
4104
528
88
96
225
4
8272
8192
48
288
7424
36
8192
64
520
32
1058
256
384
6672
8209
17408
32
520
8352
0
544
64
16416
16400
17408
2562
0
4096
138
1025
8
12
192
4
0
16
1154
4097
2176
3072
1028
1152
4128
9
192
2112
4120
0
1
4160
0
640
8192
32
32
4356
33
16384
88
18432
33
16
128
16
129
10240
1
256
18432
16384
2
16424
512
4
0
64
64
2
16418
640
0
1024
1
1040
256
608
0
288
14
4097
272
128
2560
1033
16520
1
0
544
64
2704
1152
131
3
1092
4608
192
6144
16640
2049
80
176
4226
8192
12288
512
4096
2084
2560
65
256
12
8
2176
2112
5120
82
2080
16384
0
65
12288
1536
38
8192
546
0
3072
0
129
16384
4112
16448
1
8
2048
264
24
3076
320
128
0
1
16400
4096
2
32
0
20
2368
13056
40
1024
20480
3328
16640
0
16384
3072
8704
1536
514
320
18432
0
24
28
4
4
8193
0
16384
6656
14
0
20
528
516
8
2128
129
256
6144
0
257
4104
0
16385
1032
4609
8194
3
8704
20480
0
16400
256
8194
34
16
8
12
4
16
64
2176