2975
65504
8225
60635
49
40587
9524
61637
2254
20999
60880
39046
6140
29627
267
2755
43008
24663
23582
3478
26575
263
38319
33616
16545
4961
54668
8800
17451
13181
55888
24094
36730
42771
50529
46664
15294
16904
40109
16072
460
1508
14964
21482
31040
12601
2543
2868
1400
61568
11929
64043
6148
5003
33455
77
32434
1385
6788
53988
42243
21667
3276
17649
3652
64704
4509
2138
26289
8412
2264
64888
48475
55236
22581
12615
12748
57775
9012
9020
62835
17057
4722
14255
47729
53018
27282
37465
6212
34482
2542
51503
17952
13127
387
22419
8409
54351
12761
16847
64868
2676
31814
26816
22718
24974
204
598
17191
29673
16552
59543
22775
5524
5748
59390
21935
2403
17462
22589
53551
48734
45514
14110
18478
59255
39682
44433
41949
24708
49637
10357
1094
12727
2278
37273
11
11734
2072
22657
2230
18821
61645
2536
55303
51780
4687
20852
531
7736
8329
1560
51370
4224
2039
611
2222
31558
16609
4485
35986
23126
29516
36191
57421
5584
61786
33
58467
27848
52057
55111
8779
1158
21809
1319
8269
63423
9682
50190
52823
52
26568
4919
6612
9940
18105
63636
14451
16206
39409
58211
3456
53113
44566
9780
8578
16585
8945
1430
52602
59869
6120
2281
1146
16666
329
57317
60769
12324
16790
5081
434
17212
960
63574
53388
24610
319
19402
1476
36207
8110
2113
11201
60423
14295
17810
10398
46787
60606
12654
1572
5576
2069
750
57786
11371
6725
23047
1345
44431
51874
4738
25277
18692
8722
282
6
26075
19524
40413
62104
42880
2456
729