65445
65376
37389
7
0
20451
26994
13643
23216
50738
54512
13176
45476
23686
6190
14898
40688
53297
8270
49469
47226
13709
10942
2158
62560
44563
34035
40422
55529
54756
25914
38620
58336
65310
20728
46995
57862
35993
4595
6105
19896
17017
40960
65391
5590
2453
23704
46203
8562
38351
53649
961
12532
14448
45081
35578
42826
10270
2548
17273
55470
16247
20733
12408
52367
44705
818
61093
20043
32578
27704
26028
52790
996
10963
63435
10272
60387
64904
46929
9414
37711
38819
54973
4460
35841
42434
481
33706
28599
156
61065
11895
3118
36450
12428
9874
49138
64426
58853
59900
626
3988
16782
3217
651
30222
52694
4386
29385
44070
35856
42880
20727
25540
20587
2368
57982
28
27864
54920
48584
40806
5804
16484
8918
63186
56031
32889
22986
16384
696
12339
39636
145
20456
888
27793
36037
4455
27282
65434
53200
1161
7414
64233
48572
29418
52746
28267
61016
65369
43256
550
39857
42011
58994
58419
29372
696
58352
33952
7110
27108
4100
15753
62631
22088
19837
16064
21525
16657
62709
48166
28832
31962
62885
15681
21116
28829
52072
48034
36732
33450
33993
64048
6010
44837
47344
54195
18022
48335
20504
19521
56900
10738
19184
61103
48198
22727
2386
41834
30554
11322
62576
23276
5396
6469
41020
1224
48380
32478
29644
43217
8625
1024
33
13401
24632
44701
59266
37112
37558
11496
4988
23763
47790
31539
16827
16624
42475
23913
18685
49845
54422
58636
49884
43575
43648
57012
2048
12167
18642
26491
12789
50633
49060
1644
45574
18580
44950
45043
29303
14
64802
12424