65317
42
21
0
0
20451
26962
13643
21168
52786
54512
13144
37284
23750
6190
14906
40656
53297
8270
49469
47224
13581
10938
2159
62560
44691
34035
38374
55497
54500
25658
38620
62432
65294
20728
46995
57862
35993
20979
6105
19898
17017
40960
65391
5590
2453
23706
46203
8562
38351
53649
960
12500
14416
45083
35578
42826
10782
2532
16761
39086
16245
20733
12408
52367
44705
802
52901
3659
32578
27704
26028
51766
996
10947
63467
10272
60387
64904
46929
9926
37711
38819
54941
4428
34817
42434
481
33706
27575
1180
61065
11895
3374
36450
12492
13970
49106
48042
58853
59900
1650
2964
16782
3281
651
30350
52694
12578
25289
44582
35856
42880
20727
25540
20587
2304
57982
28
27864
54920
48584
40814
5804
16484
8854
63186
56031
32889
22986
16640
696
12339
39668
209
20458
892
28305
36293
20839
27282
65434
53201
1161
7410
63721
48556
29418
52746
28271
44632
65113
43256
550
39601
42011
58994
58419
29372
696
58352
34016
6854
27108
4132
16265
62631
22080
19837
16064
21525
16665
62709
48166
28832
31960
62887
14657
21116
28831
52072
45986
36733
33450
33993
62000
14202
44325
45296
56243
18022
48335
20504
19521
56900
10746
19184
61071
48198
22727
2386
41322
26458
3130
62544
23276
13588
6469
41276
1224
48636
32478
29644
43473
8627
1024
32
13401
24632
44697
59298
38136
45750
11496
4988
23763
47782
31539
16826
16496
42987
23849
18685
49845
54418
58636
49884
59959
43648
56980
2560
12167
19666
26491
8693
50625
48548
1644
45572
22676
44950
45043
29431
2062
64802
12416