65317
42
1045
0
2048
20323
26970
13771
21170
52786
54514
9048
37284
23750
6254
14906
40657
53809
8526
57661
47224
14093
10936
111
62561
44691
34035
46566
55497
54500
25658
46812
62432
65294
20728
46995
57862
35997
20979
22489
19898
16985
41984
65327
13782
2453
23706
46207
8566
38351
53649
960
12372
14400
45081
35576
42314
10782
2532
16697
37038
16245
20605
12408
52367
44705
802
52903
3915
32578
11320
26028
51734
997
10947
63467
10272
60387
64904
46929
9926
37711
38819
54941
4428
34817
44482
993
37802
28599
5276
60553
12151
3886
40546
12492
14226
47058
48042
58853
59901
1650
2836
16526
3281
715
30350
52694
14626
25289
36390
35864
59264
20727
17348
21611
2304
59006
28
27856
54921
48584
40814
6060
16484
25238
63184
56031
32825
22986
16640
1720
12339
40692
1233
20458
888
28313
44485
20838
27282
64410
53201
3209
6386
63721
48428
21226
52746
28271
36440
65369
43256
678
39601
40987
58994
58419
29372
680
58352
34032
6854
25060
4196
16265
62631
22080
19837
16064
21525
17177
54517
48166
28832
31962
62887
14657
21116
28830
50024
46050
36733
32938
33993
62000
14202
44325
45304
56243
18018
48335
20505
19521
54852
11770
17136
52879
48198
18631
2386
41320
26458
3258
62544
23276
9492
4421
41276
1224
48636
32470
29644
43475
9651
1024
34
13401
24616
44697
59266
38136
45750
11368
4988
23763
47270
31539
16830
16496
42987
23851
18687
49845
54418
58637
49884
59943
43648
56981
2560
12165
3282
26491
8565
49601
48612
1772
45572
22676
44958
45043
29367
2062
64802
28800