57
42
1813
3
2096
20320
26969
13771
21170
52798
54514
9048
37284
23750
6158
14650
40657
54001
8590
57693
47230
14093
10936
95
62945
44691
34035
46590
55545
54498
25850
46828
62432
65166
20704
46995
58246
36013
20979
22457
19898
16985
41984
65359
13781
2709
24474
46159
8566
38345
53265
960
12372
14400
45081
35320
42322
11166
2532
16953
37166
16246
20593
12312
52355
44705
802
53031
3915
32626
11320
26028
51738
613
10947
63467
10272
59619
64904
46929
10054
37775
38819
54941
4492
34913
44482
977
37802
28215
5276
60553
12103
3886
40546
12480
14226
47026
48042
58853
59805
1649
2834
16622
3281
683
30398
52694
14626
25289
36390
35880
59200
20727
16964
21995
2304
59006
28
28624
54929
48392
40046
5996
16484
25238
63152
56031
32801
22985
16640
1464
12351
40436
1225
20266
760
28057
44293
20838
27410
64346
53009
3145
6338
63729
48428
21210
52938
28271
36440
65369
43256
677
39553
40983
58994
58419
29116
616
58355
34800
6854
25060
4196
15881
63399
22128
19813
16088
21525
17153
54517
48160
28832
31962
62887
14529
21068
28830
50024
46050
36797
32940
33993
62000
14202
44325
45280
56243
18030
48335
20889
19521
54852
11769
17142
52879
48166
18631
2398
41320
26458
3258
62544
23279
9684
4445
41276
1272
48636
32486
29632
43475
9651
1024
36
13401
24616
44697
59265
38264
45750
11364
4988
23765
47270
31539
16806
16496
42987
23883
18591
49845
54418
58637
49872
59943
43744
56985
2560
12165
3282
26491
8565
49602
48612
1772
45572
22676
44190
44995
29319
2056
65058
28800