57
65504
1045
0
49
20320
26945
13365
21069
52798
24184
9048
54532
23750
6254
14789
17648
54001
8589
3815
47614
48346
10823
401
47896
44693
33792
46529
55545
54500
26373
64492
56320
61073
37752
46995
6368
63233
20501
46895
11872
16998
52652
52925
13781
5425
26540
46545
8560
38341
21330
766
12388
14718
2490
35079
14480
32160
38622
42020
37329
16246
20879
12312
52348
44895
7352
52263
4023
32396
8016
14004
51738
46197
17438
62997
10706
24411
13680
32255
9848
9233
38819
38373
4748
34913
19756
52058
34432
54303
5474
60533
64900
4049
40548
11104
14189
46925
12106
58853
59746
19004
46308
16622
3281
53539
30241
53032
55704
25142
36390
35883
16384
20745
54996
32145
2559
58910
40886
28616
54929
48368
35538
5794
25008
24937
63152
56097
0
22985
16766
1464
12504
39946
1231
1076
615
19999
44317
23834
27410
64218
53015
3529
6237
6126
48595
21210
63748
28335
19674
58077
43256
36565
57498
41841
49016
59187
29372
520
57869
57551
6662
24964
46800
16265
63399
38818
20379
16150
21611
40425
54509
48184
28764
34402
20656
14398
21068
13523
49750
46050
36416
32876
33993
62032
14213
41543
17536
43719
18030
41207
20889
19521
54820
11765
37728
53007
48166
11144
21952
41192
26276
3234
57280
23276
9290
4317
41276
10616
48636
32536
29246
43475
9293
1024
48504
17078
24616
39395
59262
38264
45878
11674
41408
23851
34642
31437
62020
35831
40308
23669
42432
34821
11982
25894
10176
60383
43872
56938
2815
12283
57752
26500
8328
25964
48636
1810
45572
22890
44318
44858
29343
2295
20576
3968