57
21
21
62461
49
56140
26945
13365
21069
52798
20078
1357
41976
23750
6254
63414
53472
3774
52073
3815
47614
26821
10823
401
47896
44693
2790
46529
55545
40391
26373
42445
9408
37744
37752
46995
43708
63233
15599
13242
43280
16998
48002
52925
13781
516
6270
46545
28176
42290
18464
459
57136
14718
53124
15312
14480
22062
38622
27625
10133
56633
5457
1753
8380
17438
7352
37348
4023
21831
8016
57453
36818
46197
22848
42698
34362
19470
43220
32255
29832
9233
57087
14482
2360
3852
40832
19459
38776
54303
41992
29978
26828
4049
12712
7937
14189
46925
8424
58853
59746
38258
53784
6791
3281
53539
27319
42876
24768
63945
60124
19644
16384
62872
30050
32145
35351
58910
21568
64593
54929
48368
35538
46631
2868
8428
61490
39971
0
22985
52602
42549
22092
16896
1231
7974
615
2454
41855
65423
21126
34893
47497
63034
64461
35020
28993
64071
43376
794
19674
58077
21344
27964
57498
7483
29916
59187
21120
57193
57869
57551
15392
63201
15404
8767
30977
6395
58875
16150
4887
65171
6805
17803
50688
34402
20656
27612
20122
3616
31906
11896
36416
46334
3161
45207
14213
14476
64708
11786
18030
58233
59353
1215
54820
52786
18332
24709
48166
11144
21952
48214
11280
25868
32756
10066
46460
54798
33132
49319
42328
25413
29246
32510
29089
49961
48504
14301
58958
32631
59262
25790
45878
11674
41408
23851
34642
61447
35168
57645
40308
23669
42432
56138
11982
3408
43476
60383
16808
56938
2815
37913
57752
26500
8328
21111
33040
59931
45572
22890
39460
5188
20387
2295
20576
45954