63
4140
821
962
49
136
5
11
146
17096
112
8585
1543
16448
1062
2241
16
27
106
8198
8722
518
1024
1746
16944
2599
8696
4354
8480
16385
104
16492
8
1024
2324
8198
9126
452
5494
1427
0
17
742
384
11276
2168
21579
12
5104
11
775
16867
4176
12844
164
8379
1160
2443
4362
248
16646
576
464
74
8272
708
454
387
1112
4864
6
1152
116
96
18432
8394
18900
386
392
400
5
16740
8544
6508
60
24676
66
5776
160
4152
16907
130
32
131
516
8326
66
1410
384
796
72
16590
25352
2060
800
1452
8576
8258
26139
24994
288
49
19476
17004
112
290
10444
1088
16898
17251
8398
527
432
794
2315
16
480
3077
775
1112
16489
1418
5574
112
8277
16992
3078
16409
6273
96
6732
192
600
24
16432
18536
6546
18468
392
663
4153
17144
8836
554
9960
5218
560
768
2308
24
34
14
36
5504
12
8504
1712
4273
13490
6272
2232
1027
48
1408
257
8212
1123
8899
3456
260
17772
385
21520
48
16864
48
24800
8550
400
16468
2515
2636
16604
898
17162
615
8192
59
24598
256
5126
98
1123
901
23
16448
11093
323
27
732
264
0
2118
8268
32
131
8240
8198
2208
48
1126
1792
4352
2141
387
4659
16390
8260
774
836
4096
1110
8583
71
1216
795
65
780
10
476
544
768
8304
16508
786
8328
8195
8258
1120
688
16838
9328
973
98
10262
2090