57
4143
821
930
49
904
5
11
145
17096
124
8581
1543
16451
1062
2241
400
43
105
8192
8466
512
1072
1745
17328
2599
8600
4354
8512
16385
104
16490
8
1024
2324
8966
9126
450
5398
1427
24
17
746
384
11276
2552
21579
12
5104
203
967
16771
4560
12844
164
8379
1160
2379
4362
248
16646
588
476
74
8272
708
454
3
1112
4867
10
1152
116
0
18624
8362
18708
322
392
400
29
16764
8556
6516
60
24676
66
5776
184
4920
16907
130
32
131
516
8422
66
1410
408
28
72
16590
25352
2156
784
1452
8588
8642
26139
24994
288
61
19476
17004
104
290
10412
1152
16898
17275
8386
527
384
794
2507
32
492
3075
775
1496
16489
1418
5574
118
8245
16992
3270
16409
7041
96
6732
960
603
24
16432
18520
6546
18468
392
663
4153
17096
8836
554
9960
5218
560
768
2308
24
18
110
39
5507
12
8536
1456
4273
13490
6278
2232
1027
40
1408
449
8212
1147
9027
3480
452
17772
391
21512
54
16864
0
24800
8534
400
16468
2515
2380
16592
898
17162
615
8192
91
24598
256
5222
98
1120
901
17
16832
11093
323
27
732
264
0
2118
9036
32
131
8232
8198
2208
40
1110
1792
4364
2205
483
4659
17158
8260
822
900
4096
1494
8583
95
1216
795
65
780
9
474
544
864
8304
16508
786
8328
8207
8322
1144
688
16838
9712
781
98
10454
2090