4
65376
29
8
0
2048
8192
0
2176
4354
16896
4096
256
1536
18432
5120
16384
1024
0
34
4
18432
4096
9360
24576
2
0
4096
6144
4128
5
0
320
3586
4098
20480
1552
536
98
2177
1028
532
8704
176
0
6148
4
8192
64
40
2088
1025
256
4352
6144
513
25608
544
512
128
128
4096
16448
20513
145
18688
2562
16
64
20610
1088
4104
12300
8384
0
11
32
1042
4098
16512
2048
9216
4228
32
72
64
64
12304
8192
2
4096
2048
0
32
256
4
6912
1
16401
336
2065
33
0
0
272
1025
8193
4
0
16392
2048
131
16480
256
5
512
8256
2562
16394
20514
1680
4096
0
81
128
16385
64
8200
1536
42
65
2
4096
3592
1537
130
16385
8192
0
64
144
1072
3
129
6
16
4161
0
0
0
18
8336
4128
12288
24576
768
12288
4
2048
4
516
4108
16424
134
6152
16
16
6176
17410
0
8256
4096
8
2
0
4738
0
2112
0
161
18496
4160
16418
4096
0
2304
264
24
2308
256
136
8704
8193
16
4160
16
160
0
0
2368
8707
8
0
4160
3072
4480
0
1024
1024
9216
0
582
256
2049
0
4104
524
2308
32
8288
64
768
2560
9
8193
4
512
4
520
2064
16385
2080
4224
256
16642
0
512
16385
128
4608
8266
66
8192
2
4
0
272
8258
16418
0
8
12
4
0
1088
2176