510
65504
21
0
510
2112
1534
510
2556
3
2046
4606
0
3070
18942
5631
16384
3566
0
2082
0
17408
4353
1390
24576
127
0
4351
18432
32
2302
8447
447
1538
4098
20988
751
739
2462
2431
235
528
25088
207
256
6399
263
10750
446
1014
313
1470
126
4352
6654
256
17417
734
1536
382
127
5375
16575
20990
17
18878
2492
0
191
16518
1534
6391
8435
318
0
264
1024
1026
4128
1406
8702
8192
4228
32
4598
8513
2112
12304
510
508
6654
2048
255
1022
0
1534
6912
255
16591
81
2542
8225
510
256
2542
9472
8431
5
255
16886
1279
162
24640
1792
507
769
8257
19199
20482
4317
2704
4160
255
8382
256
1
96
502
1024
42
1
128
4096
3062
1537
63
256
8192
502
576
144
1263
509
1278
474
0
321
2305
256
385
26
148
4256
13310
8192
8958
12288
378
2048
0
510
4381
16392
346
6652
0
144
2080
2
2
192
4353
247
6
2
643
511
2558
4606
479
18528
4416
16606
4360
0
2080
8438
152
2552
384
136
520
2559
16
4223
512
289
254
259
2816
8958
8
1534
4287
3582
122
4
1534
1279
9216
258
761
1534
2559
0
265
1011
261
353
8481
254
511
2821
16886
8193
506
8959
8453
1014
239
16449
2558
4351
16640
17919
191
759
20734
255
4609
9282
316
8574
1534
16641
16639
256
8515
221
255
246
498
314
8
17854
2433