37945
65504
4117
58877
0
8959
5280
2287
10746
19489
65525
42485
66
31990
3314
8687
1526
54237
47332
8702
112
55318
1143
9150
8208
12
58085
8703
55779
19117
48865
52173
47072
273
28237
65247
55003
43830
20468
16890
21172
57559
479
33194
5152
765
25764
47119
24605
4715
58606
160
50669
35785
58057
491
43210
414
51140
52038
31368
254
2526
31892
55504
43201
383
2048
57172
38266
62394
36024
0
46190
53190
36712
8464
44132
928
32608
64671
36009
8970
63387
38826
35496
50603
16766
52984
0
1344
63651
19110
3
1938
3012
1086
477
413
3641
18
56730
63335
50073
37292
51111
44690
223
1022
127
4575
42149
17872
49692
1024
25360
23455
32791
44169
511
53132
57009
42118
15624
38507
5110
3844
2304
0
37230
33406
35967
39673
51839
55674
39769
64888
511
32
1024
57464
46439
256
576
2080
8561
1502
41690
38617
416
8702
34
9164
43639
21320
47465
62051
62820
50464
38321
247
0
33745
16630
11355
12416
255
38809
15658
51118
44642
39765
4096
4350
46698
59729
38224
47726
4160
7117
1534
9737
48284
29328
2558
254
34629
53309
16384
1014
4096
25216
40381
46657
57151
18685
510
502
383
16385
59743
14717
16876
61747
63666
24345
64813
49969
6160
42364
39442
37233
0
58411
28052
4351
57447
4709
56360
61493
34596
16416
47520
4478
59188
46375
41212
36949
3412
58651
46396
494
59927
511
34550
58922
750
494
15858
1534
11294
38159
40714
41230
9467
63945
21475
17150
61446
16640
45829
57347
21
4351
2694
2