121
16396
17
80
49
512
513
0
0
8768
40
2048
2052
8192
2048
144
2
8210
16392
192
5
514
4
8448
128
8736
2368
4736
2080
260
20
8704
516
4226
1088
32
64
2064
8
1040
16896
576
66
8320
1168
16384
4112
257
513
32
8192
0
8
1024
8192
0
576
8
512
544
24644
512
32
768
256
0
4098
1536
0
16385
2048
256
8192
1028
768
2060
16384
0
128
8
17152
16512
8
16448
1
4097
8194
16402
18
2176
0
516
0
8200
0
2312
8452
769
16484
4352
64
16512
1092
3072
16384
262
8320
1028
6
8225
8
2050
0
2052
17408
1216
6152
0
0
8272
18688
33
2057
4612
1024
16450
2176
1044
32
0
64
274
37
16
4384
8
160
64
5160
768
516
4096
4100
2
24576
296
4
512
1024
0
97
0
4096
10272
1
0
1168
8576
16400
2176
2048
16384
0
16
64
16385
1026
1030
18433
432
137
8
128
16
4240
8262
4130
20736
144
8192
0
512
16448
80
0
1030
1028
256
2592
1
516
8192
258
0
8208
10256
2082
416
1044
16
16385
1284
2120
0
32
1026
4104
532
1041
16
2
1032
513
10496
4
2048
16388
128
12288
8208
130
8192
5120
4097
12288
24576
19968
130
2050
256
96
128
32
16386
2
4096
20512
2049
1408
0
81
4
640
9
1536
4164
3072
72
16384
4096
64
320
2050
16386
0
1024