57
12
21
80
49
512
513
0
0
8704
40
2048
4
0
2048
16
2
8210
16392
192
1
514
4
256
384
8224
2368
4608
32
256
276
512
512
4226
1088
32
64
2048
8
1040
16896
576
8258
8320
1168
16384
4112
257
513
0
8192
0
8
1024
8192
0
64
40
0
32
24580
0
32
512
256
0
4098
3584
0
16385
2048
256
8192
4
256
2052
16384
0
0
0
16640
16384
8
16448
1
1
8194
18
50
2176
0
516
0
8192
0
2056
8448
257
16420
4352
64
16512
1028
1024
0
258
8320
1028
4
8224
0
2048
0
4
1024
1152
6144
0
0
80
16640
1
2049
4612
1024
16450
2176
1040
32
512
64
258
5
16
4128
1032
160
0
4136
768
4
0
4100
2
8192
296
0
512
0
0
33
0
4096
2080
0
0
1168
8448
16384
2048
2048
16384
2
16
0
24577
1024
6
18432
304
9
8
128
16
4112
8260
4128
16640
128
0
0
512
16384
16
16384
1028
4
256
544
1
512
8192
258
0
16
2064
2050
160
1040
20
16385
1280
2120
0
32
1026
8
20
1025
16
130
8
513
10496
4
2048
16388
128
12288
8208
130
8192
5120
4097
12288
24576
18944
128
2
256
32
640
32
16402
0
0
20512
2049
1408
0
81
4
128
9
512
68
3072
72
0
4096
64
320
2050
16386
0
1024