455
4300
2165
86
49
512
513
3
3
8718
232
2080
8218
48
10291
22
14
8210
16392
195
97
16996
388
128
784
8260
6491
4288
32
304
276
512
512
4250
1474
32
76
2096
8
1418
16896
2380
8270
9120
1168
16388
4880
1
513
176
8602
70
1806
1027
24672
0
64
46
115
224
24772
256
224
512
448
0
4609
20028
48
16401
2098
512
12291
4
272
2052
16384
0
0
336
16640
16782
56
16496
1
385
8218
810
65
6208
100
516
0
12480
0
2104
8496
301
19236
4364
64
16452
1154
1072
96
258
8342
3076
52
8258
192
18528
8
388
1142
1152
6144
1024
0
48
16640
198
2061
4612
1027
16880
2051
1168
432
704
66
458
117
2160
4160
1256
160
0
4208
656
16400
276
4126
114
12675
299
24
560
704
704
569
208
4364
2080
2144
2822
1212
8496
16396
2182
2179
96
50
1080
1030
25349
1100
62
18944
384
143
56
136
16
4480
8258
4106
16640
396
8246
364
16992
17056
531
16484
1032
28
256
580
97
512
8688
258
96
2160
2064
3482
419
1040
788
16633
1280
2120
1072
32
1026
2824
20
1025
4104
898
200
537
10592
201
2092
16386
16572
13056
8198
130
8192
5824
4097
12384
25388
18958
576
210
344
123
2688
438
16602
11
800
20536
2241
1824
832
593
245
660
9
512
68
3097
2888
2912
4400
67
320
2154
17154
193
1539