56
19346
149
18816
2105
0
4
16896
3204
25006
16703
6399
5128
16878
8200
3323
2527
16394
4610
0
9536
4161
6526
18539
9470
1119
66
64
2048
8497
24822
514
4928
34
8636
8224
8201
9134
10252
8435
1018
1020
8962
561
272
16817
734
221
9727
24628
16871
1522
389
11040
0
160
4215
8576
18977
208
8192
2080
72
0
25054
6654
16895
0
19456
2170
1526
6404
2151
1534
16768
144
476
1281
17278
408
508
2048
16641
4348
8414
2144
8198
8196
4863
290
25092
5137
395
2550
18619
477
8228
18654
833
308
119
8415
1024
10816
2558
512
255
8703
4239
2270
220
193
5626
16672
254
544
1058
48
2301
5118
24576
2309
370
17398
4335
136
5184
508
568
4377
1288
0
1279
12290
9728
10240
1022
528
264
12538
510
25309
321
16932
8407
9468
9459
70
18688
6209
239
8407
2306
513
18139
12668
4929
257
2542
9134
2271
16386
4608
513
2238
2052
16
276
12511
478
511
9463
11004
462
4389
6144
1502
257
255
5249
123
47
1239
4608
255
4268
137
4112
8448
273
3006
334
3588
190
5610
238
5343
280
1040
32
1088
4108
16894
125
3074
16893
18926
272
18725
222
16641
16720
5118
536
7166
2303
257
16
239
16709
511
2558
8942
7
245
8371
24639
1286
2433
656
241
2431
8
313
161
834
247
8273
358
2294
17878
290
20520
1020
4176
194
16603
2303
576
175
274
253
24833
2175
5375
1029