568
19346
21
18816
2169
4
6
17920
3204
16814
319
6399
5128
16876
8
3323
2527
16386
514
0
9552
4417
6526
22635
9470
9311
322
16448
3072
305
8438
512
4960
34
8636
8224
8217
9134
10252
24819
1018
9212
8962
561
16656
16817
734
221
9727
25652
16871
1522
8581
2848
0
160
4343
8578
19105
208
9216
2084
76
4
25052
6655
16895
0
19458
2138
1526
6468
2151
1518
384
144
1500
1297
18302
920
444
2304
16641
4348
8412
2152
8454
8196
4735
290
25092
5137
395
2294
18619
477
8484
16606
961
308
115
8415
1088
10816
2542
512
255
10751
4231
2270
220
193
5626
16672
4350
544
1059
16
2297
5118
24576
2305
368
17398
4591
136
5184
508
2616
4369
1288
8
1279
13314
9728
10240
1022
528
2312
12538
8702
25565
1345
21028
8407
9340
9459
70
22784
6209
16623
8407
2818
513
20187
13180
833
256
10734
9134
2527
16386
4608
513
2494
2308
18
276
12511
2526
511
9463
15100
206
4389
22528
3550
257
255
5249
4219
47
9431
4608
255
4268
137
4096
10496
16657
3006
330
3588
188
5578
238
5343
4376
1040
32
1088
4236
16894
117
3586
16893
18894
2320
22821
206
17153
17232
7166
536
15358
2175
257
16
239
16709
495
2550
8910
8199
241
8371
24635
1414
2433
688
241
2431
8
825
161
322
119
8273
366
2806
17878
290
20584
5116
4432
226
16603
2303
576
175
274
189
24865
2175
5375
1029