57
19347
21
18818
49
260
6
17920
3212
16814
2367
6399
5128
16876
40
19707
2523
16386
515
0
9560
4433
6526
22635
9470
9311
450
17472
3072
305
8438
512
864
34
25020
8224
8729
9134
10252
16627
1018
9213
25346
561
16656
16817
606
221
13823
25654
17383
1520
8577
2848
512
160
4343
8578
19109
8400
9728
2596
78
4
29148
6591
17919
0
19458
2138
9718
14660
18535
1514
384
144
9692
1301
18286
920
444
2304
16657
4316
9436
2280
8454
8196
6783
290
25092
5137
8587
2294
18491
2525
8484
16604
965
436
8307
8447
1088
10824
2542
512
254
11775
20615
2206
220
193
5626
16672
4350
552
1059
16
2553
5118
28672
2337
376
17398
4591
136
5184
492
2744
4113
1416
40
1279
13826
9728
10256
2046
528
2312
13562
8702
25567
321
21029
215
9340
9458
16454
22788
6209
17135
8403
2818
513
20219
13180
833
256
10670
9006
3039
16386
4608
513
2494
2372
22
276
12511
2526
510
9463
15100
238
4389
22528
3550
2305
255
5505
4219
16431
9431
4610
255
4268
169
0
2304
16657
958
322
3588
60
5578
2286
5327
4376
1048
544
1088
4236
16890
117
3594
16895
18894
2320
22821
4302
18177
17232
7166
536
7166
2173
1281
16
231
20805
239
2550
8846
10247
240
12467
24635
1414
3457
688
245
2431
12
825
8353
322
119
8273
366
2806
17878
8482
20584
5116
12624
1250
219
2303
576
16559
274
189
24867
2687
1279
1045