4096
142
15
8
8448
0
2048
128
0
2
512
0
4
0
2048
4096
4096
1024
0
2
4
0
4104
272
8208
1
256
4096
2048
32
512
16
64
1024
16
5120
576
8
64
1
0
16
0
32
0
4097
0
10240
72
0
8224
1026
0
0
4100
256
18432
256
516
4224
0
0
64
32
2064
256
10
2
0
66
0
0
8
16384
0
0
0
1056
256
0
0
8192
128
32
12
8
0
4096
0
0
4096
6144
0
0
16
2048
320
0
16384
96
2064
34
2
0
16
0
10240
256
8192
0
0
2
16384
528
4
0
0
0
2
2
384
0
2
9
0
0
2048
0
128
9
256
512
0
2048
1280
2056
0
4
16384
65
272
16
4098
16
64
1
0
1
0
0
16
17
130
8192
8192
0
12288
516
16384
0
32
132
40
4096
2176
1024
16
0
0
64
4160
4096
4
16384
2
0
0
0
0
513
16384
12288
2048
1
0
2080
8
8
4100
256
128
1
4
20
4096
0
288
2
0
2048
8192
8
0
2
3072
288
32
0
0
8192
0
2
0
128
0
64
8
2052
0
0
32
2048
10240
2
9
0
1
0
8
16
1
6144
8
256
0
32
2
16385
32
4096
8192
6
2048
0
16
0
512
8192
130
24
2056
2052
0
0
320
128