33593
21
0
0
0
13518
11787
39943
22612
16808
42732
6251
46255
16656
594
19707
2085
16385
515
1023
33422
2529
6433
41762
9458
9645
1628
35542
27407
21991
8464
895
16512
28007
45419
45670
8921
8752
10495
32316
543
40259
24578
15402
40808
37086
30653
13324
16895
14488
17287
2753
48669
42801
19368
71
8007
8220
24345
8287
5100
2980
22412
410
28956
6215
17601
249
43774
2154
29244
14660
19193
1513
126
55153
22714
1301
39612
1002
476
50018
16611
14103
9508
2088
8953
12861
24597
25403
40030
26527
8843
3062
18854
2525
8451
16425
650
33805
8523
8312
19225
10824
32185
1704
1128
13930
20615
32327
227
5253
5626
17553
4412
214
20053
16
58212
4638
55160
2321
2560
62122
44899
56968
37310
51151
2740
4209
56954
13908
46697
13826
10366
35632
2046
652
25842
37429
28810
25376
381
21029
6500
31809
9709
32492
25008
35030
16342
20931
45337
17434
35679
26703
51441
27925
10926
21965
2321
55007
4352
513
2433
2372
137
16827
37067
4487
30354
5338
15186
26184
21972
51887
25456
22963
14819
44648
23149
16663
9259
6585
50665
35941
8043
0
25249
25894
785
32882
33992
22149
5813
58295
39800
4248
1259
3158
1088
5717
48329
185
47948
23604
18894
2320
22825
4592
18110
47395
26900
536
3458
41269
1231
13244
31425
28193
16139
47024
8561
19936
28080
22320
13162
1438
39753
28301
245
20064
17371
24050
40845
46085
119
37438
3932
30136
33734
8482
50872
6005
12719
1250
11214
27638
27344
16495
6106
187
56635
38521
20758
1049