1098
5
525
32
0
16384
8192
128
514
12
136
16
10
4096
16384
64
517
16544
1
1028
385
64
32
2048
1
1664
544
256
1224
2561
8192
6416
16385
0
8
5120
194
8
8224
8704
0
12672
16448
256
34
4096
4098
1024
4
0
384
16432
150
18560
4096
530
8320
3072
16384
0
3072
2080
34
0
2048
4128
0
1024
4096
4112
24592
16644
8240
128
2064
16416
4104
14368
320
512
32
1538
0
0
4096
129
1536
1048
128
33
4096
2050
528
64
0
32
4224
256
320
322
20480
16
6144
18464
16680
6
2560
9216
4136
12545
16432
8192
8192
20512
16384
41
2048
64
2305
16384
96
2117
12416
72
32
132
20546
512
512
4096
64
2048
1344
48
1024
1
18432
44
16
2048
4368
0
8
10368
512
196
128
12288
4096
26
0
2576
21508
12288
1030
4
8321
128
8193
16384
8204
2112
16384
2048
512
1152
1030
548
8
0
17410
8210
64
68
2048
64
1040
130
1024
1
0
16385
1032
256
8
8323
8712
84
2048
768
256
256
386
320
32
16400
386
10752
2
66
4864
1024
0
20480
133
16392
0
2128
6
0
0
2180
4355
26
16388
16
8
2048
0
2048
3104
17410
208
544
2112
5
16640
128
128
4
4098
144
145
1028
8192
3
16384
2064
2
1
0
4608
8264
16896
1048
770
64
16388
16
192
8192
68
265
128
0
256