1098
65504
21
32
0
16384
8200
160
8706
14
136
16
14
4096
18432
8256
517
20640
1
1028
385
0
288
2049
1
9856
16928
320
1224
2577
8200
6416
16385
0
136
5120
194
1032
8224
25088
8
12672
16448
256
38
4608
4098
1024
12
16384
1408
16432
150
18562
4104
530
8320
3072
16384
1024
3072
2080
546
0
2048
4128
4
1032
4096
4624
24576
16652
8240
640
2064
16416
4104
14368
320
516
4128
1570
64
512
0
129
1600
5144
16512
1057
4096
2050
536
64
256
160
4224
256
320
322
20480
16
6144
26656
16680
518
2560
9216
4136
12545
48
12288
8192
20512
16384
16425
2048
64
2305
0
100
2116
12448
72
32
132
20550
768
512
4097
80
2048
1344
16432
1024
1
16384
108
17
2049
5392
8192
8
10368
512
132
192
12288
4096
26
0
2576
21508
8192
1030
4
10369
128
8193
16384
8204
2240
16384
2048
512
1168
17414
1572
8
0
17474
8210
64
68
2048
0
16
642
3072
1
0
16385
9224
16640
520
10371
8712
84
2176
768
256
4352
386
320
32
18448
16770
10756
0
98
4864
1026
32
20512
389
16392
0
2128
38
256
16
2052
4355
58
16388
8208
8
2048
8192
2048
3104
17408
208
544
2112
37
16384
128
136
6
4098
144
145
3076
8196
67
16384
2064
2
33
2
512
8264
18944
1048
786
4160
16389
16
16576
12288
68
265
128
0
256