1202
21
90
32
126
16506
8442
252
9741
14
136
16
573
4118
19966
24608
8707
21448
10
1434
385
0
2368
2049
773
10044
16928
392
1448
2929
8456
6516
16443
512
4356
5120
954
1279
8412
24892
8679
12672
18632
279
16454
4608
4098
1056
12
16442
1374
16582
206
18509
4104
530
9072
3441
16630
1024
3256
2479
8932
0
3027
4828
4
1430
4281
4624
24862
16467
8207
601
2064
16452
4104
14368
280
532
4892
1625
4224
560
3
129
1734
5144
17284
1057
4096
2050
536
64
268
32
4240
279
591
266
20480
175
6320
26656
552
662
2560
9216
4140
12545
48
12550
8192
20672
16384
16489
2584
192
2421
0
4
3138
12448
200
32
132
20734
792
514
4097
914
2048
1459
16700
1024
773
16512
100
7
2049
5392
12288
2152
2934
536
134
1344
12288
5188
242
399
2256
21508
8707
1034
1079
2183
16626
8193
16510
8428
2303
18462
6336
512
1210
17670
1692
384
56
17474
8430
67
68
2048
0
4104
654
3776
1
0
16507
9296
24934
520
10429
8772
658
2176
9215
256
4254
400
76
16
18960
17010
27380
268
5
4883
1040
1040
20512
324
16392
96
2128
342
256
2838
3124
4371
98
16426
8219
8
2563
8414
2448
3104
17551
208
544
2112
44
16384
4160
2198
6
4098
274
209
3134
8217
67
17788
2320
8242
1
4121
4611
8372
2590
1084
8994
4569
16389
16
16576
4312
484
265
124
58
384