1202
21
34
32
96
16506
8442
226
9981
118
135
14
573
4118
19726
24664
8767
21448
10
1434
385
0
2368
2049
893
10044
16928
496
1428
2942
8455
6516
16587
512
4356
5120
949
1219
8356
24892
8679
12687
18632
367
16446
4608
4098
1056
116
16442
1374
16634
242
18509
4103
530
9072
3457
16630
1264
3256
2479
8932
120
3027
4772
11
1433
4281
4624
25070
16461
8209
598
2152
16452
4104
14424
262
532
4896
1625
4224
560
123
129
1734
5144
17291
1057
4336
2050
536
64
508
208
4268
279
591
266
20510
215
6318
26686
592
662
2575
9336
4140
12785
192
12602
8432
20672
16384
16537
2584
48
2411
120
4
3149
12444
200
88
132
20494
791
514
4217
914
2048
1483
16700
1024
893
16496
100
25
2062
5392
12408
2166
2934
548
134
1344
12288
5188
138
503
2256
21508
8947
1034
1079
2183
16626
8313
16526
8428
2303
18432
6336
512
1210
17790
1692
444
4
17466
8222
67
180
2048
15
4103
654
3776
31
240
16455
9256
24862
760
10429
8794
658
2176
9215
496
4224
400
112
16
18960
17004
27370
268
245
5091
1128
1040
20512
316
16391
96
2128
345
256
2838
3114
4371
109
16602
8219
112
2623
8414
2448
3104
17551
236
544
2172
84
16384
4160
2198
24
4098
482
207
3278
8425
127
17779
2318
8242
121
4121
4611
8328
2590
1058
9170
4569
16394
16
16576
4312
412
505
98
58
384