57
491
34
32
96
16506
8442
226
9730
118
120
14
573
4118
19726
24664
8767
21448
245
1434
127
510
2495
2049
893
10044
16928
14
1428
2688
8455
6282
16587
1022
4356
5375
587
1219
8283
24892
8217
12687
18742
367
16446
5118
4098
1247
139
16581
1184
16389
242
18867
4344
530
9072
3454
16630
1264
3256
2479
8932
120
2605
4772
501
1433
4281
4847
24592
16562
8430
598
2199
16452
4343
14758
248
1002
4896
1625
4224
560
123
126
1734
5606
17291
1503
4336
2050
743
446
2
208
4268
279
688
501
20510
297
6225
27072
687
872
2575
9351
4140
12303
318
12602
8462
20672
16639
16743
2791
48
2411
120
4
3149
12387
55
167
123
20976
745
765
4217
877
2303
1332
16578
1534
898
16527
100
487
2289
5392
12408
2185
2934
548
134
1344
12543
5188
138
503
2350
21508
8947
1269
1079
2183
16652
8313
16526
8466
2048
18942
6462
1022
1210
17790
1692
66
4
17860
8222
67
180
2048
15
4344
880
3902
31
270
16825
9256
24800
774
10429
8794
658
2176
9215
496
4223
400
143
16
19438
17043
27370
268
245
4892
1430
1040
20703
451
16889
414
2128
345
511
2838
3114
4371
146
16602
8677
112
2623
8414
2448
3295
17520
236
735
2172
84
16384
4160
2198
486
4098
482
207
3278
8214
127
17779
2318
8242
121
4583
4860
8566
3040
1058
9170
4569
16394
16
16702
4390
412
505
98
197
384