0
65504
21
0
0
39522
39720
36910
9730
39254
39680
42654
19712
11038
45752
24664
36608
21448
35348
46634
3840
15918
2495
22775
18752
11644
16928
42874
1428
45184
8455
6282
16587
19326
4356
5375
62656
1219
8283
24892
50664
44911
16408
367
16446
5118
1056
63039
139
38821
42816
16389
242
48399
4344
13650
8192
3454
53692
37712
3256
2479
3648
60808
53248
60580
65192
1433
11664
63731
48512
16562
752
64054
64216
16452
8788
17158
42464
1002
4896
37273
25600
56752
24112
126
14980
40650
17291
1503
59840
47430
743
44726
62140
43312
4268
55383
688
375
20510
48281
8164
27072
62976
42728
2575
5997
29888
12303
51832
35366
0
42176
11488
8517
7664
34480
21964
33656
256
64357
12387
47645
10212
123
4224
44777
765
12025
24666
2303
13312
16578
21236
40418
16527
25988
487
30441
5392
48120
18174
12522
548
26278
9472
38551
5188
138
503
2350
51456
41443
5218
1079
2183
51292
8313
16526
51200
2048
25336
55786
1022
1210
17790
1692
66
4
17860
47966
34480
180
2048
21377
4344
23152
23920
61101
31712
16825
9256
24608
774
10429
8794
658
34816
14915
47040
4223
400
19663
61504
27230
39728
27370
268
245
0
64934
1040
25775
58288
16889
414
31408
8448
511
29144
57402
4371
30074
7720
48309
0
2623
8414
2448
53488
23536
18864
735
0
47572
32768
24256
11672
486
28620
47298
207
14766
8214
58773
17779
54254
8242
121
4583
46140
9816
9632
1058
29250
62048
16394
36736
16702
1820
412
505
19314
25462
384