65456
65504
21
0
0
1
6664
132
1024
192
2064
4161
16384
512
1060
16
3072
140
4100
4
1024
1156
512
268
1025
640
4
128
1
16448
10
768
512
2048
8704
0
0
70
2304
16384
2048
16468
64
0
20480
0
16
256
5
8216
384
1088
9216
17152
8704
1024
128
8
1040
40
4097
2048
192
2052
5
2048
8256
8704
21632
0
9
256
1
4096
264
0
4101
0
2304
5
260
44
8704
20
8200
2056
8
0
8704
8320
132
9248
4104
10496
676
17408
5
0
16640
672
2048
4128
4096
18
69
4096
1536
392
4132
16384
16
65
0
8
528
32
4616
24576
37
0
4128
1217
2049
4
768
8192
4128
0
0
2
0
20480
256
0
18440
3072
515
8
56
0
512
2
1024
0
4224
512
12
20992
1024
8450
5120
0
512
1
3073
2176
10
4120
464
2176
16
1032
9216
4
0
64
40
16640
6
8512
2560
64
0
69
34
2688
513
8704
12290
33
8220
0
16448
8192
1024
64
4224
24
80
2304
8
16640
128
88
194
34929
4271
2303
4351
32
6384
24184
1024
136
16468
2046
8447
18658
255
1535
16
0
55896
4097
5120
8192
9
64
1502
8253
40392
3140
49475
36419
58358
250
510
127
246
239
8
1
16942
41
512
1791
511
383
1330
35834
6816
0
251
544
0
55574
5376
34832
8702
144
2
43400
7935
16388
8447
207