     912571367,
     -2113586939,
     -1531526899,
     -416430455,
     953043578,
     311130850,
     395183323,
     2125083998,
     138399856,
     -525700748,
     847965164,
     -1537496441,
     -18069644,
     67702864,
     1342753666,
     -1593485720,
     -1287341929,
     -1996869136,
     -942183426,
     -907627122,
     -1648855268,
     1947724644,
     -1741671580,
     -969571678,
     -1812451108,
     -498034231,
     1527242196,
     -690627184,
     -1988902946,
     -702149172,
     672622013,
     -125910901,
     -1179685574,
     -742388630,
     -1016558573,
     -1308789305,
     -1275481741,
     1342108812,
     -431024144,
     937063006,
     1155308484,
     -1390292857,
     290996967,
     1575086395,
     904928997,
     1455435380,
     -1353514850,
     1498945664,
     -27437083,
     1033436988,
     -1364674749,
     1560451605,
     449762785,
     -348350519,
     -621560113,
     -491155308,
     -916735959,
     234562432,
     -872982510,
     -1677185921,
     716603661,
     -1214026781,
     1805778761,
     -1333329686,
     603050349,
     -1137281352,
     -343018893,
     1807453340,
     -1981093326,
     1634719989,
     1128423338,
     -688888197,
     1359916481,
     771312677,
     -1066533594,
     -1136633894,
     -761836119,
     -1532091292,
     -556969962,
     1629287328,
     -1664622949,
     -563859786,
     -1076817401,
     -2117945203,
     1674844736,
     1634454711,
     -2119280879,
     604450696,
     -1191948162,
     491263296,
     1731549747,
     468925637,
     1681461385,
     -1440833372,
     -1188360930,
     -963604112,
     -2005348710,
     1308107591,
     -1691853647,
     -241657878,
     421479265,
     -377492514,
     1979938447,
     713364235,
     976212484,
     355524413,
     -1619361760,
     -957787215,
     -1957439128,
     773092709,
     2107444467,
     -598749215,
     -589212168,
     492478581,
     -2043209671,
     1673362709,
     1024123106,
     65112578,
     5158306,
     119840853,
     1435650117,
     -1001236636,
     -1715576866,
     -172671880,
     1937513462,
     -715616665,
     2137273752,
     -936334116,
     1587197454,
     -1833569336,
     180649047,
     1613315728,
     -1919505409,
     1836690425,
     -1221423065,
     -18291353,
     2113911259,
     336142869,
     739025138,
     43498558,
     -1109349183,
     -186695076,
     961465047,
     -979218090,
     -1442363793,
     1696605490,
     -1478372766,
     -255656473,
     -613368524,
     -534236103,
     -688403842,
     653055906,
     1103208681,
     1825134691,
     -1866312568,
     1649230896,
     -806203981,
     -524924513,
     731272499,
     150256121,
     -419028359,
     2146223354,
     381723569,
     2024480489,
     544736223,
     1815423657,
     -1864167312,
     -1149432050,
     621076204,
     1939177522,
     -1313739807,
     1378966917,
     1410776854,
     -1251946840,
     -758900684,
     -207795555,
     -1181198230,
     1892714761,
     -1677732372,
     -556504829,
     1599656510,
     -342913296,
     116012657,
     -1627723437,
     -764950023,
     1815464720,
     231745839,
     -1982036924,
     -1236228758,
     981968378,
     -1970635517,
     1376938292,
     1055552877,
     -329528718,
     193510723,
     -1110270233,
     783925567,
     213392918,
     1099649267,
     531844445,
     65926233,
     -1958155180,
     -1382019279,
     -1258314238,
     360201902,
     1908857198,
     -47214606,
     -260532068,
     1479442452,
     368608822,
     -724294396,
     1693953352,
     -1064614398,
     1441718491,
     1154255908,
     2035685590,
     1024519179,
     -2027654967,
     -229733936,
     -1848722953,
     1540588964,
     -1430458458,
     -1590670102,
     -2079179162,
     -1334027526,
     -1135119875,
     -846446744,
     975297501,
     244756125,
     1838728408,
     1293770210,
     -1080514912,
     -1610359882,
     -1129190264,
     -1309714640,
     -365024503,
     -1662682808,
     1381405963,
     1116175113,
     807016324,
     532336332,
     -1392489551,
     105127144,
     -360034520,
     1732756894,
     728513303,
     -282120691,
     -407269074,
     1372137699,
     -870611643,
     -1685824275,
     -1601693842,
     -259807288,
     -246366485,
     1278935489,
     -303968970,
     542547922,
     -1891431581,
     -2022382269,
     -612061213,
     -746343873,
     -652348492,
     -692576647,
     1126365738,
     -1839678146,
     -1914762427,
     1784071619,
     -1935554867,
     1560436422,
     1228802810,
     -852227260,
     -1266055529,
     1287213974,
     1851886463,
     859489361,
     -416129088,
     -997328217,
     2146752821,
     1807274320,
     30102693,
     -1566218631,
     -1811375915,
     -296165536,
     590634666,
     612657834,
     -402349302,
     -1680061865,
     -775875480,
     -1190130680,
     736676981,
     1171861185,
     -2047314704,
     -2007271249,
     1426485962,
     -1759201441,
     69302894,
     -675236712,
     -320407953,
     -1187598867,
     -1313242604,
     252445972,
     534716901,
     373535268,
     1990440042,
     1235165413,
     -1096247528,
     -1840489301,
     306635026,
     1761172363,
     2019225110,
     1903420760,
     792250088,
     -930815099,
     407506253,
     -277662094,
     472261389,
     -1731894985,
     2049489928,
     -404502443,
     -542301908,
     248817002,
     -1144648357,
     -375183683,
     -1397271531,
     1913799817,
     -1686761831,
     -10970192,
     1602490055,
     1515892047,
     949977354,
     -1924343691,
     -985956555,
     -1708663119,
     262710106,
     -345269962,
     1763370807,
     -367072035,
     126576121,
     -1269704915,
     1353996901,
     916709232,
     55493820,
     1794894926,
     -1065052171,
     462589966,
     -5070762,
     -1101127667,
     1957674777,
     -1623718263,
     -496246974,
     -2098282426,
     1716148964,
     -1583886697,
     1351295770,
     790491704,
     -1809312318,
     1152802870,
     802373938,
     -979113797,
     1942433142,
     -1183011045,
     1878778190,
     -1474371791,
     -1264418298,
     -1044995709,
     -1934974391,
     -2068673919,
     -1293610686,
     1738825183,
     -1591092860,
     -1352615612,
     444733365,
     1195480909,
     -1095192000,
     3417894,
     -1947939586,
     -1664505328,
     391708548,
     -724710933,
     706400479,
     -1569288944,
     -768281277,
     -1651299504,
     -1778505971,
     -1726854249,
     -33145574,
     556418673,
     -484455792,
     897161386,
     -828016712,
     1271743445,
     -800113416,
     1020335016,
     -823699533,
     1757576469,
     142851876,
     954937522,
     875230268,
     -1324725645,
     -168222897,
     -339087410,
     -1199396293,
     1003902042,
     -721705145,
     -2061834145,
     119867869,
     -1792181781,
     274571964,
     -1197600026,
     -264144327,
     -1039986341,
     1340034400,
     -1134586521,
     -1768640397,
     1185353937,
     2111523921,
     1980310190,
     -29820366,
     1214659732,
     367624568,
     1771749202,
     -1341517074,
     1123532755,
     1849852518,
     -1288275722,
     1169170807,
     2076406281,
     -786709385,
     -1043370328,
     -622547042,
     -1009079557,
     1769179360,
     1104273106,
     797252420,
     415272978,
     1400277377,
     -1659013587,
     -381964769,
     1447369365,
     -362896928,
     -2072624053,
     -91575340,
     1929915010,
     1148621553,
     -1214798200,
     -1359666703,
     -2146253014,
     1084921195,
     1200058054,
     1075464966,
     1748045011,
     1685232543,
     -1506520791,
     -1108354379,
     -1186706590,
     1486758927,
     115075329,
     426992183,
     1496128010,
     816349225,
     -1053552275,
     -253305794,
     1106060123,
     1010428524,
     -678859822,
     -997098089,
     -1442692010,
     -1355693077,
     -1323835064,
     -2097523940,
     -2060120215,
     -1761665462,
     439490847,
     -1321049223,
     -527686137,
     2136121860,
     1039614823,
     -808665537,
     -1915827280,
     -956164414,
     -1375560695,
     2003572168,
     1956130261,
     -783384041,
     -1729539975,
     1537757208,
     -1578397359,
     -1587860988,
     2010660524,
     -1464199884,
     1176342201,
     1058117090,
     1226246855,
     2106047711,
     205456231,
     628765336,
     50927560,
     -402558799,
     -1619375442,
     -1628998184,
     874071318,
     -645645599,
     -336905576,
     1430889698,
     -1723738972,
     665917479,
     -1121892501,
     1827847621,
     -1606302883,
     2114760007,
     268392210,
     -992092733,
     2073044619,
     1061747497,
     1205640423,
     1446981049,
     2008967274,
     -297255851,
     -2093448738,
     -1300314941,
     1397011145,
     -1255753772,
     1170703561,
     -1533243793,
     -1695193492,
     -975181772,
     1039890835,
     1612644245,
     -244727372,
     382581168,
     -1845231971,
     -1213467697,
     -1801947863,
     -216272604,
     -930608948,
     39077255,
     1257628498,
     1877964723,
     -1214284959,
     1589364605,
     133223665,
     1344130058,
     783061237,
     996826087,
     -344742147,
     78760887,
     1115748658,
     759736915,
     -1247229207,
     -1128323173,
     30773133,
     1471812379,
     917627115,
     397101907,
     444462317,
     816150731,
     -96592686,
     1691316156,
     -240072000,
     -255535672,
     522582543,
     1915621406,
     -1296795700,
     -1862734503,
     227039265,
     704395899,
     -1387181160,
     -2000556761,
     -1407488062,
     -1598667639,
     181598004,
     124572231,
     -857936797,
     -2053667784,
     1247908738,
     -1404575874,
     1148922039,
     812192921,
     2053224749,
     -1416602231,
     -941446656,
     363136495,
     277511372,
     -304040684,
     -2146852490,
     532276246,
     -1450892562,
     -15276931,
     1979357917,
     2089933524,
     -1523947039,
     1603915147,
     1080566643,
     391529880,
     1612056232,
     -524633643,
     654724530,
     -1643315595,
     828734497,
     309474276,
     1320425742,
     -608761257,
     929009524,
     1884872061,
     -1104609554,
     -1321954445,
     -129723861,
     -1257562992,
     1925117572,
     -851395827,
     -761495500,
     1958537233,
     -364165004,
     1414245540,
     -166440248,
     -1284184173,
     604751096,
     213536482,
     -124550263,
     1075829259,
     579361887,
     -695660162,
     -1391357013,
     -241580821,
     -1732337235,
     860057041,
     -1745775877,
     1939303219,
     1123694131,
     -229111041,
     517971899,
     -1362311949,
     1525381369,
     -147415799,
     1070946905,
     -2066089033,
     135613032,
     210621542,
     1877963861,
     -983479695,
     1293346862,
     -2000760166,
     -1314121195,
     6636903,
     446158600,
     1535781124,
     1914242229,
     159607235,
     183919246,
     -497491798,
     1468407957,
     169329009,
     -1597210953,
     1528892664,
     972512014,
     1688496024,
     347269820,
     -246064204,
     1698692862,
     -1306757581,
     1015232609,
     652254429,
     -1491836589,
     1864450881,
     -2097028591,
     -496037662,
     630330901,
     -1122905010,
     2025861250,
     -2088818189,
     -1707283237,
     163228667,
     2016662611,
     1586010356,
     -930280439,
     2084530617,
     1628903376,
     311128617,
     -1265172279,
     -146665519,
     -1042883374,
     1411984951,
     -1866056013,
     -240163506,
     1200103210,
     525883893,
     -1800498593,
     942044997,
     1373438706,
     -411711666,
     -1963645802,
     870421157,
     -1296037912,
     1997168408,
     283330774,
     545319794,
     -575750349,
     1305429488,
     -1666186188,
     -1686503752,
     -1807543596,
     1583788920,
     637661930,
     -982775033,
     2142956335,
     877188982,
     1774349306,
     -1235385650,
     1516556584,
     1612485440,
     -637688747,
     -1229902985,
     1843747284,
     -1185160471,
     -1703595015,
     -178160473,
     -1996907936,
     530781901,
     1906557687,
     744675317,
     1983740905,
     12353516,
     -1718424556,
     -1505461807,
     -2115147146,
     -953604427,
     78543474,
     595059291,
     -895308070,
     -1835794635,
     158458944,
     1438489791,
     1256182922,
     -59497395,
     -1202496913,
     1485001251,
     -158794890,
     -1443328035,
     998732669,
     913103139,
     -1067477568,
     308590336,
     2113020144,
     82458760,
     1223452683,
     1377342147,
     830520565,
     -579039603,
     -973984018,
     325948846,
     -1056259624,
     -1838800243,
     1631847835,
     -1035775179,
     1518950904,
     -1526732923,
     -1527769998,
     -1984892586,
     1697731058,
     -605350695,
     2135101135,
     541424829,
     -616550649,
     -1840456319,
     1262632142,
     -1829530379,
     -1501157151,
     1804211792,
     1327249399,
     683192269,
     1719841209,
     -14407205,
     425108313,
     585282775,
     414730225,
     -1150303341,
     1548817833,
     1571755959,
     -93332704,
     1425084639,
     -2142034960,
     1171056734,
     1219395553,
     -911398373,
     1935799996,
     -167475191,
     988337301,
     613240086,
     716665148,
     879766989,
     1539657285,
     967842121,
     -1323441084,
     -1248521685,
     1315719976,
     -1390990613,
     1936239405,
     1116287774,
     1955772822,
     426606866,
     -1064661178,
     1555290021,
     225930680,
     -1212507611,
     -16344479,
     -418330782,
     2137205049,
     1327364896,
     1983460931,
     -1682533225,
     -1715700375,
     -660771490,
     73280011,
     1750934557,
     -1222112989,
     -196189566,
     940096585,
     1120641778,
     1963373077,
     -1799626117,
     -445229990,
     2019343818,
     -100474289,
     -1580175291,
     525479513,
     628498576,
     495551807,
     -1195293991,
     -1963217190,
     -1642835468,
     -1666938754,
     258049398,
     -1775358034,
     93191472,
     813603610,
     -535310649,
     -1738267357,
     -245875083,
     756496865,
     1932620841,
     1886811196,
     -1317487234,
     2014624109,
     1063616586,
     1389750369,
     -1011512520,
     610650190,
     -1333940780,
     191705382,
     1864709158,
     -2055409970,
     1469009247,
     -1164899690,
     1093846402,
     -1678869772,
     1594166894,
     614715123,
     -2003521414,
     -1245392592,
     614869435,
     -570631060,
     698065195,
     -1241943544,
     -647062206,
     538768749,
     -6883765,
     -1903824846,
     873045881,
     807152799,
     1644878692,
     -1890033390,
     1756443805,
     -1475170147,
     1323359887,
     524078516,
     1584222937,
     446716167,
     -666445035,
     -546169171,
     1685620929,
     1527229503,
     -1667334948,
     1234653590,
     1447350209,
     654863534,
     -495108978,
     -947542305,
     -340076670,
     -1060225256,
     -381891346,
     1307568897,
     250887058,
     -713302005,
     1695960232,
     1850914667,
     -645151035,
     5309664,
     -823856435,
     282974202,
     -414411725,
     1865349456,
     467733723,
     -118716705,
     764569769,
     1399487768,
     447825503,
     -61366895,
     -1999449965,
     -327818020,
     -1649996706,
     492686966,
     -2116370970,
     870965933,
     -412785296,
     -1140360255,
     -38504828,
     -858268201,
     1935813671,
     954055032,
     993381955,
     676652594,
     2102993924,
     -1666384478,
     499276513,
     1852350019,
     -2128588939,
     448165943,
     2057270914,
     1231085859,
     -831955787,
     2004695179,
     1748023955,
     -390239093,
     -326052559,
     608086175,
     684446173,
     -1580498903,
     -474668858,
     -538373217,
     492293415,
     1452377203,
     -681518487,
     -1233350622,
     -414350544,
     -896148257,
     675373706,
     -784566305,
     -1372685955,
     2000248981,
     797939010,
     236836787,
     760070695,
     -710818054,
     1317830179,
     433146889,
     -1513976691,
     1169276039,
     1893292194,
     109663090,
     -2026505015,
     -48471253,
     -116621269,
     -2069288930,
     -1819499451,
     1612187966,
     237880053,
     724251314,
     -1072766588,
     1860058517,
     -1513886827,
     -1827387286,
     1730516399,
     -1054031716,
     383895251,
     1218933440,
     250479753,
     852129374,
     -294285100,
     -1091104360,
     -280990496,
     -475536678,
     89434893,
     1255153965,
     220138744,
     1912160740,
     631590082,
     -431485070,
     1199716800,
     1093509643,
     1522383130,
     1883596956,
     -319698063,
     -1489328669,
     -1930061167,
     -1983243366,
     1071420741,
     1506655819,
     -1631573434,
     -1053492001,
     -119522811,
     1763878925,
     -387694949,
     -429714402,
     2135843613,
     21714942,
     -1966462022,
     -1975481726,
     521147630,
     1816842889,
     -1021906285,
     -1085327188,
     1847370488,
     787877113,
     -252420588,
     703952842,
     1564277975,
     551133441,
     -1060620132,
     -1364700526,
     248963457,
     1179710918,
     1883392494,
     -408064335,
